Time,,1,2,3,4,5,6,7,8,9,10,11,12,13,14,15,16,17,18,19,20,21,22,23,24,25,26,27,28,29,30,31,32,33,34,35,36,37,38,39,40,41,42,43,44,45,46,47,48,49,50,51,52,53,54,55,56,57,58,59,60,61,62,63,64,65,66,67,68,69,70,71,72,73,74,75,76,77,78,79,80,81,82,83,84,85,86,87,88,89,90,91,92,93,94,95,96,97,98,99,100,101,102,103,104,105,106,107,108,109,110,111,112,113,114,115,116,117,118,119,120,121,122,123,124,125,126,127,128,129,130,131,132,133,134,135,136,137,138,139,140,141,142,143,144,145,146,147,148,149,150,151,152,153,154,155,156,157,158,159,160,161,162,163,164,165,166,167,168,169,170,171,172,173,174,175,176,177,178,179,180,181,182,183,184,185,186,187,188,189,190,191,192,193,194,195,196,197,198,199,200,201,202,203,204,205,206,207,208,209,210,211,212,213,214,215,216,217,218,219,220,221,222,223,224,225,226,227,228,229,230,231,232,233,234,235,236,237,238,239,240,241,242,243,244,245,246,247,248,249,250,251,252,253,254,255,256,257,258,259,260,261,262,263,264,265,266,267,268,269,270,271,272,273,274,275,276,277,278,279,280,281,282,283,284,285,286,287,288,289,290,291,292,293,294,295,296,297,298,299,300,301,302,303,304,305,306,307,308,309,310,311,312,313,314,315,316,317,318,319,320,321,322,323,324,325,326,327,328,329,330,331,332,333,334,335,336,337,338,339,340,341,342,343,344,345,346,347,348,349,350,351,352,353,354,355,356,357,358,359,360,361,362,363,364,365,366,367,368,369,370,371,372,373,374,375,376,377,378,379,380,381,382,383,384,385,386,387,388,389,390,391,392,393,394,395,396,397,398,399,400,401,402,403,404,405,406,407,408,409,410,411,412,413,414,415,416,417,418,419,420,421,422,423,424,425,426,427,428,429,430,431,432,433,434,435,436,437,438,439,440,441,442,443,444,445,446,447,448,449,450,451,452,453,454,455,456,457,458,459,460,461,462,463,464,465,466,467,468,469,470,471,472,473,474,475,476,477,478,479,480,481,482,483,484,485,486,487,488,489,490,491,492,493,494,495,496,497,498,499,500,501,502,503,504,505,506,507,508,509,510,511,512,513,514,515,516,517,518,519,520,521,522,523,524,525,526,527,528,529,530,531,532,533,534,535,536,537,538,539,540,541,542,543,544,545,546,547,548,549,550,551,552,553,554,555,556,557,558,559,560,561,562,563,564,565,566,567,568,569,570,571,572,573,574,575,576,577,578,579,580,581,582,583,584,585,586,587,588,589,590,591,592,593,594,595,596,597,598,599,600,601,602,603,604,605,606,607,608,609,610,611,612,613,614,615,616,617,618,619,620,621,622,623,624,625,626,627,628,629,630,631,632,633,634,635,636,637,638,639,640,641,642,643,644,645,646,647,648,649,650,651,652,653,654,655,656,657,658,659,660,661,662,663,664,665,666,667,668,669,670,671,672,673,674,675,676,677,678,679,680,681,682,683,684,685,686,687,688,689,690,691,692,693,694,695,696,697,698,699,700,701,702,703,704,705,706,707,708,709,710,711,712,713,714,715,716,717,718,719,720,721,722,723,724,725,726,727,728,729,730
DataConstants,Afghanistan,38928346.00,0.0233,886592.00,60.00,652860.00,-62920.00,4.60,18.00,33.00,0.00,0.5,0.2823599642,,,,5.5,29.8,23.9,,,,,,,,,,,,,,,,,,,,,,,,,,,,,,,,,,,,,,,,,,,,,,,,,,,,,,,,,,,,,,,,,,,,,,,,,,,,,,,,,,,,,,,,,,,,,,,,,,,,,,,,,,,,,,,,,,,,,,,,,,,,,,,,,,,,,,,,,,,,,,,,,,,,,,,,,,,,,,,,,,,,,,,,,,,,,,,,,,,,,,,,,,,,,,,,,,,,,,,,,,,,,,,,,,,,,,,,,,,,,,,,,,,,,,,,,,,,,,,,,,,,,,,,,,,,,,,,,,,,,,,,,,,,,,,,,,,,,,,,,,,,,,,,,,,,,,,,,,,,,,,,,,,,,,,,,,,,,,,,,,,,,,,,,,,,,,,,,,,,,,,,,,,,,,,,,,,,,,,,,,,,,,,,,,,,,,,,,,,,,,,,,,,,,,,,,,,,,,,,,,,,,,,,,,,,,,,,,,,,,,,,,,,,,,,,,,,,,,,,,,,,,,,,,,,,,,,,,,,,,,,,,,,,,,,,,,,,,,,,,,,,,,,,,,,,,,,,,,,,,,,,,,,,,,,,,,,,,,,,,,,,,,,,,,,,,,,,,,,,,,,,,,,,,,,,,,,,,,,,,,,,,,,,,,,,,,,,,,,,,,,,,,,,,,,,,,,,,,,,,,,,,,,,,,,,,,,,,,,,,,,,,,,,,,,,,,,,,,,,,,,,,,,,,,,,,,,,,,,,,,,,,,,,,,,,,,,,,,,,,,,,,,,,,,,,,,,,,,,,,,,,,,,,,,,,
DataConstants,Albania,2877797.00,-0.0011,-3120.00,105.00,27400.00,-14000.00,1.60,36.00,47.00,0.00,2.9,1.234603522,,,,21.7,17,11,,,,,,,,,,,,,,,,,,,,,,,,,,,,,,,,,,,,,,,,,,,,,,,,,,,,,,,,,,,,,,,,,,,,,,,,,,,,,,,,,,,,,,,,,,,,,,,,,,,,,,,,,,,,,,,,,,,,,,,,,,,,,,,,,,,,,,,,,,,,,,,,,,,,,,,,,,,,,,,,,,,,,,,,,,,,,,,,,,,,,,,,,,,,,,,,,,,,,,,,,,,,,,,,,,,,,,,,,,,,,,,,,,,,,,,,,,,,,,,,,,,,,,,,,,,,,,,,,,,,,,,,,,,,,,,,,,,,,,,,,,,,,,,,,,,,,,,,,,,,,,,,,,,,,,,,,,,,,,,,,,,,,,,,,,,,,,,,,,,,,,,,,,,,,,,,,,,,,,,,,,,,,,,,,,,,,,,,,,,,,,,,,,,,,,,,,,,,,,,,,,,,,,,,,,,,,,,,,,,,,,,,,,,,,,,,,,,,,,,,,,,,,,,,,,,,,,,,,,,,,,,,,,,,,,,,,,,,,,,,,,,,,,,,,,,,,,,,,,,,,,,,,,,,,,,,,,,,,,,,,,,,,,,,,,,,,,,,,,,,,,,,,,,,,,,,,,,,,,,,,,,,,,,,,,,,,,,,,,,,,,,,,,,,,,,,,,,,,,,,,,,,,,,,,,,,,,,,,,,,,,,,,,,,,,,,,,,,,,,,,,,,,,,,,,,,,,,,,,,,,,,,,,,,,,,,,,,,,,,,,,,,,,,,,,,,,,,,,,,,,,,,,,,,,,,,
DataConstants,Algeria,43851044.00,0.018500000000000003,797990.00,18.00,2381740.00,-10000.00,3.10,29.00,34.00,0.00,1.9,0.636089278,,,,27.4,14.2,15.35,,,,,,,,,,,,,,,,,,,,,,,,,,,,,,,,,,,,,,,,,,,,,,,,,,,,,,,,,,,,,,,,,,,,,,,,,,,,,,,,,,,,,,,,,,,,,,,,,,,,,,,,,,,,,,,,,,,,,,,,,,,,,,,,,,,,,,,,,,,,,,,,,,,,,,,,,,,,,,,,,,,,,,,,,,,,,,,,,,,,,,,,,,,,,,,,,,,,,,,,,,,,,,,,,,,,,,,,,,,,,,,,,,,,,,,,,,,,,,,,,,,,,,,,,,,,,,,,,,,,,,,,,,,,,,,,,,,,,,,,,,,,,,,,,,,,,,,,,,,,,,,,,,,,,,,,,,,,,,,,,,,,,,,,,,,,,,,,,,,,,,,,,,,,,,,,,,,,,,,,,,,,,,,,,,,,,,,,,,,,,,,,,,,,,,,,,,,,,,,,,,,,,,,,,,,,,,,,,,,,,,,,,,,,,,,,,,,,,,,,,,,,,,,,,,,,,,,,,,,,,,,,,,,,,,,,,,,,,,,,,,,,,,,,,,,,,,,,,,,,,,,,,,,,,,,,,,,,,,,,,,,,,,,,,,,,,,,,,,,,,,,,,,,,,,,,,,,,,,,,,,,,,,,,,,,,,,,,,,,,,,,,,,,,,,,,,,,,,,,,,,,,,,,,,,,,,,,,,,,,,,,,,,,,,,,,,,,,,,,,,,,,,,,,,,,,,,,,,,,,,,,,,,,,,,,,,,,,,,,,,,,,,,,,,,,,,,,,,,,,,,,,,,,,,,,,
DataConstants,Andorra,77265.00,0.0016,123.00,164.00,470.00,,,,40.00,0.00,2.5,#VALUE!,,,,25.6,,,,,,,,,,,,,,,,,,,,,,,,,,,,,,,,,,,,,,,,,,,,,,,,,,,,,,,,,,,,,,,,,,,,,,,,,,,,,,,,,,,,,,,,,,,,,,,,,,,,,,,,,,,,,,,,,,,,,,,,,,,,,,,,,,,,,,,,,,,,,,,,,,,,,,,,,,,,,,,,,,,,,,,,,,,,,,,,,,,,,,,,,,,,,,,,,,,,,,,,,,,,,,,,,,,,,,,,,,,,,,,,,,,,,,,,,,,,,,,,,,,,,,,,,,,,,,,,,,,,,,,,,,,,,,,,,,,,,,,,,,,,,,,,,,,,,,,,,,,,,,,,,,,,,,,,,,,,,,,,,,,,,,,,,,,,,,,,,,,,,,,,,,,,,,,,,,,,,,,,,,,,,,,,,,,,,,,,,,,,,,,,,,,,,,,,,,,,,,,,,,,,,,,,,,,,,,,,,,,,,,,,,,,,,,,,,,,,,,,,,,,,,,,,,,,,,,,,,,,,,,,,,,,,,,,,,,,,,,,,,,,,,,,,,,,,,,,,,,,,,,,,,,,,,,,,,,,,,,,,,,,,,,,,,,,,,,,,,,,,,,,,,,,,,,,,,,,,,,,,,,,,,,,,,,,,,,,,,,,,,,,,,,,,,,,,,,,,,,,,,,,,,,,,,,,,,,,,,,,,,,,,,,,,,,,,,,,,,,,,,,,,,,,,,,,,,,,,,,,,,,,,,,,,,,,,,,,,,,,,,,,,,,,,,,,,,,,,,,,,,,,,,,,,,,,,,,
DataConstants,Angola,32866272.00,0.0327,1040977.00,26.00,1246700.00,6413.00,5.60,17.00,58.00,0.00,0.8,0.2612675356,,,,8.2,16.5,45,,,,,,,,,,,,,,,,,,,,,,,,,,,,,,,,,,,,,,,,,,,,,,,,,,,,,,,,,,,,,,,,,,,,,,,,,,,,,,,,,,,,,,,,,,,,,,,,,,,,,,,,,,,,,,,,,,,,,,,,,,,,,,,,,,,,,,,,,,,,,,,,,,,,,,,,,,,,,,,,,,,,,,,,,,,,,,,,,,,,,,,,,,,,,,,,,,,,,,,,,,,,,,,,,,,,,,,,,,,,,,,,,,,,,,,,,,,,,,,,,,,,,,,,,,,,,,,,,,,,,,,,,,,,,,,,,,,,,,,,,,,,,,,,,,,,,,,,,,,,,,,,,,,,,,,,,,,,,,,,,,,,,,,,,,,,,,,,,,,,,,,,,,,,,,,,,,,,,,,,,,,,,,,,,,,,,,,,,,,,,,,,,,,,,,,,,,,,,,,,,,,,,,,,,,,,,,,,,,,,,,,,,,,,,,,,,,,,,,,,,,,,,,,,,,,,,,,,,,,,,,,,,,,,,,,,,,,,,,,,,,,,,,,,,,,,,,,,,,,,,,,,,,,,,,,,,,,,,,,,,,,,,,,,,,,,,,,,,,,,,,,,,,,,,,,,,,,,,,,,,,,,,,,,,,,,,,,,,,,,,,,,,,,,,,,,,,,,,,,,,,,,,,,,,,,,,,,,,,,,,,,,,,,,,,,,,,,,,,,,,,,,,,,,,,,,,,,,,,,,,,,,,,,,,,,,,,,,,,,,,,,,,,,,,,,,,,,,,,,,,,,,,,,,,,,,
DataConstants,Antigua,97929.00,0.0084,811.00,223.00,440.00,0.00,2.00,34.00,51.00,0.00,3.8,0.8621364375,,,,18.9,22.6,8.4,,,,,,,,,,,,,,,,,,,,,,,,,,,,,,,,,,,,,,,,,,,,,,,,,,,,,,,,,,,,,,,,,,,,,,,,,,,,,,,,,,,,,,,,,,,,,,,,,,,,,,,,,,,,,,,,,,,,,,,,,,,,,,,,,,,,,,,,,,,,,,,,,,,,,,,,,,,,,,,,,,,,,,,,,,,,,,,,,,,,,,,,,,,,,,,,,,,,,,,,,,,,,,,,,,,,,,,,,,,,,,,,,,,,,,,,,,,,,,,,,,,,,,,,,,,,,,,,,,,,,,,,,,,,,,,,,,,,,,,,,,,,,,,,,,,,,,,,,,,,,,,,,,,,,,,,,,,,,,,,,,,,,,,,,,,,,,,,,,,,,,,,,,,,,,,,,,,,,,,,,,,,,,,,,,,,,,,,,,,,,,,,,,,,,,,,,,,,,,,,,,,,,,,,,,,,,,,,,,,,,,,,,,,,,,,,,,,,,,,,,,,,,,,,,,,,,,,,,,,,,,,,,,,,,,,,,,,,,,,,,,,,,,,,,,,,,,,,,,,,,,,,,,,,,,,,,,,,,,,,,,,,,,,,,,,,,,,,,,,,,,,,,,,,,,,,,,,,,,,,,,,,,,,,,,,,,,,,,,,,,,,,,,,,,,,,,,,,,,,,,,,,,,,,,,,,,,,,,,,,,,,,,,,,,,,,,,,,,,,,,,,,,,,,,,,,,,,,,,,,,,,,,,,,,,,,,,,,,,,,,,,,,,,,,,,,,,,,,,,,,,,,,,,,,,,,
DataConstants,Argentina,45195774.00,0.009300000000000001,415097.00,17.00,2736690.00,4800.00,2.30,32.00,41.00,0.00,5,1.022816967,,,,28.3,15.8,11.45,,,,,,,,,,,,,,,,,,,,,,,,,,,,,,,,,,,,,,,,,,,,,,,,,,,,,,,,,,,,,,,,,,,,,,,,,,,,,,,,,,,,,,,,,,,,,,,,,,,,,,,,,,,,,,,,,,,,,,,,,,,,,,,,,,,,,,,,,,,,,,,,,,,,,,,,,,,,,,,,,,,,,,,,,,,,,,,,,,,,,,,,,,,,,,,,,,,,,,,,,,,,,,,,,,,,,,,,,,,,,,,,,,,,,,,,,,,,,,,,,,,,,,,,,,,,,,,,,,,,,,,,,,,,,,,,,,,,,,,,,,,,,,,,,,,,,,,,,,,,,,,,,,,,,,,,,,,,,,,,,,,,,,,,,,,,,,,,,,,,,,,,,,,,,,,,,,,,,,,,,,,,,,,,,,,,,,,,,,,,,,,,,,,,,,,,,,,,,,,,,,,,,,,,,,,,,,,,,,,,,,,,,,,,,,,,,,,,,,,,,,,,,,,,,,,,,,,,,,,,,,,,,,,,,,,,,,,,,,,,,,,,,,,,,,,,,,,,,,,,,,,,,,,,,,,,,,,,,,,,,,,,,,,,,,,,,,,,,,,,,,,,,,,,,,,,,,,,,,,,,,,,,,,,,,,,,,,,,,,,,,,,,,,,,,,,,,,,,,,,,,,,,,,,,,,,,,,,,,,,,,,,,,,,,,,,,,,,,,,,,,,,,,,,,,,,,,,,,,,,,,,,,,,,,,,,,,,,,,,,,,,,,,,,,,,,,,,,,,,,,,,,,,,,,,,,
DataConstants,Armenia,2963243.00,0.0019,5512.00,104.00,28470.00,-4998.00,1.80,35.00,39.00,0.00,4.2,1.12725102,,,,20.2,22.3,29.95,,,,,,,,,,,,,,,,,,,,,,,,,,,,,,,,,,,,,,,,,,,,,,,,,,,,,,,,,,,,,,,,,,,,,,,,,,,,,,,,,,,,,,,,,,,,,,,,,,,,,,,,,,,,,,,,,,,,,,,,,,,,,,,,,,,,,,,,,,,,,,,,,,,,,,,,,,,,,,,,,,,,,,,,,,,,,,,,,,,,,,,,,,,,,,,,,,,,,,,,,,,,,,,,,,,,,,,,,,,,,,,,,,,,,,,,,,,,,,,,,,,,,,,,,,,,,,,,,,,,,,,,,,,,,,,,,,,,,,,,,,,,,,,,,,,,,,,,,,,,,,,,,,,,,,,,,,,,,,,,,,,,,,,,,,,,,,,,,,,,,,,,,,,,,,,,,,,,,,,,,,,,,,,,,,,,,,,,,,,,,,,,,,,,,,,,,,,,,,,,,,,,,,,,,,,,,,,,,,,,,,,,,,,,,,,,,,,,,,,,,,,,,,,,,,,,,,,,,,,,,,,,,,,,,,,,,,,,,,,,,,,,,,,,,,,,,,,,,,,,,,,,,,,,,,,,,,,,,,,,,,,,,,,,,,,,,,,,,,,,,,,,,,,,,,,,,,,,,,,,,,,,,,,,,,,,,,,,,,,,,,,,,,,,,,,,,,,,,,,,,,,,,,,,,,,,,,,,,,,,,,,,,,,,,,,,,,,,,,,,,,,,,,,,,,,,,,,,,,,,,,,,,,,,,,,,,,,,,,,,,,,,,,,,,,,,,,,,,,,,,,,,,,,,,,,,
DataConstants,Australia,25499884.00,0.0118,296686.00,3.00,7682300.00,158246.00,1.80,38.00,4.00,0.00,3.8,1.409942626,,,,29,9.1,6.65,,,,,,,,,,,,,,,,,,,,,,,,,,,,,,,,,,,,,,,,,,,,,,,,,,,,,,,,,,,,,,,,,,,,,,,,,,,,,,,,,,,,,,,,,,,,,,,,,,,,,,,,,,,,,,,,,,,,,,,,,,,,,,,,,,,,,,,,,,,,,,,,,,,,,,,,,,,,,,,,,,,,,,,,,,,,,,,,,,,,,,,,,,,,,,,,,,,,,,,,,,,,,,,,,,,,,,,,,,,,,,,,,,,,,,,,,,,,,,,,,,,,,,,,,,,,,,,,,,,,,,,,,,,,,,,,,,,,,,,,,,,,,,,,,,,,,,,,,,,,,,,,,,,,,,,,,,,,,,,,,,,,,,,,,,,,,,,,,,,,,,,,,,,,,,,,,,,,,,,,,,,,,,,,,,,,,,,,,,,,,,,,,,,,,,,,,,,,,,,,,,,,,,,,,,,,,,,,,,,,,,,,,,,,,,,,,,,,,,,,,,,,,,,,,,,,,,,,,,,,,,,,,,,,,,,,,,,,,,,,,,,,,,,,,,,,,,,,,,,,,,,,,,,,,,,,,,,,,,,,,,,,,,,,,,,,,,,,,,,,,,,,,,,,,,,,,,,,,,,,,,,,,,,,,,,,,,,,,,,,,,,,,,,,,,,,,,,,,,,,,,,,,,,,,,,,,,,,,,,,,,,,,,,,,,,,,,,,,,,,,,,,,,,,,,,,,,,,,,,,,,,,,,,,,,,,,,,,,,,,,,,,,,,,,,,,,,,,,,,,,,,,,,,,,,,,
DataConstants,Austria,9006398.00,0.005699999999999999,51296.00,109.00,82409.00,65000.00,1.50,43.00,34.00,0.00,7.6,1.744337214,153,222,300,20.1,11.4,14.25,,,,,,,,,,,,,,,,,,,,,,,,,,,,,,,,,,,,,,,,,,,,,,,,,,,,,,,,,,,,,,,,,,,,,,,,,,,,,,,,,,,,,,,,,,,,,,,,,,,,,,,,,,,,,,,,,,,,,,,,,,,,,,,,,,,,,,,,,,,,,,,,,,,,,,,,,,,,,,,,,,,,,,,,,,,,,,,,,,,,,,,,,,,,,,,,,,,,,,,,,,,,,,,,,,,,,,,,,,,,,,,,,,,,,,,,,,,,,,,,,,,,,,,,,,,,,,,,,,,,,,,,,,,,,,,,,,,,,,,,,,,,,,,,,,,,,,,,,,,,,,,,,,,,,,,,,,,,,,,,,,,,,,,,,,,,,,,,,,,,,,,,,,,,,,,,,,,,,,,,,,,,,,,,,,,,,,,,,,,,,,,,,,,,,,,,,,,,,,,,,,,,,,,,,,,,,,,,,,,,,,,,,,,,,,,,,,,,,,,,,,,,,,,,,,,,,,,,,,,,,,,,,,,,,,,,,,,,,,,,,,,,,,,,,,,,,,,,,,,,,,,,,,,,,,,,,,,,,,,,,,,,,,,,,,,,,,,,,,,,,,,,,,,,,,,,,,,,,,,,,,,,,,,,,,,,,,,,,,,,,,,,,,,,,,,,,,,,,,,,,,,,,,,,,,,,,,,,,,,,,,,,,,,,,,,,,,,,,,,,,,,,,,,,,,,,,,,,,,,,,,,,,,,,,,,,,,,,,,,,,,,,,,,,,,,,,,,,,,,,,,,,,,,,,,,,
DataConstants,Azerbaijan,10139177.00,0.0091,91459.00,123.00,82658.00,1200.00,2.10,32.00,39.00,0.00,4.7,0.6987364441,,,,19.9,22.2,45,,,,,,,,,,,,,,,,,,,,,,,,,,,,,,,,,,,,,,,,,,,,,,,,,,,,,,,,,,,,,,,,,,,,,,,,,,,,,,,,,,,,,,,,,,,,,,,,,,,,,,,,,,,,,,,,,,,,,,,,,,,,,,,,,,,,,,,,,,,,,,,,,,,,,,,,,,,,,,,,,,,,,,,,,,,,,,,,,,,,,,,,,,,,,,,,,,,,,,,,,,,,,,,,,,,,,,,,,,,,,,,,,,,,,,,,,,,,,,,,,,,,,,,,,,,,,,,,,,,,,,,,,,,,,,,,,,,,,,,,,,,,,,,,,,,,,,,,,,,,,,,,,,,,,,,,,,,,,,,,,,,,,,,,,,,,,,,,,,,,,,,,,,,,,,,,,,,,,,,,,,,,,,,,,,,,,,,,,,,,,,,,,,,,,,,,,,,,,,,,,,,,,,,,,,,,,,,,,,,,,,,,,,,,,,,,,,,,,,,,,,,,,,,,,,,,,,,,,,,,,,,,,,,,,,,,,,,,,,,,,,,,,,,,,,,,,,,,,,,,,,,,,,,,,,,,,,,,,,,,,,,,,,,,,,,,,,,,,,,,,,,,,,,,,,,,,,,,,,,,,,,,,,,,,,,,,,,,,,,,,,,,,,,,,,,,,,,,,,,,,,,,,,,,,,,,,,,,,,,,,,,,,,,,,,,,,,,,,,,,,,,,,,,,,,,,,,,,,,,,,,,,,,,,,,,,,,,,,,,,,,,,,,,,,,,,,,,,,,,,,,,,,,,,,,,,
DataConstants,Bahamas,393244.00,0.0097,3762.00,39.00,10010.00,1000.00,1.80,32.00,54.00,0.00,#N/A,0.7378370311,,,,31.6,15.5,13.95,,,,,,,,,,,,,,,,,,,,,,,,,,,,,,,,,,,,,,,,,,,,,,,,,,,,,,,,,,,,,,,,,,,,,,,,,,,,,,,,,,,,,,,,,,,,,,,,,,,,,,,,,,,,,,,,,,,,,,,,,,,,,,,,,,,,,,,,,,,,,,,,,,,,,,,,,,,,,,,,,,,,,,,,,,,,,,,,,,,,,,,,,,,,,,,,,,,,,,,,,,,,,,,,,,,,,,,,,,,,,,,,,,,,,,,,,,,,,,,,,,,,,,,,,,,,,,,,,,,,,,,,,,,,,,,,,,,,,,,,,,,,,,,,,,,,,,,,,,,,,,,,,,,,,,,,,,,,,,,,,,,,,,,,,,,,,,,,,,,,,,,,,,,,,,,,,,,,,,,,,,,,,,,,,,,,,,,,,,,,,,,,,,,,,,,,,,,,,,,,,,,,,,,,,,,,,,,,,,,,,,,,,,,,,,,,,,,,,,,,,,,,,,,,,,,,,,,,,,,,,,,,,,,,,,,,,,,,,,,,,,,,,,,,,,,,,,,,,,,,,,,,,,,,,,,,,,,,,,,,,,,,,,,,,,,,,,,,,,,,,,,,,,,,,,,,,,,,,,,,,,,,,,,,,,,,,,,,,,,,,,,,,,,,,,,,,,,,,,,,,,,,,,,,,,,,,,,,,,,,,,,,,,,,,,,,,,,,,,,,,,,,,,,,,,,,,,,,,,,,,,,,,,,,,,,,,,,,,,,,,,,,,,,,,,,,,,,,,,,,,,,,,,,,,,,,
DataConstants,Bahrain,1701575.00,0.0368,60403.00,2239.00,760.00,47800.00,2.00,32.00,33.00,0.00,2,0.3758829967,,,,29.8,11.3,12.05,,,,,,,,,,,,,,,,,,,,,,,,,,,,,,,,,,,,,,,,,,,,,,,,,,,,,,,,,,,,,,,,,,,,,,,,,,,,,,,,,,,,,,,,,,,,,,,,,,,,,,,,,,,,,,,,,,,,,,,,,,,,,,,,,,,,,,,,,,,,,,,,,,,,,,,,,,,,,,,,,,,,,,,,,,,,,,,,,,,,,,,,,,,,,,,,,,,,,,,,,,,,,,,,,,,,,,,,,,,,,,,,,,,,,,,,,,,,,,,,,,,,,,,,,,,,,,,,,,,,,,,,,,,,,,,,,,,,,,,,,,,,,,,,,,,,,,,,,,,,,,,,,,,,,,,,,,,,,,,,,,,,,,,,,,,,,,,,,,,,,,,,,,,,,,,,,,,,,,,,,,,,,,,,,,,,,,,,,,,,,,,,,,,,,,,,,,,,,,,,,,,,,,,,,,,,,,,,,,,,,,,,,,,,,,,,,,,,,,,,,,,,,,,,,,,,,,,,,,,,,,,,,,,,,,,,,,,,,,,,,,,,,,,,,,,,,,,,,,,,,,,,,,,,,,,,,,,,,,,,,,,,,,,,,,,,,,,,,,,,,,,,,,,,,,,,,,,,,,,,,,,,,,,,,,,,,,,,,,,,,,,,,,,,,,,,,,,,,,,,,,,,,,,,,,,,,,,,,,,,,,,,,,,,,,,,,,,,,,,,,,,,,,,,,,,,,,,,,,,,,,,,,,,,,,,,,,,,,,,,,,,,,,,,,,,,,,,,,,,,,,,,,,,,,,,,
DataConstants,Bangladesh,164689383.00,0.0101,1643222.00,1265.00,130170.00,-369501.00,2.10,28.00,46.00,0.00,0.8,0.5451530528,,,,3.6,21.6,25.5,,,,,,,,,,,,,,,,,,,,,,,,,,,,,,,,,,,,,,,,,,,,,,,,,,,,,,,,,,,,,,,,,,,,,,,,,,,,,,,,,,,,,,,,,,,,,,,,,,,,,,,,,,,,,,,,,,,,,,,,,,,,,,,,,,,,,,,,,,,,,,,,,,,,,,,,,,,,,,,,,,,,,,,,,,,,,,,,,,,,,,,,,,,,,,,,,,,,,,,,,,,,,,,,,,,,,,,,,,,,,,,,,,,,,,,,,,,,,,,,,,,,,,,,,,,,,,,,,,,,,,,,,,,,,,,,,,,,,,,,,,,,,,,,,,,,,,,,,,,,,,,,,,,,,,,,,,,,,,,,,,,,,,,,,,,,,,,,,,,,,,,,,,,,,,,,,,,,,,,,,,,,,,,,,,,,,,,,,,,,,,,,,,,,,,,,,,,,,,,,,,,,,,,,,,,,,,,,,,,,,,,,,,,,,,,,,,,,,,,,,,,,,,,,,,,,,,,,,,,,,,,,,,,,,,,,,,,,,,,,,,,,,,,,,,,,,,,,,,,,,,,,,,,,,,,,,,,,,,,,,,,,,,,,,,,,,,,,,,,,,,,,,,,,,,,,,,,,,,,,,,,,,,,,,,,,,,,,,,,,,,,,,,,,,,,,,,,,,,,,,,,,,,,,,,,,,,,,,,,,,,,,,,,,,,,,,,,,,,,,,,,,,,,,,,,,,,,,,,,,,,,,,,,,,,,,,,,,,,,,,,,,,,,,,,,,,,,,,,,,,,,,,,,,,,,,
DataConstants,Barbados,287375.00,0.0012,350.00,668.00,430.00,-79.00,1.60,40.00,55.00,0.00,5.8,1.46111498,,,,23.1,16.2,7.8,,,,,,,,,,,,,,,,,,,,,,,,,,,,,,,,,,,,,,,,,,,,,,,,,,,,,,,,,,,,,,,,,,,,,,,,,,,,,,,,,,,,,,,,,,,,,,,,,,,,,,,,,,,,,,,,,,,,,,,,,,,,,,,,,,,,,,,,,,,,,,,,,,,,,,,,,,,,,,,,,,,,,,,,,,,,,,,,,,,,,,,,,,,,,,,,,,,,,,,,,,,,,,,,,,,,,,,,,,,,,,,,,,,,,,,,,,,,,,,,,,,,,,,,,,,,,,,,,,,,,,,,,,,,,,,,,,,,,,,,,,,,,,,,,,,,,,,,,,,,,,,,,,,,,,,,,,,,,,,,,,,,,,,,,,,,,,,,,,,,,,,,,,,,,,,,,,,,,,,,,,,,,,,,,,,,,,,,,,,,,,,,,,,,,,,,,,,,,,,,,,,,,,,,,,,,,,,,,,,,,,,,,,,,,,,,,,,,,,,,,,,,,,,,,,,,,,,,,,,,,,,,,,,,,,,,,,,,,,,,,,,,,,,,,,,,,,,,,,,,,,,,,,,,,,,,,,,,,,,,,,,,,,,,,,,,,,,,,,,,,,,,,,,,,,,,,,,,,,,,,,,,,,,,,,,,,,,,,,,,,,,,,,,,,,,,,,,,,,,,,,,,,,,,,,,,,,,,,,,,,,,,,,,,,,,,,,,,,,,,,,,,,,,,,,,,,,,,,,,,,,,,,,,,,,,,,,,,,,,,,,,,,,,,,,,,,,,,,,,,,,,,,,,,,,,,
DataConstants,Belarus,9449323.00,-0.0003,-3088.00,47.00,202910.00,8730.00,1.70,40.00,37.00,0.00,11,1.41534839,,,,24.5,23.7,25.45,,,,,,,,,,,,,,,,,,,,,,,,,,,,,,,,,,,,,,,,,,,,,,,,,,,,,,,,,,,,,,,,,,,,,,,,,,,,,,,,,,,,,,,,,,,,,,,,,,,,,,,,,,,,,,,,,,,,,,,,,,,,,,,,,,,,,,,,,,,,,,,,,,,,,,,,,,,,,,,,,,,,,,,,,,,,,,,,,,,,,,,,,,,,,,,,,,,,,,,,,,,,,,,,,,,,,,,,,,,,,,,,,,,,,,,,,,,,,,,,,,,,,,,,,,,,,,,,,,,,,,,,,,,,,,,,,,,,,,,,,,,,,,,,,,,,,,,,,,,,,,,,,,,,,,,,,,,,,,,,,,,,,,,,,,,,,,,,,,,,,,,,,,,,,,,,,,,,,,,,,,,,,,,,,,,,,,,,,,,,,,,,,,,,,,,,,,,,,,,,,,,,,,,,,,,,,,,,,,,,,,,,,,,,,,,,,,,,,,,,,,,,,,,,,,,,,,,,,,,,,,,,,,,,,,,,,,,,,,,,,,,,,,,,,,,,,,,,,,,,,,,,,,,,,,,,,,,,,,,,,,,,,,,,,,,,,,,,,,,,,,,,,,,,,,,,,,,,,,,,,,,,,,,,,,,,,,,,,,,,,,,,,,,,,,,,,,,,,,,,,,,,,,,,,,,,,,,,,,,,,,,,,,,,,,,,,,,,,,,,,,,,,,,,,,,,,,,,,,,,,,,,,,,,,,,,,,,,,,,,,,,,,,,,,,,,,,,,,,,,,,,,,,,,,,,,
DataConstants,Belgium,11589623.00,0.0044,50295.00,383.00,30280.00,48000.00,1.70,42.00,13.00,0.00,6.2,1.720525321,153,194,400,22.1,11.4,10.75,,,,,,,,,,,,,,,,,,,,,,,,,,,,,,,,,,,,,,,,,,,,,,,,,,,,,,,,,,,,,,,,,,,,,,,,,,,,,,,,,,,,,,,,,,,,,,,,,,,,,,,,,,,,,,,,,,,,,,,,,,,,,,,,,,,,,,,,,,,,,,,,,,,,,,,,,,,,,,,,,,,,,,,,,,,,,,,,,,,,,,,,,,,,,,,,,,,,,,,,,,,,,,,,,,,,,,,,,,,,,,,,,,,,,,,,,,,,,,,,,,,,,,,,,,,,,,,,,,,,,,,,,,,,,,,,,,,,,,,,,,,,,,,,,,,,,,,,,,,,,,,,,,,,,,,,,,,,,,,,,,,,,,,,,,,,,,,,,,,,,,,,,,,,,,,,,,,,,,,,,,,,,,,,,,,,,,,,,,,,,,,,,,,,,,,,,,,,,,,,,,,,,,,,,,,,,,,,,,,,,,,,,,,,,,,,,,,,,,,,,,,,,,,,,,,,,,,,,,,,,,,,,,,,,,,,,,,,,,,,,,,,,,,,,,,,,,,,,,,,,,,,,,,,,,,,,,,,,,,,,,,,,,,,,,,,,,,,,,,,,,,,,,,,,,,,,,,,,,,,,,,,,,,,,,,,,,,,,,,,,,,,,,,,,,,,,,,,,,,,,,,,,,,,,,,,,,,,,,,,,,,,,,,,,,,,,,,,,,,,,,,,,,,,,,,,,,,,,,,,,,,,,,,,,,,,,,,,,,,,,,,,,,,,,,,,,,,,,,,,,,,,,,,,,,,,
DataConstants,Belize,397628.00,0.018600000000000002,7275.00,17.00,22810.00,1200.00,2.30,25.00,61.00,0.00,1.3,0.5067820781,,,,24.1,22.1,35.4,,,,,,,,,,,,,,,,,,,,,,,,,,,,,,,,,,,,,,,,,,,,,,,,,,,,,,,,,,,,,,,,,,,,,,,,,,,,,,,,,,,,,,,,,,,,,,,,,,,,,,,,,,,,,,,,,,,,,,,,,,,,,,,,,,,,,,,,,,,,,,,,,,,,,,,,,,,,,,,,,,,,,,,,,,,,,,,,,,,,,,,,,,,,,,,,,,,,,,,,,,,,,,,,,,,,,,,,,,,,,,,,,,,,,,,,,,,,,,,,,,,,,,,,,,,,,,,,,,,,,,,,,,,,,,,,,,,,,,,,,,,,,,,,,,,,,,,,,,,,,,,,,,,,,,,,,,,,,,,,,,,,,,,,,,,,,,,,,,,,,,,,,,,,,,,,,,,,,,,,,,,,,,,,,,,,,,,,,,,,,,,,,,,,,,,,,,,,,,,,,,,,,,,,,,,,,,,,,,,,,,,,,,,,,,,,,,,,,,,,,,,,,,,,,,,,,,,,,,,,,,,,,,,,,,,,,,,,,,,,,,,,,,,,,,,,,,,,,,,,,,,,,,,,,,,,,,,,,,,,,,,,,,,,,,,,,,,,,,,,,,,,,,,,,,,,,,,,,,,,,,,,,,,,,,,,,,,,,,,,,,,,,,,,,,,,,,,,,,,,,,,,,,,,,,,,,,,,,,,,,,,,,,,,,,,,,,,,,,,,,,,,,,,,,,,,,,,,,,,,,,,,,,,,,,,,,,,,,,,,,,,,,,,,,,,,,,,,,,,,,,,,,,,,,,,,
DataConstants,Benin,12123200.00,0.0273,322049.00,108.00,112760.00,-2000.00,4.90,19.00,54.00,0.00,0.5,0.3465658475,,,,9.6,19.6,49.2,,,,,,,,,,,,,,,,,,,,,,,,,,,,,,,,,,,,,,,,,,,,,,,,,,,,,,,,,,,,,,,,,,,,,,,,,,,,,,,,,,,,,,,,,,,,,,,,,,,,,,,,,,,,,,,,,,,,,,,,,,,,,,,,,,,,,,,,,,,,,,,,,,,,,,,,,,,,,,,,,,,,,,,,,,,,,,,,,,,,,,,,,,,,,,,,,,,,,,,,,,,,,,,,,,,,,,,,,,,,,,,,,,,,,,,,,,,,,,,,,,,,,,,,,,,,,,,,,,,,,,,,,,,,,,,,,,,,,,,,,,,,,,,,,,,,,,,,,,,,,,,,,,,,,,,,,,,,,,,,,,,,,,,,,,,,,,,,,,,,,,,,,,,,,,,,,,,,,,,,,,,,,,,,,,,,,,,,,,,,,,,,,,,,,,,,,,,,,,,,,,,,,,,,,,,,,,,,,,,,,,,,,,,,,,,,,,,,,,,,,,,,,,,,,,,,,,,,,,,,,,,,,,,,,,,,,,,,,,,,,,,,,,,,,,,,,,,,,,,,,,,,,,,,,,,,,,,,,,,,,,,,,,,,,,,,,,,,,,,,,,,,,,,,,,,,,,,,,,,,,,,,,,,,,,,,,,,,,,,,,,,,,,,,,,,,,,,,,,,,,,,,,,,,,,,,,,,,,,,,,,,,,,,,,,,,,,,,,,,,,,,,,,,,,,,,,,,,,,,,,,,,,,,,,,,,,,,,,,,,,,,,,,,,,,,,,,,,,,,,,,,,,,,,,,,,
DataConstants,Bhutan,771608.00,0.011200000000000002,8516.00,20.00,38117.00,320.00,2.00,28.00,44.00,0.00,1.7,0.5944350479,,,,6.4,23.3,33.95,,,,,,,,,,,,,,,,,,,,,,,,,,,,,,,,,,,,,,,,,,,,,,,,,,,,,,,,,,,,,,,,,,,,,,,,,,,,,,,,,,,,,,,,,,,,,,,,,,,,,,,,,,,,,,,,,,,,,,,,,,,,,,,,,,,,,,,,,,,,,,,,,,,,,,,,,,,,,,,,,,,,,,,,,,,,,,,,,,,,,,,,,,,,,,,,,,,,,,,,,,,,,,,,,,,,,,,,,,,,,,,,,,,,,,,,,,,,,,,,,,,,,,,,,,,,,,,,,,,,,,,,,,,,,,,,,,,,,,,,,,,,,,,,,,,,,,,,,,,,,,,,,,,,,,,,,,,,,,,,,,,,,,,,,,,,,,,,,,,,,,,,,,,,,,,,,,,,,,,,,,,,,,,,,,,,,,,,,,,,,,,,,,,,,,,,,,,,,,,,,,,,,,,,,,,,,,,,,,,,,,,,,,,,,,,,,,,,,,,,,,,,,,,,,,,,,,,,,,,,,,,,,,,,,,,,,,,,,,,,,,,,,,,,,,,,,,,,,,,,,,,,,,,,,,,,,,,,,,,,,,,,,,,,,,,,,,,,,,,,,,,,,,,,,,,,,,,,,,,,,,,,,,,,,,,,,,,,,,,,,,,,,,,,,,,,,,,,,,,,,,,,,,,,,,,,,,,,,,,,,,,,,,,,,,,,,,,,,,,,,,,,,,,,,,,,,,,,,,,,,,,,,,,,,,,,,,,,,,,,,,,,,,,,,,,,,,,,,,,,,,,,,,,,,,,,
DataConstants,Bolivia,11673021.00,0.0139,159921.00,11.00,1083300.00,-9504.00,2.80,26.00,49.00,0.00,1.1,0.6815573906,,,,20.2,17.2,41.95,,,,,,,,,,,,,,,,,,,,,,,,,,,,,,,,,,,,,,,,,,,,,,,,,,,,,,,,,,,,,,,,,,,,,,,,,,,,,,,,,,,,,,,,,,,,,,,,,,,,,,,,,,,,,,,,,,,,,,,,,,,,,,,,,,,,,,,,,,,,,,,,,,,,,,,,,,,,,,,,,,,,,,,,,,,,,,,,,,,,,,,,,,,,,,,,,,,,,,,,,,,,,,,,,,,,,,,,,,,,,,,,,,,,,,,,,,,,,,,,,,,,,,,,,,,,,,,,,,,,,,,,,,,,,,,,,,,,,,,,,,,,,,,,,,,,,,,,,,,,,,,,,,,,,,,,,,,,,,,,,,,,,,,,,,,,,,,,,,,,,,,,,,,,,,,,,,,,,,,,,,,,,,,,,,,,,,,,,,,,,,,,,,,,,,,,,,,,,,,,,,,,,,,,,,,,,,,,,,,,,,,,,,,,,,,,,,,,,,,,,,,,,,,,,,,,,,,,,,,,,,,,,,,,,,,,,,,,,,,,,,,,,,,,,,,,,,,,,,,,,,,,,,,,,,,,,,,,,,,,,,,,,,,,,,,,,,,,,,,,,,,,,,,,,,,,,,,,,,,,,,,,,,,,,,,,,,,,,,,,,,,,,,,,,,,,,,,,,,,,,,,,,,,,,,,,,,,,,,,,,,,,,,,,,,,,,,,,,,,,,,,,,,,,,,,,,,,,,,,,,,,,,,,,,,,,,,,,,,,,,,,,,,,,,,,,,,,,,,,,,,,,,,,,,,,,
DataConstants,Bosnia,3280819.00,-0.0060999999999999995,-20181.00,64.00,51000.00,-21585.00,1.30,43.00,43.00,0.00,3.5,1.44443339,,,,17.9,17.8,13.8,,,,,,,,,,,,,,,,,,,,,,,,,,,,,,,,,,,,,,,,,,,,,,,,,,,,,,,,,,,,,,,,,,,,,,,,,,,,,,,,,,,,,,,,,,,,,,,,,,,,,,,,,,,,,,,,,,,,,,,,,,,,,,,,,,,,,,,,,,,,,,,,,,,,,,,,,,,,,,,,,,,,,,,,,,,,,,,,,,,,,,,,,,,,,,,,,,,,,,,,,,,,,,,,,,,,,,,,,,,,,,,,,,,,,,,,,,,,,,,,,,,,,,,,,,,,,,,,,,,,,,,,,,,,,,,,,,,,,,,,,,,,,,,,,,,,,,,,,,,,,,,,,,,,,,,,,,,,,,,,,,,,,,,,,,,,,,,,,,,,,,,,,,,,,,,,,,,,,,,,,,,,,,,,,,,,,,,,,,,,,,,,,,,,,,,,,,,,,,,,,,,,,,,,,,,,,,,,,,,,,,,,,,,,,,,,,,,,,,,,,,,,,,,,,,,,,,,,,,,,,,,,,,,,,,,,,,,,,,,,,,,,,,,,,,,,,,,,,,,,,,,,,,,,,,,,,,,,,,,,,,,,,,,,,,,,,,,,,,,,,,,,,,,,,,,,,,,,,,,,,,,,,,,,,,,,,,,,,,,,,,,,,,,,,,,,,,,,,,,,,,,,,,,,,,,,,,,,,,,,,,,,,,,,,,,,,,,,,,,,,,,,,,,,,,,,,,,,,,,,,,,,,,,,,,,,,,,,,,,,,,,,,,,,,,,,,,,,,,,,,,,,,,,,,,,,
DataConstants,Botswana,2351627.00,0.0208,47930.00,4.00,566730.00,3000.00,2.90,24.00,68.00,0.00,1.8,0.430272278,,,,18.9,20.3,16.65,,,,,,,,,,,,,,,,,,,,,,,,,,,,,,,,,,,,,,,,,,,,,,,,,,,,,,,,,,,,,,,,,,,,,,,,,,,,,,,,,,,,,,,,,,,,,,,,,,,,,,,,,,,,,,,,,,,,,,,,,,,,,,,,,,,,,,,,,,,,,,,,,,,,,,,,,,,,,,,,,,,,,,,,,,,,,,,,,,,,,,,,,,,,,,,,,,,,,,,,,,,,,,,,,,,,,,,,,,,,,,,,,,,,,,,,,,,,,,,,,,,,,,,,,,,,,,,,,,,,,,,,,,,,,,,,,,,,,,,,,,,,,,,,,,,,,,,,,,,,,,,,,,,,,,,,,,,,,,,,,,,,,,,,,,,,,,,,,,,,,,,,,,,,,,,,,,,,,,,,,,,,,,,,,,,,,,,,,,,,,,,,,,,,,,,,,,,,,,,,,,,,,,,,,,,,,,,,,,,,,,,,,,,,,,,,,,,,,,,,,,,,,,,,,,,,,,,,,,,,,,,,,,,,,,,,,,,,,,,,,,,,,,,,,,,,,,,,,,,,,,,,,,,,,,,,,,,,,,,,,,,,,,,,,,,,,,,,,,,,,,,,,,,,,,,,,,,,,,,,,,,,,,,,,,,,,,,,,,,,,,,,,,,,,,,,,,,,,,,,,,,,,,,,,,,,,,,,,,,,,,,,,,,,,,,,,,,,,,,,,,,,,,,,,,,,,,,,,,,,,,,,,,,,,,,,,,,,,,,,,,,,,,,,,,,,,,,,,,,,,,,,,,,,,,,,
DataConstants,Brazil,212559417.00,0.0072,1509890.00,25.00,8358140.00,21200.00,1.70,33.00,35.00,0.00,2.2,0.8510595961,,,,22.1,16.6,16.25,,,,,,,,,,,,,,,,,,,,,,,,,,,,,,,,,,,,,,,,,,,,,,,,,,,,,,,,,,,,,,,,,,,,,,,,,,,,,,,,,,,,,,,,,,,,,,,,,,,,,,,,,,,,,,,,,,,,,,,,,,,,,,,,,,,,,,,,,,,,,,,,,,,,,,,,,,,,,,,,,,,,,,,,,,,,,,,,,,,,,,,,,,,,,,,,,,,,,,,,,,,,,,,,,,,,,,,,,,,,,,,,,,,,,,,,,,,,,,,,,,,,,,,,,,,,,,,,,,,,,,,,,,,,,,,,,,,,,,,,,,,,,,,,,,,,,,,,,,,,,,,,,,,,,,,,,,,,,,,,,,,,,,,,,,,,,,,,,,,,,,,,,,,,,,,,,,,,,,,,,,,,,,,,,,,,,,,,,,,,,,,,,,,,,,,,,,,,,,,,,,,,,,,,,,,,,,,,,,,,,,,,,,,,,,,,,,,,,,,,,,,,,,,,,,,,,,,,,,,,,,,,,,,,,,,,,,,,,,,,,,,,,,,,,,,,,,,,,,,,,,,,,,,,,,,,,,,,,,,,,,,,,,,,,,,,,,,,,,,,,,,,,,,,,,,,,,,,,,,,,,,,,,,,,,,,,,,,,,,,,,,,,,,,,,,,,,,,,,,,,,,,,,,,,,,,,,,,,,,,,,,,,,,,,,,,,,,,,,,,,,,,,,,,,,,,,,,,,,,,,,,,,,,,,,,,,,,,,,,,,,,,,,,,,,,,,,,,,,,,,,,,,,,,,,,,
DataConstants,Brunei,437479.00,0.0097,4194.00,83.00,5270.00,0.00,1.80,32.00,47.00,0.00,2.7,0.5472092329,,,,14.1,16.6,8.8,,,,,,,,,,,,,,,,,,,,,,,,,,,,,,,,,,,,,,,,,,,,,,,,,,,,,,,,,,,,,,,,,,,,,,,,,,,,,,,,,,,,,,,,,,,,,,,,,,,,,,,,,,,,,,,,,,,,,,,,,,,,,,,,,,,,,,,,,,,,,,,,,,,,,,,,,,,,,,,,,,,,,,,,,,,,,,,,,,,,,,,,,,,,,,,,,,,,,,,,,,,,,,,,,,,,,,,,,,,,,,,,,,,,,,,,,,,,,,,,,,,,,,,,,,,,,,,,,,,,,,,,,,,,,,,,,,,,,,,,,,,,,,,,,,,,,,,,,,,,,,,,,,,,,,,,,,,,,,,,,,,,,,,,,,,,,,,,,,,,,,,,,,,,,,,,,,,,,,,,,,,,,,,,,,,,,,,,,,,,,,,,,,,,,,,,,,,,,,,,,,,,,,,,,,,,,,,,,,,,,,,,,,,,,,,,,,,,,,,,,,,,,,,,,,,,,,,,,,,,,,,,,,,,,,,,,,,,,,,,,,,,,,,,,,,,,,,,,,,,,,,,,,,,,,,,,,,,,,,,,,,,,,,,,,,,,,,,,,,,,,,,,,,,,,,,,,,,,,,,,,,,,,,,,,,,,,,,,,,,,,,,,,,,,,,,,,,,,,,,,,,,,,,,,,,,,,,,,,,,,,,,,,,,,,,,,,,,,,,,,,,,,,,,,,,,,,,,,,,,,,,,,,,,,,,,,,,,,,,,,,,,,,,,,,,,,,,,,,,,,,,,,,,,,,,,
DataConstants,Bulgaria,6948445.00,-0.0074,-51674.00,64.00,108560.00,-4800.00,1.60,45.00,46.00,0.00,6.8,1.790534938,,,,25,23.6,20.35,,,,,,,,,,,,,,,,,,,,,,,,,,,,,,,,,,,,,,,,,,,,,,,,,,,,,,,,,,,,,,,,,,,,,,,,,,,,,,,,,,,,,,,,,,,,,,,,,,,,,,,,,,,,,,,,,,,,,,,,,,,,,,,,,,,,,,,,,,,,,,,,,,,,,,,,,,,,,,,,,,,,,,,,,,,,,,,,,,,,,,,,,,,,,,,,,,,,,,,,,,,,,,,,,,,,,,,,,,,,,,,,,,,,,,,,,,,,,,,,,,,,,,,,,,,,,,,,,,,,,,,,,,,,,,,,,,,,,,,,,,,,,,,,,,,,,,,,,,,,,,,,,,,,,,,,,,,,,,,,,,,,,,,,,,,,,,,,,,,,,,,,,,,,,,,,,,,,,,,,,,,,,,,,,,,,,,,,,,,,,,,,,,,,,,,,,,,,,,,,,,,,,,,,,,,,,,,,,,,,,,,,,,,,,,,,,,,,,,,,,,,,,,,,,,,,,,,,,,,,,,,,,,,,,,,,,,,,,,,,,,,,,,,,,,,,,,,,,,,,,,,,,,,,,,,,,,,,,,,,,,,,,,,,,,,,,,,,,,,,,,,,,,,,,,,,,,,,,,,,,,,,,,,,,,,,,,,,,,,,,,,,,,,,,,,,,,,,,,,,,,,,,,,,,,,,,,,,,,,,,,,,,,,,,,,,,,,,,,,,,,,,,,,,,,,,,,,,,,,,,,,,,,,,,,,,,,,,,,,,,,,,,,,,,,,,,,,,,,,,,,,,,,,,,,,,
DataConstants,Burkina Faso,20903273.00,0.0286,581895.00,76.00,273600.00,-25000.00,5.20,18.00,48.00,0.00,0.4,0.272676019,,,,5.6,21.7,41.15,,,,,,,,,,,,,,,,,,,,,,,,,,,,,,,,,,,,,,,,,,,,,,,,,,,,,,,,,,,,,,,,,,,,,,,,,,,,,,,,,,,,,,,,,,,,,,,,,,,,,,,,,,,,,,,,,,,,,,,,,,,,,,,,,,,,,,,,,,,,,,,,,,,,,,,,,,,,,,,,,,,,,,,,,,,,,,,,,,,,,,,,,,,,,,,,,,,,,,,,,,,,,,,,,,,,,,,,,,,,,,,,,,,,,,,,,,,,,,,,,,,,,,,,,,,,,,,,,,,,,,,,,,,,,,,,,,,,,,,,,,,,,,,,,,,,,,,,,,,,,,,,,,,,,,,,,,,,,,,,,,,,,,,,,,,,,,,,,,,,,,,,,,,,,,,,,,,,,,,,,,,,,,,,,,,,,,,,,,,,,,,,,,,,,,,,,,,,,,,,,,,,,,,,,,,,,,,,,,,,,,,,,,,,,,,,,,,,,,,,,,,,,,,,,,,,,,,,,,,,,,,,,,,,,,,,,,,,,,,,,,,,,,,,,,,,,,,,,,,,,,,,,,,,,,,,,,,,,,,,,,,,,,,,,,,,,,,,,,,,,,,,,,,,,,,,,,,,,,,,,,,,,,,,,,,,,,,,,,,,,,,,,,,,,,,,,,,,,,,,,,,,,,,,,,,,,,,,,,,,,,,,,,,,,,,,,,,,,,,,,,,,,,,,,,,,,,,,,,,,,,,,,,,,,,,,,,,,,,,,,,,,,,,,,,,,,,,,,,,,,,,,,,,,,,,,
DataConstants,Burundi,11890784.00,0.031200000000000002,360204.00,463.00,25680.00,2001.00,5.50,17.00,69.00,0.00,0.8,0.2653467317,,,,5.4,22.9,41.2,,,,,,,,,,,,,,,,,,,,,,,,,,,,,,,,,,,,,,,,,,,,,,,,,,,,,,,,,,,,,,,,,,,,,,,,,,,,,,,,,,,,,,,,,,,,,,,,,,,,,,,,,,,,,,,,,,,,,,,,,,,,,,,,,,,,,,,,,,,,,,,,,,,,,,,,,,,,,,,,,,,,,,,,,,,,,,,,,,,,,,,,,,,,,,,,,,,,,,,,,,,,,,,,,,,,,,,,,,,,,,,,,,,,,,,,,,,,,,,,,,,,,,,,,,,,,,,,,,,,,,,,,,,,,,,,,,,,,,,,,,,,,,,,,,,,,,,,,,,,,,,,,,,,,,,,,,,,,,,,,,,,,,,,,,,,,,,,,,,,,,,,,,,,,,,,,,,,,,,,,,,,,,,,,,,,,,,,,,,,,,,,,,,,,,,,,,,,,,,,,,,,,,,,,,,,,,,,,,,,,,,,,,,,,,,,,,,,,,,,,,,,,,,,,,,,,,,,,,,,,,,,,,,,,,,,,,,,,,,,,,,,,,,,,,,,,,,,,,,,,,,,,,,,,,,,,,,,,,,,,,,,,,,,,,,,,,,,,,,,,,,,,,,,,,,,,,,,,,,,,,,,,,,,,,,,,,,,,,,,,,,,,,,,,,,,,,,,,,,,,,,,,,,,,,,,,,,,,,,,,,,,,,,,,,,,,,,,,,,,,,,,,,,,,,,,,,,,,,,,,,,,,,,,,,,,,,,,,,,,,,,,,,,,,,,,,,,,,,,,,,,,,,,,,,,,
DataConstants,CaboVerde,555987.00,0.011000000000000001,6052.00,138.00,4030.00,-1342.00,2.30,28.00,58.00,0.00,#N/A,0.5359997347,,,,11.8,17.2,30.1,,,,,,,,,,,,,,,,,,,,,,,,,,,,,,,,,,,,,,,,,,,,,,,,,,,,,,,,,,,,,,,,,,,,,,,,,,,,,,,,,,,,,,,,,,,,,,,,,,,,,,,,,,,,,,,,,,,,,,,,,,,,,,,,,,,,,,,,,,,,,,,,,,,,,,,,,,,,,,,,,,,,,,,,,,,,,,,,,,,,,,,,,,,,,,,,,,,,,,,,,,,,,,,,,,,,,,,,,,,,,,,,,,,,,,,,,,,,,,,,,,,,,,,,,,,,,,,,,,,,,,,,,,,,,,,,,,,,,,,,,,,,,,,,,,,,,,,,,,,,,,,,,,,,,,,,,,,,,,,,,,,,,,,,,,,,,,,,,,,,,,,,,,,,,,,,,,,,,,,,,,,,,,,,,,,,,,,,,,,,,,,,,,,,,,,,,,,,,,,,,,,,,,,,,,,,,,,,,,,,,,,,,,,,,,,,,,,,,,,,,,,,,,,,,,,,,,,,,,,,,,,,,,,,,,,,,,,,,,,,,,,,,,,,,,,,,,,,,,,,,,,,,,,,,,,,,,,,,,,,,,,,,,,,,,,,,,,,,,,,,,,,,,,,,,,,,,,,,,,,,,,,,,,,,,,,,,,,,,,,,,,,,,,,,,,,,,,,,,,,,,,,,,,,,,,,,,,,,,,,,,,,,,,,,,,,,,,,,,,,,,,,,,,,,,,,,,,,,,,,,,,,,,,,,,,,,,,,,,,,,,,,,,,,,,,,,,,,,,,,,,,,,,,,,,,,
DataConstants,Cambodia,16718965.00,0.0141,232423.00,95.00,176520.00,-30000.00,2.50,26.00,5.00,0.00,0.8,0.4700029848,,,,3.9,21.1,83.15,,,,,,,,,,,,,,,,,,,,,,,,,,,,,,,,,,,,,,,,,,,,,,,,,,,,,,,,,,,,,,,,,,,,,,,,,,,,,,,,,,,,,,,,,,,,,,,,,,,,,,,,,,,,,,,,,,,,,,,,,,,,,,,,,,,,,,,,,,,,,,,,,,,,,,,,,,,,,,,,,,,,,,,,,,,,,,,,,,,,,,,,,,,,,,,,,,,,,,,,,,,,,,,,,,,,,,,,,,,,,,,,,,,,,,,,,,,,,,,,,,,,,,,,,,,,,,,,,,,,,,,,,,,,,,,,,,,,,,,,,,,,,,,,,,,,,,,,,,,,,,,,,,,,,,,,,,,,,,,,,,,,,,,,,,,,,,,,,,,,,,,,,,,,,,,,,,,,,,,,,,,,,,,,,,,,,,,,,,,,,,,,,,,,,,,,,,,,,,,,,,,,,,,,,,,,,,,,,,,,,,,,,,,,,,,,,,,,,,,,,,,,,,,,,,,,,,,,,,,,,,,,,,,,,,,,,,,,,,,,,,,,,,,,,,,,,,,,,,,,,,,,,,,,,,,,,,,,,,,,,,,,,,,,,,,,,,,,,,,,,,,,,,,,,,,,,,,,,,,,,,,,,,,,,,,,,,,,,,,,,,,,,,,,,,,,,,,,,,,,,,,,,,,,,,,,,,,,,,,,,,,,,,,,,,,,,,,,,,,,,,,,,,,,,,,,,,,,,,,,,,,,,,,,,,,,,,,,,,,,,,,,,,,,,,,,,,,,,,,,,,,,,,,,,,,,
DataConstants,Cameroon,26545863.00,0.0259,669483.00,56.00,472710.00,-4800.00,4.60,19.00,44.00,0.00,1.3,0.3005339436,,,,11.4,21.6,66.65,,,,,,,,,,,,,,,,,,,,,,,,,,,,,,,,,,,,,,,,,,,,,,,,,,,,,,,,,,,,,,,,,,,,,,,,,,,,,,,,,,,,,,,,,,,,,,,,,,,,,,,,,,,,,,,,,,,,,,,,,,,,,,,,,,,,,,,,,,,,,,,,,,,,,,,,,,,,,,,,,,,,,,,,,,,,,,,,,,,,,,,,,,,,,,,,,,,,,,,,,,,,,,,,,,,,,,,,,,,,,,,,,,,,,,,,,,,,,,,,,,,,,,,,,,,,,,,,,,,,,,,,,,,,,,,,,,,,,,,,,,,,,,,,,,,,,,,,,,,,,,,,,,,,,,,,,,,,,,,,,,,,,,,,,,,,,,,,,,,,,,,,,,,,,,,,,,,,,,,,,,,,,,,,,,,,,,,,,,,,,,,,,,,,,,,,,,,,,,,,,,,,,,,,,,,,,,,,,,,,,,,,,,,,,,,,,,,,,,,,,,,,,,,,,,,,,,,,,,,,,,,,,,,,,,,,,,,,,,,,,,,,,,,,,,,,,,,,,,,,,,,,,,,,,,,,,,,,,,,,,,,,,,,,,,,,,,,,,,,,,,,,,,,,,,,,,,,,,,,,,,,,,,,,,,,,,,,,,,,,,,,,,,,,,,,,,,,,,,,,,,,,,,,,,,,,,,,,,,,,,,,,,,,,,,,,,,,,,,,,,,,,,,,,,,,,,,,,,,,,,,,,,,,,,,,,,,,,,,,,,,,,,,,,,,,,,,,,,,,,,,,,,,,,,,,,
DataConstants,Canada,37742154.00,0.0089,331107.00,4.00,9093510.00,242032.00,1.50,41.00,4.00,0.00,2.7,1.546545949,,,,29.4,9.8,8.05,,,,,,,,,,,,,,,,,,,,,,,,,,,,,,,,,,,,,,,,,,,,,,,,,,,,,,,,,,,,,,,,,,,,,,,,,,,,,,,,,,,,,,,,,,,,,,,,,,,,,,,,,,,,,,,,,,,,,,,,,,,,,,,,,,,,,,,,,,,,,,,,,,,,,,,,,,,,,,,,,,,,,,,,,,,,,,,,,,,,,,,,,,,,,,,,,,,,,,,,,,,,,,,,,,,,,,,,,,,,,,,,,,,,,,,,,,,,,,,,,,,,,,,,,,,,,,,,,,,,,,,,,,,,,,,,,,,,,,,,,,,,,,,,,,,,,,,,,,,,,,,,,,,,,,,,,,,,,,,,,,,,,,,,,,,,,,,,,,,,,,,,,,,,,,,,,,,,,,,,,,,,,,,,,,,,,,,,,,,,,,,,,,,,,,,,,,,,,,,,,,,,,,,,,,,,,,,,,,,,,,,,,,,,,,,,,,,,,,,,,,,,,,,,,,,,,,,,,,,,,,,,,,,,,,,,,,,,,,,,,,,,,,,,,,,,,,,,,,,,,,,,,,,,,,,,,,,,,,,,,,,,,,,,,,,,,,,,,,,,,,,,,,,,,,,,,,,,,,,,,,,,,,,,,,,,,,,,,,,,,,,,,,,,,,,,,,,,,,,,,,,,,,,,,,,,,,,,,,,,,,,,,,,,,,,,,,,,,,,,,,,,,,,,,,,,,,,,,,,,,,,,,,,,,,,,,,,,,,,,,,,,,,,,,,,,,,,,,,,,,,,,,,,,,,,,
DataConstants,CAR,4829767.00,0.0178,84582.00,8.00,622980.00,-40000.00,4.80,18.00,53.00,0.00,1,0.3090903061,,,,7.5,23.1,37.25,,,,,,,,,,,,,,,,,,,,,,,,,,,,,,,,,,,,,,,,,,,,,,,,,,,,,,,,,,,,,,,,,,,,,,,,,,,,,,,,,,,,,,,,,,,,,,,,,,,,,,,,,,,,,,,,,,,,,,,,,,,,,,,,,,,,,,,,,,,,,,,,,,,,,,,,,,,,,,,,,,,,,,,,,,,,,,,,,,,,,,,,,,,,,,,,,,,,,,,,,,,,,,,,,,,,,,,,,,,,,,,,,,,,,,,,,,,,,,,,,,,,,,,,,,,,,,,,,,,,,,,,,,,,,,,,,,,,,,,,,,,,,,,,,,,,,,,,,,,,,,,,,,,,,,,,,,,,,,,,,,,,,,,,,,,,,,,,,,,,,,,,,,,,,,,,,,,,,,,,,,,,,,,,,,,,,,,,,,,,,,,,,,,,,,,,,,,,,,,,,,,,,,,,,,,,,,,,,,,,,,,,,,,,,,,,,,,,,,,,,,,,,,,,,,,,,,,,,,,,,,,,,,,,,,,,,,,,,,,,,,,,,,,,,,,,,,,,,,,,,,,,,,,,,,,,,,,,,,,,,,,,,,,,,,,,,,,,,,,,,,,,,,,,,,,,,,,,,,,,,,,,,,,,,,,,,,,,,,,,,,,,,,,,,,,,,,,,,,,,,,,,,,,,,,,,,,,,,,,,,,,,,,,,,,,,,,,,,,,,,,,,,,,,,,,,,,,,,,,,,,,,,,,,,,,,,,,,,,,,,,,,,,,,,,,,,,,,,,,,,,,,,,,,,,,,
DataConstants,Chad,16425864.00,0.03,478988.00,13.00,1259200.00,2000.00,5.80,17.00,57.00,0.00,0.4,0.2724770338,,,,6.1,23.9,67.2,,,,,,,,,,,,,,,,,,,,,,,,,,,,,,,,,,,,,,,,,,,,,,,,,,,,,,,,,,,,,,,,,,,,,,,,,,,,,,,,,,,,,,,,,,,,,,,,,,,,,,,,,,,,,,,,,,,,,,,,,,,,,,,,,,,,,,,,,,,,,,,,,,,,,,,,,,,,,,,,,,,,,,,,,,,,,,,,,,,,,,,,,,,,,,,,,,,,,,,,,,,,,,,,,,,,,,,,,,,,,,,,,,,,,,,,,,,,,,,,,,,,,,,,,,,,,,,,,,,,,,,,,,,,,,,,,,,,,,,,,,,,,,,,,,,,,,,,,,,,,,,,,,,,,,,,,,,,,,,,,,,,,,,,,,,,,,,,,,,,,,,,,,,,,,,,,,,,,,,,,,,,,,,,,,,,,,,,,,,,,,,,,,,,,,,,,,,,,,,,,,,,,,,,,,,,,,,,,,,,,,,,,,,,,,,,,,,,,,,,,,,,,,,,,,,,,,,,,,,,,,,,,,,,,,,,,,,,,,,,,,,,,,,,,,,,,,,,,,,,,,,,,,,,,,,,,,,,,,,,,,,,,,,,,,,,,,,,,,,,,,,,,,,,,,,,,,,,,,,,,,,,,,,,,,,,,,,,,,,,,,,,,,,,,,,,,,,,,,,,,,,,,,,,,,,,,,,,,,,,,,,,,,,,,,,,,,,,,,,,,,,,,,,,,,,,,,,,,,,,,,,,,,,,,,,,,,,,,,,,,,,,,,,,,,,,,,,,,,,,,,,,,,,,,,,,
DataConstants,Chile,19116201.00,0.0087,164163.00,26.00,743532.00,111708.00,1.70,35.00,41.00,0.00,2.2,1.081318608,160,229,2181,28,12.4,18.15,,,,,,,,,,,,,,,,,,,,,,,,,,,,,,,,,,,,,,,,,,,,,,,,,,,,,,,,,,,,,,,,,,,,,,,,,,,,,,,,,,,,,,,,,,,,,,,,,,,,,,,,,,,,,,,,,,,,,,,,,,,,,,,,,,,,,,,,,,,,,,,,,,,,,,,,,,,,,,,,,,,,,,,,,,,,,,,,,,,,,,,,,,,,,,,,,,,,,,,,,,,,,,,,,,,,,,,,,,,,,,,,,,,,,,,,,,,,,,,,,,,,,,,,,,,,,,,,,,,,,,,,,,,,,,,,,,,,,,,,,,,,,,,,,,,,,,,,,,,,,,,,,,,,,,,,,,,,,,,,,,,,,,,,,,,,,,,,,,,,,,,,,,,,,,,,,,,,,,,,,,,,,,,,,,,,,,,,,,,,,,,,,,,,,,,,,,,,,,,,,,,,,,,,,,,,,,,,,,,,,,,,,,,,,,,,,,,,,,,,,,,,,,,,,,,,,,,,,,,,,,,,,,,,,,,,,,,,,,,,,,,,,,,,,,,,,,,,,,,,,,,,,,,,,,,,,,,,,,,,,,,,,,,,,,,,,,,,,,,,,,,,,,,,,,,,,,,,,,,,,,,,,,,,,,,,,,,,,,,,,,,,,,,,,,,,,,,,,,,,,,,,,,,,,,,,,,,,,,,,,,,,,,,,,,,,,,,,,,,,,,,,,,,,,,,,,,,,,,,,,,,,,,,,,,,,,,,,,,,,,,,,,,,,,,,,,,,,,,,,,,,,,,,,,,,,
DataConstants,China,1439323776.00,0.0039000000000000003,5540090.00,153.00,9388211.00,-348399.00,1.70,38.00,0.00,0.00,4.2,1,,,,6.2,17,11.45,,,,,,,,,,,,,,,,,,,,,,,,,,,,,,,,,,,,,,,,,,,,,,,,,,,,,,,,,,,,,,,,,,,,,,,,,,,,,,,,,,,,,,,,,,,,,,,,,,,,,,,,,,,,,,,,,,,,,,,,,,,,,,,,,,,,,,,,,,,,,,,,,,,,,,,,,,,,,,,,,,,,,,,,,,,,,,,,,,,,,,,,,,,,,,,,,,,,,,,,,,,,,,,,,,,,,,,,,,,,,,,,,,,,,,,,,,,,,,,,,,,,,,,,,,,,,,,,,,,,,,,,,,,,,,,,,,,,,,,,,,,,,,,,,,,,,,,,,,,,,,,,,,,,,,,,,,,,,,,,,,,,,,,,,,,,,,,,,,,,,,,,,,,,,,,,,,,,,,,,,,,,,,,,,,,,,,,,,,,,,,,,,,,,,,,,,,,,,,,,,,,,,,,,,,,,,,,,,,,,,,,,,,,,,,,,,,,,,,,,,,,,,,,,,,,,,,,,,,,,,,,,,,,,,,,,,,,,,,,,,,,,,,,,,,,,,,,,,,,,,,,,,,,,,,,,,,,,,,,,,,,,,,,,,,,,,,,,,,,,,,,,,,,,,,,,,,,,,,,,,,,,,,,,,,,,,,,,,,,,,,,,,,,,,,,,,,,,,,,,,,,,,,,,,,,,,,,,,,,,,,,,,,,,,,,,,,,,,,,,,,,,,,,,,,,,,,,,,,,,,,,,,,,,,,,,,,,,,,,,,,,,,,,,,,,,,,,,,,,,,,,,,,,,,,,,
DataConstants,Colombia,50882891.00,0.0108,543448.00,46.00,1109500.00,204796.00,1.80,31.00,44.00,0.00,1.5,0.8132855769,,,,22.3,15.8,10,,,,,,,,,,,,,,,,,,,,,,,,,,,,,,,,,,,,,,,,,,,,,,,,,,,,,,,,,,,,,,,,,,,,,,,,,,,,,,,,,,,,,,,,,,,,,,,,,,,,,,,,,,,,,,,,,,,,,,,,,,,,,,,,,,,,,,,,,,,,,,,,,,,,,,,,,,,,,,,,,,,,,,,,,,,,,,,,,,,,,,,,,,,,,,,,,,,,,,,,,,,,,,,,,,,,,,,,,,,,,,,,,,,,,,,,,,,,,,,,,,,,,,,,,,,,,,,,,,,,,,,,,,,,,,,,,,,,,,,,,,,,,,,,,,,,,,,,,,,,,,,,,,,,,,,,,,,,,,,,,,,,,,,,,,,,,,,,,,,,,,,,,,,,,,,,,,,,,,,,,,,,,,,,,,,,,,,,,,,,,,,,,,,,,,,,,,,,,,,,,,,,,,,,,,,,,,,,,,,,,,,,,,,,,,,,,,,,,,,,,,,,,,,,,,,,,,,,,,,,,,,,,,,,,,,,,,,,,,,,,,,,,,,,,,,,,,,,,,,,,,,,,,,,,,,,,,,,,,,,,,,,,,,,,,,,,,,,,,,,,,,,,,,,,,,,,,,,,,,,,,,,,,,,,,,,,,,,,,,,,,,,,,,,,,,,,,,,,,,,,,,,,,,,,,,,,,,,,,,,,,,,,,,,,,,,,,,,,,,,,,,,,,,,,,,,,,,,,,,,,,,,,,,,,,,,,,,,,,,,,,,,,,,,,,,,,,,,,,,,,,,,,,,,,,,,
DataConstants,Comoros,869601.00,0.022000000000000002,18715.00,467.00,1861.00,-2000.00,4.20,20.00,99.00,0.00,2.2,0.3400656651,,,,7.8,22.9,35.75,,,,,,,,,,,,,,,,,,,,,,,,,,,,,,,,,,,,,,,,,,,,,,,,,,,,,,,,,,,,,,,,,,,,,,,,,,,,,,,,,,,,,,,,,,,,,,,,,,,,,,,,,,,,,,,,,,,,,,,,,,,,,,,,,,,,,,,,,,,,,,,,,,,,,,,,,,,,,,,,,,,,,,,,,,,,,,,,,,,,,,,,,,,,,,,,,,,,,,,,,,,,,,,,,,,,,,,,,,,,,,,,,,,,,,,,,,,,,,,,,,,,,,,,,,,,,,,,,,,,,,,,,,,,,,,,,,,,,,,,,,,,,,,,,,,,,,,,,,,,,,,,,,,,,,,,,,,,,,,,,,,,,,,,,,,,,,,,,,,,,,,,,,,,,,,,,,,,,,,,,,,,,,,,,,,,,,,,,,,,,,,,,,,,,,,,,,,,,,,,,,,,,,,,,,,,,,,,,,,,,,,,,,,,,,,,,,,,,,,,,,,,,,,,,,,,,,,,,,,,,,,,,,,,,,,,,,,,,,,,,,,,,,,,,,,,,,,,,,,,,,,,,,,,,,,,,,,,,,,,,,,,,,,,,,,,,,,,,,,,,,,,,,,,,,,,,,,,,,,,,,,,,,,,,,,,,,,,,,,,,,,,,,,,,,,,,,,,,,,,,,,,,,,,,,,,,,,,,,,,,,,,,,,,,,,,,,,,,,,,,,,,,,,,,,,,,,,,,,,,,,,,,,,,,,,,,,,,,,,,,,,,,,,,,,,,,,,,,,,,,,,,,,,,,,,,
DataConstants,CostaRica,5094118.00,0.0092,46557.00,100.00,51060.00,4200.00,1.80,33.00,44.00,0.00,1.2,0.9095280735,,,,25.7,11.5,9.75,,,,,,,,,,,,,,,,,,,,,,,,,,,,,,,,,,,,,,,,,,,,,,,,,,,,,,,,,,,,,,,,,,,,,,,,,,,,,,,,,,,,,,,,,,,,,,,,,,,,,,,,,,,,,,,,,,,,,,,,,,,,,,,,,,,,,,,,,,,,,,,,,,,,,,,,,,,,,,,,,,,,,,,,,,,,,,,,,,,,,,,,,,,,,,,,,,,,,,,,,,,,,,,,,,,,,,,,,,,,,,,,,,,,,,,,,,,,,,,,,,,,,,,,,,,,,,,,,,,,,,,,,,,,,,,,,,,,,,,,,,,,,,,,,,,,,,,,,,,,,,,,,,,,,,,,,,,,,,,,,,,,,,,,,,,,,,,,,,,,,,,,,,,,,,,,,,,,,,,,,,,,,,,,,,,,,,,,,,,,,,,,,,,,,,,,,,,,,,,,,,,,,,,,,,,,,,,,,,,,,,,,,,,,,,,,,,,,,,,,,,,,,,,,,,,,,,,,,,,,,,,,,,,,,,,,,,,,,,,,,,,,,,,,,,,,,,,,,,,,,,,,,,,,,,,,,,,,,,,,,,,,,,,,,,,,,,,,,,,,,,,,,,,,,,,,,,,,,,,,,,,,,,,,,,,,,,,,,,,,,,,,,,,,,,,,,,,,,,,,,,,,,,,,,,,,,,,,,,,,,,,,,,,,,,,,,,,,,,,,,,,,,,,,,,,,,,,,,,,,,,,,,,,,,,,,,,,,,,,,,,,,,,,,,,,,,,,,,,,,,,,,,,,,,,,,
DataConstants,Croatia,4105267.00,-0.0060999999999999995,-25037.00,73.00,55960.00,-8001.00,1.40,44.00,34.00,0.00,5.6,1.822538388,,,,24.4,16.7,18.7,,,,,,,,,,,,,,,,,,,,,,,,,,,,,,,,,,,,,,,,,,,,,,,,,,,,,,,,,,,,,,,,,,,,,,,,,,,,,,,,,,,,,,,,,,,,,,,,,,,,,,,,,,,,,,,,,,,,,,,,,,,,,,,,,,,,,,,,,,,,,,,,,,,,,,,,,,,,,,,,,,,,,,,,,,,,,,,,,,,,,,,,,,,,,,,,,,,,,,,,,,,,,,,,,,,,,,,,,,,,,,,,,,,,,,,,,,,,,,,,,,,,,,,,,,,,,,,,,,,,,,,,,,,,,,,,,,,,,,,,,,,,,,,,,,,,,,,,,,,,,,,,,,,,,,,,,,,,,,,,,,,,,,,,,,,,,,,,,,,,,,,,,,,,,,,,,,,,,,,,,,,,,,,,,,,,,,,,,,,,,,,,,,,,,,,,,,,,,,,,,,,,,,,,,,,,,,,,,,,,,,,,,,,,,,,,,,,,,,,,,,,,,,,,,,,,,,,,,,,,,,,,,,,,,,,,,,,,,,,,,,,,,,,,,,,,,,,,,,,,,,,,,,,,,,,,,,,,,,,,,,,,,,,,,,,,,,,,,,,,,,,,,,,,,,,,,,,,,,,,,,,,,,,,,,,,,,,,,,,,,,,,,,,,,,,,,,,,,,,,,,,,,,,,,,,,,,,,,,,,,,,,,,,,,,,,,,,,,,,,,,,,,,,,,,,,,,,,,,,,,,,,,,,,,,,,,,,,,,,,,,,,,,,,,,,,,,,,,,,,,,,,,,,,,,,,
DataConstants,Cuba,11326616.00,-0.0006,-6867.00,106.00,106440.00,-14400.00,1.60,42.00,50.00,0.00,5.2,1.374158459,,,,24.6,16.4,12.4,,,,,,,,,,,,,,,,,,,,,,,,,,,,,,,,,,,,,,,,,,,,,,,,,,,,,,,,,,,,,,,,,,,,,,,,,,,,,,,,,,,,,,,,,,,,,,,,,,,,,,,,,,,,,,,,,,,,,,,,,,,,,,,,,,,,,,,,,,,,,,,,,,,,,,,,,,,,,,,,,,,,,,,,,,,,,,,,,,,,,,,,,,,,,,,,,,,,,,,,,,,,,,,,,,,,,,,,,,,,,,,,,,,,,,,,,,,,,,,,,,,,,,,,,,,,,,,,,,,,,,,,,,,,,,,,,,,,,,,,,,,,,,,,,,,,,,,,,,,,,,,,,,,,,,,,,,,,,,,,,,,,,,,,,,,,,,,,,,,,,,,,,,,,,,,,,,,,,,,,,,,,,,,,,,,,,,,,,,,,,,,,,,,,,,,,,,,,,,,,,,,,,,,,,,,,,,,,,,,,,,,,,,,,,,,,,,,,,,,,,,,,,,,,,,,,,,,,,,,,,,,,,,,,,,,,,,,,,,,,,,,,,,,,,,,,,,,,,,,,,,,,,,,,,,,,,,,,,,,,,,,,,,,,,,,,,,,,,,,,,,,,,,,,,,,,,,,,,,,,,,,,,,,,,,,,,,,,,,,,,,,,,,,,,,,,,,,,,,,,,,,,,,,,,,,,,,,,,,,,,,,,,,,,,,,,,,,,,,,,,,,,,,,,,,,,,,,,,,,,,,,,,,,,,,,,,,,,,,,,,,,,,,,,,,,,,,,,,,,,,,,,,,,,,,,,
DataConstants,Cyprus,1207359.00,0.0073,8784.00,131.00,9240.00,5000.00,1.30,37.00,47.00,0.00,3.4,1.230889132,,,,21.8,11.3,6.1,,,,,,,,,,,,,,,,,,,,,,,,,,,,,,,,,,,,,,,,,,,,,,,,,,,,,,,,,,,,,,,,,,,,,,,,,,,,,,,,,,,,,,,,,,,,,,,,,,,,,,,,,,,,,,,,,,,,,,,,,,,,,,,,,,,,,,,,,,,,,,,,,,,,,,,,,,,,,,,,,,,,,,,,,,,,,,,,,,,,,,,,,,,,,,,,,,,,,,,,,,,,,,,,,,,,,,,,,,,,,,,,,,,,,,,,,,,,,,,,,,,,,,,,,,,,,,,,,,,,,,,,,,,,,,,,,,,,,,,,,,,,,,,,,,,,,,,,,,,,,,,,,,,,,,,,,,,,,,,,,,,,,,,,,,,,,,,,,,,,,,,,,,,,,,,,,,,,,,,,,,,,,,,,,,,,,,,,,,,,,,,,,,,,,,,,,,,,,,,,,,,,,,,,,,,,,,,,,,,,,,,,,,,,,,,,,,,,,,,,,,,,,,,,,,,,,,,,,,,,,,,,,,,,,,,,,,,,,,,,,,,,,,,,,,,,,,,,,,,,,,,,,,,,,,,,,,,,,,,,,,,,,,,,,,,,,,,,,,,,,,,,,,,,,,,,,,,,,,,,,,,,,,,,,,,,,,,,,,,,,,,,,,,,,,,,,,,,,,,,,,,,,,,,,,,,,,,,,,,,,,,,,,,,,,,,,,,,,,,,,,,,,,,,,,,,,,,,,,,,,,,,,,,,,,,,,,,,,,,,,,,,,,,,,,,,,,,,,,,,,,,,,,,,,,,,
DataConstants,CzechRepublic,10708981.00,0.0018,19772.00,139.00,77240.00,22011.00,1.60,43.00,39.00,0.00,6.5,1.634928531,,,,26,15,15.3,,,,,,,,,,,,,,,,,,,,,,,,,,,,,,,,,,,,,,,,,,,,,,,,,,,,,,,,,,,,,,,,,,,,,,,,,,,,,,,,,,,,,,,,,,,,,,,,,,,,,,,,,,,,,,,,,,,,,,,,,,,,,,,,,,,,,,,,,,,,,,,,,,,,,,,,,,,,,,,,,,,,,,,,,,,,,,,,,,,,,,,,,,,,,,,,,,,,,,,,,,,,,,,,,,,,,,,,,,,,,,,,,,,,,,,,,,,,,,,,,,,,,,,,,,,,,,,,,,,,,,,,,,,,,,,,,,,,,,,,,,,,,,,,,,,,,,,,,,,,,,,,,,,,,,,,,,,,,,,,,,,,,,,,,,,,,,,,,,,,,,,,,,,,,,,,,,,,,,,,,,,,,,,,,,,,,,,,,,,,,,,,,,,,,,,,,,,,,,,,,,,,,,,,,,,,,,,,,,,,,,,,,,,,,,,,,,,,,,,,,,,,,,,,,,,,,,,,,,,,,,,,,,,,,,,,,,,,,,,,,,,,,,,,,,,,,,,,,,,,,,,,,,,,,,,,,,,,,,,,,,,,,,,,,,,,,,,,,,,,,,,,,,,,,,,,,,,,,,,,,,,,,,,,,,,,,,,,,,,,,,,,,,,,,,,,,,,,,,,,,,,,,,,,,,,,,,,,,,,,,,,,,,,,,,,,,,,,,,,,,,,,,,,,,,,,,,,,,,,,,,,,,,,,,,,,,,,,,,,,,,,,,,,,,,,,,,,,,,,,,,,,,,,,,,,,
DataConstants,Denmark,5792202.00,0.0034999999999999996,20326.00,137.00,42430.00,15200.00,1.80,42.00,36.00,0.00,2.5,1.67847312,,,,19.7,11.3,10.65,,,,,,,,,,,,,,,,,,,,,,,,,,,,,,,,,,,,,,,,,,,,,,,,,,,,,,,,,,,,,,,,,,,,,,,,,,,,,,,,,,,,,,,,,,,,,,,,,,,,,,,,,,,,,,,,,,,,,,,,,,,,,,,,,,,,,,,,,,,,,,,,,,,,,,,,,,,,,,,,,,,,,,,,,,,,,,,,,,,,,,,,,,,,,,,,,,,,,,,,,,,,,,,,,,,,,,,,,,,,,,,,,,,,,,,,,,,,,,,,,,,,,,,,,,,,,,,,,,,,,,,,,,,,,,,,,,,,,,,,,,,,,,,,,,,,,,,,,,,,,,,,,,,,,,,,,,,,,,,,,,,,,,,,,,,,,,,,,,,,,,,,,,,,,,,,,,,,,,,,,,,,,,,,,,,,,,,,,,,,,,,,,,,,,,,,,,,,,,,,,,,,,,,,,,,,,,,,,,,,,,,,,,,,,,,,,,,,,,,,,,,,,,,,,,,,,,,,,,,,,,,,,,,,,,,,,,,,,,,,,,,,,,,,,,,,,,,,,,,,,,,,,,,,,,,,,,,,,,,,,,,,,,,,,,,,,,,,,,,,,,,,,,,,,,,,,,,,,,,,,,,,,,,,,,,,,,,,,,,,,,,,,,,,,,,,,,,,,,,,,,,,,,,,,,,,,,,,,,,,,,,,,,,,,,,,,,,,,,,,,,,,,,,,,,,,,,,,,,,,,,,,,,,,,,,,,,,,,,,,,,,,,,,,,,,,,,,,,,,,,,,,,,,,,,,,
DataConstants,Djibouti,988000.00,0.0148,14440.00,43.00,23180.00,900.00,2.80,27.00,56.00,0.00,1.4,0.4705336119,,,,13.5,19.6,38.3,,,,,,,,,,,,,,,,,,,,,,,,,,,,,,,,,,,,,,,,,,,,,,,,,,,,,,,,,,,,,,,,,,,,,,,,,,,,,,,,,,,,,,,,,,,,,,,,,,,,,,,,,,,,,,,,,,,,,,,,,,,,,,,,,,,,,,,,,,,,,,,,,,,,,,,,,,,,,,,,,,,,,,,,,,,,,,,,,,,,,,,,,,,,,,,,,,,,,,,,,,,,,,,,,,,,,,,,,,,,,,,,,,,,,,,,,,,,,,,,,,,,,,,,,,,,,,,,,,,,,,,,,,,,,,,,,,,,,,,,,,,,,,,,,,,,,,,,,,,,,,,,,,,,,,,,,,,,,,,,,,,,,,,,,,,,,,,,,,,,,,,,,,,,,,,,,,,,,,,,,,,,,,,,,,,,,,,,,,,,,,,,,,,,,,,,,,,,,,,,,,,,,,,,,,,,,,,,,,,,,,,,,,,,,,,,,,,,,,,,,,,,,,,,,,,,,,,,,,,,,,,,,,,,,,,,,,,,,,,,,,,,,,,,,,,,,,,,,,,,,,,,,,,,,,,,,,,,,,,,,,,,,,,,,,,,,,,,,,,,,,,,,,,,,,,,,,,,,,,,,,,,,,,,,,,,,,,,,,,,,,,,,,,,,,,,,,,,,,,,,,,,,,,,,,,,,,,,,,,,,,,,,,,,,,,,,,,,,,,,,,,,,,,,,,,,,,,,,,,,,,,,,,,,,,,,,,,,,,,,,,,,,,,,,,,,,,,,,,,,,,,,,,,,,,,,
DataConstants,Dominica,71986.00,0.0025,178.00,96.00,750.00,,,,60.00,0.00,3.8,#VALUE!,,,,27.9,,,,,,,,,,,,,,,,,,,,,,,,,,,,,,,,,,,,,,,,,,,,,,,,,,,,,,,,,,,,,,,,,,,,,,,,,,,,,,,,,,,,,,,,,,,,,,,,,,,,,,,,,,,,,,,,,,,,,,,,,,,,,,,,,,,,,,,,,,,,,,,,,,,,,,,,,,,,,,,,,,,,,,,,,,,,,,,,,,,,,,,,,,,,,,,,,,,,,,,,,,,,,,,,,,,,,,,,,,,,,,,,,,,,,,,,,,,,,,,,,,,,,,,,,,,,,,,,,,,,,,,,,,,,,,,,,,,,,,,,,,,,,,,,,,,,,,,,,,,,,,,,,,,,,,,,,,,,,,,,,,,,,,,,,,,,,,,,,,,,,,,,,,,,,,,,,,,,,,,,,,,,,,,,,,,,,,,,,,,,,,,,,,,,,,,,,,,,,,,,,,,,,,,,,,,,,,,,,,,,,,,,,,,,,,,,,,,,,,,,,,,,,,,,,,,,,,,,,,,,,,,,,,,,,,,,,,,,,,,,,,,,,,,,,,,,,,,,,,,,,,,,,,,,,,,,,,,,,,,,,,,,,,,,,,,,,,,,,,,,,,,,,,,,,,,,,,,,,,,,,,,,,,,,,,,,,,,,,,,,,,,,,,,,,,,,,,,,,,,,,,,,,,,,,,,,,,,,,,,,,,,,,,,,,,,,,,,,,,,,,,,,,,,,,,,,,,,,,,,,,,,,,,,,,,,,,,,,,,,,,,,,,,,,,,,,,,,,,,,,,,,,,,,,,,,,,,
DataConstants,DominicanRepublic,10847910.00,0.0101,108952.00,225.00,48320.00,-30000.00,2.40,28.00,39.00,0.00,1.6,0.7010579379,,,,27.6,19,27.4,,,,,,,,,,,,,,,,,,,,,,,,,,,,,,,,,,,,,,,,,,,,,,,,,,,,,,,,,,,,,,,,,,,,,,,,,,,,,,,,,,,,,,,,,,,,,,,,,,,,,,,,,,,,,,,,,,,,,,,,,,,,,,,,,,,,,,,,,,,,,,,,,,,,,,,,,,,,,,,,,,,,,,,,,,,,,,,,,,,,,,,,,,,,,,,,,,,,,,,,,,,,,,,,,,,,,,,,,,,,,,,,,,,,,,,,,,,,,,,,,,,,,,,,,,,,,,,,,,,,,,,,,,,,,,,,,,,,,,,,,,,,,,,,,,,,,,,,,,,,,,,,,,,,,,,,,,,,,,,,,,,,,,,,,,,,,,,,,,,,,,,,,,,,,,,,,,,,,,,,,,,,,,,,,,,,,,,,,,,,,,,,,,,,,,,,,,,,,,,,,,,,,,,,,,,,,,,,,,,,,,,,,,,,,,,,,,,,,,,,,,,,,,,,,,,,,,,,,,,,,,,,,,,,,,,,,,,,,,,,,,,,,,,,,,,,,,,,,,,,,,,,,,,,,,,,,,,,,,,,,,,,,,,,,,,,,,,,,,,,,,,,,,,,,,,,,,,,,,,,,,,,,,,,,,,,,,,,,,,,,,,,,,,,,,,,,,,,,,,,,,,,,,,,,,,,,,,,,,,,,,,,,,,,,,,,,,,,,,,,,,,,,,,,,,,,,,,,,,,,,,,,,,,,,,,,,,,,,,,,,,,,,,,,,,,,,,,,,,,,,,,,,,,,,,,,
DataConstants,DRC,89561403.00,0.0319,2770836.00,40.00,2267050.00,23861.00,6.00,17.00,,0.00,0.8,0.3196696846,,,,6.7,19.4,34.5,,,,,,,,,,,,,,,,,,,,,,,,,,,,,,,,,,,,,,,,,,,,,,,,,,,,,,,,,,,,,,,,,,,,,,,,,,,,,,,,,,,,,,,,,,,,,,,,,,,,,,,,,,,,,,,,,,,,,,,,,,,,,,,,,,,,,,,,,,,,,,,,,,,,,,,,,,,,,,,,,,,,,,,,,,,,,,,,,,,,,,,,,,,,,,,,,,,,,,,,,,,,,,,,,,,,,,,,,,,,,,,,,,,,,,,,,,,,,,,,,,,,,,,,,,,,,,,,,,,,,,,,,,,,,,,,,,,,,,,,,,,,,,,,,,,,,,,,,,,,,,,,,,,,,,,,,,,,,,,,,,,,,,,,,,,,,,,,,,,,,,,,,,,,,,,,,,,,,,,,,,,,,,,,,,,,,,,,,,,,,,,,,,,,,,,,,,,,,,,,,,,,,,,,,,,,,,,,,,,,,,,,,,,,,,,,,,,,,,,,,,,,,,,,,,,,,,,,,,,,,,,,,,,,,,,,,,,,,,,,,,,,,,,,,,,,,,,,,,,,,,,,,,,,,,,,,,,,,,,,,,,,,,,,,,,,,,,,,,,,,,,,,,,,,,,,,,,,,,,,,,,,,,,,,,,,,,,,,,,,,,,,,,,,,,,,,,,,,,,,,,,,,,,,,,,,,,,,,,,,,,,,,,,,,,,,,,,,,,,,,,,,,,,,,,,,,,,,,,,,,,,,,,,,,,,,,,,,,,,,,,,,,,,,,,,,,,,,,,,,,,,,,,,,,,,,
DataConstants,DRC,89561403.00,0.0319,2770836.00,40.00,2267050.00,23861.00,6.00,17.00,,0.00,0.8,0.3196696846,,,,6.7,19.4,34.5,,,,,,,,,,,,,,,,,,,,,,,,,,,,,,,,,,,,,,,,,,,,,,,,,,,,,,,,,,,,,,,,,,,,,,,,,,,,,,,,,,,,,,,,,,,,,,,,,,,,,,,,,,,,,,,,,,,,,,,,,,,,,,,,,,,,,,,,,,,,,,,,,,,,,,,,,,,,,,,,,,,,,,,,,,,,,,,,,,,,,,,,,,,,,,,,,,,,,,,,,,,,,,,,,,,,,,,,,,,,,,,,,,,,,,,,,,,,,,,,,,,,,,,,,,,,,,,,,,,,,,,,,,,,,,,,,,,,,,,,,,,,,,,,,,,,,,,,,,,,,,,,,,,,,,,,,,,,,,,,,,,,,,,,,,,,,,,,,,,,,,,,,,,,,,,,,,,,,,,,,,,,,,,,,,,,,,,,,,,,,,,,,,,,,,,,,,,,,,,,,,,,,,,,,,,,,,,,,,,,,,,,,,,,,,,,,,,,,,,,,,,,,,,,,,,,,,,,,,,,,,,,,,,,,,,,,,,,,,,,,,,,,,,,,,,,,,,,,,,,,,,,,,,,,,,,,,,,,,,,,,,,,,,,,,,,,,,,,,,,,,,,,,,,,,,,,,,,,,,,,,,,,,,,,,,,,,,,,,,,,,,,,,,,,,,,,,,,,,,,,,,,,,,,,,,,,,,,,,,,,,,,,,,,,,,,,,,,,,,,,,,,,,,,,,,,,,,,,,,,,,,,,,,,,,,,,,,,,,,,,,,,,,,,,,,,,,,,,,,,,,,,,,,,,,,,
DataConstants,Ecuador,17643054.00,0.0155,269392.00,71.00,248360.00,36400.00,2.40,28.00,39.00,0.00,1.5,0.7012237588,138,229,16107,19.9,13,25.3,,,,,,,,,,,,,,,,,,,,,,,,,,,,,,,,,,,,,,,,,,,,,,,,,,,,,,,,,,,,,,,,,,,,,,,,,,,,,,,,,,,,,,,,,,,,,,,,,,,,,,,,,,,,,,,,,,,,,,,,,,,,,,,,,,,,,,,,,,,,,,,,,,,,,,,,,,,,,,,,,,,,,,,,,,,,,,,,,,,,,,,,,,,,,,,,,,,,,,,,,,,,,,,,,,,,,,,,,,,,,,,,,,,,,,,,,,,,,,,,,,,,,,,,,,,,,,,,,,,,,,,,,,,,,,,,,,,,,,,,,,,,,,,,,,,,,,,,,,,,,,,,,,,,,,,,,,,,,,,,,,,,,,,,,,,,,,,,,,,,,,,,,,,,,,,,,,,,,,,,,,,,,,,,,,,,,,,,,,,,,,,,,,,,,,,,,,,,,,,,,,,,,,,,,,,,,,,,,,,,,,,,,,,,,,,,,,,,,,,,,,,,,,,,,,,,,,,,,,,,,,,,,,,,,,,,,,,,,,,,,,,,,,,,,,,,,,,,,,,,,,,,,,,,,,,,,,,,,,,,,,,,,,,,,,,,,,,,,,,,,,,,,,,,,,,,,,,,,,,,,,,,,,,,,,,,,,,,,,,,,,,,,,,,,,,,,,,,,,,,,,,,,,,,,,,,,,,,,,,,,,,,,,,,,,,,,,,,,,,,,,,,,,,,,,,,,,,,,,,,,,,,,,,,,,,,,,,,,,,,,,,,,,,,,,,,,,,,,,,,,,,,,,,,,,,,
DataConstants,Egypt,102334404.00,0.0194,1946331.00,103.00,995450.00,-38033.00,3.30,25.00,23.00,0.00,1.6,0.5239942958,,,,32,27.7,161,,,,,,,,,,,,,,,,,,,,,,,,,,,,,,,,,,,,,,,,,,,,,,,,,,,,,,,,,,,,,,,,,,,,,,,,,,,,,,,,,,,,,,,,,,,,,,,,,,,,,,,,,,,,,,,,,,,,,,,,,,,,,,,,,,,,,,,,,,,,,,,,,,,,,,,,,,,,,,,,,,,,,,,,,,,,,,,,,,,,,,,,,,,,,,,,,,,,,,,,,,,,,,,,,,,,,,,,,,,,,,,,,,,,,,,,,,,,,,,,,,,,,,,,,,,,,,,,,,,,,,,,,,,,,,,,,,,,,,,,,,,,,,,,,,,,,,,,,,,,,,,,,,,,,,,,,,,,,,,,,,,,,,,,,,,,,,,,,,,,,,,,,,,,,,,,,,,,,,,,,,,,,,,,,,,,,,,,,,,,,,,,,,,,,,,,,,,,,,,,,,,,,,,,,,,,,,,,,,,,,,,,,,,,,,,,,,,,,,,,,,,,,,,,,,,,,,,,,,,,,,,,,,,,,,,,,,,,,,,,,,,,,,,,,,,,,,,,,,,,,,,,,,,,,,,,,,,,,,,,,,,,,,,,,,,,,,,,,,,,,,,,,,,,,,,,,,,,,,,,,,,,,,,,,,,,,,,,,,,,,,,,,,,,,,,,,,,,,,,,,,,,,,,,,,,,,,,,,,,,,,,,,,,,,,,,,,,,,,,,,,,,,,,,,,,,,,,,,,,,,,,,,,,,,,,,,,,,,,,,,,,,,,,,,,,,,,,,,,,,,,,,,,,,,,,,
DataConstants,ElSalvador,6486205.00,0.0051,32652.00,313.00,20720.00,-40539.00,2.10,28.00,57.00,0.00,1.3,0.7803203661,,,,24.6,14,39.45,,,,,,,,,,,,,,,,,,,,,,,,,,,,,,,,,,,,,,,,,,,,,,,,,,,,,,,,,,,,,,,,,,,,,,,,,,,,,,,,,,,,,,,,,,,,,,,,,,,,,,,,,,,,,,,,,,,,,,,,,,,,,,,,,,,,,,,,,,,,,,,,,,,,,,,,,,,,,,,,,,,,,,,,,,,,,,,,,,,,,,,,,,,,,,,,,,,,,,,,,,,,,,,,,,,,,,,,,,,,,,,,,,,,,,,,,,,,,,,,,,,,,,,,,,,,,,,,,,,,,,,,,,,,,,,,,,,,,,,,,,,,,,,,,,,,,,,,,,,,,,,,,,,,,,,,,,,,,,,,,,,,,,,,,,,,,,,,,,,,,,,,,,,,,,,,,,,,,,,,,,,,,,,,,,,,,,,,,,,,,,,,,,,,,,,,,,,,,,,,,,,,,,,,,,,,,,,,,,,,,,,,,,,,,,,,,,,,,,,,,,,,,,,,,,,,,,,,,,,,,,,,,,,,,,,,,,,,,,,,,,,,,,,,,,,,,,,,,,,,,,,,,,,,,,,,,,,,,,,,,,,,,,,,,,,,,,,,,,,,,,,,,,,,,,,,,,,,,,,,,,,,,,,,,,,,,,,,,,,,,,,,,,,,,,,,,,,,,,,,,,,,,,,,,,,,,,,,,,,,,,,,,,,,,,,,,,,,,,,,,,,,,,,,,,,,,,,,,,,,,,,,,,,,,,,,,,,,,,,,,,,,,,,,,,,,,,,,,,,,,,,,,,,,,,,,
DataConstants,EquatorialGuinea,1402985.00,0.0347,46999.00,50.00,28050.00,16000.00,4.60,22.00,53.00,0.00,2.1,0.2914469539,,,,8,22,69.95,,,,,,,,,,,,,,,,,,,,,,,,,,,,,,,,,,,,,,,,,,,,,,,,,,,,,,,,,,,,,,,,,,,,,,,,,,,,,,,,,,,,,,,,,,,,,,,,,,,,,,,,,,,,,,,,,,,,,,,,,,,,,,,,,,,,,,,,,,,,,,,,,,,,,,,,,,,,,,,,,,,,,,,,,,,,,,,,,,,,,,,,,,,,,,,,,,,,,,,,,,,,,,,,,,,,,,,,,,,,,,,,,,,,,,,,,,,,,,,,,,,,,,,,,,,,,,,,,,,,,,,,,,,,,,,,,,,,,,,,,,,,,,,,,,,,,,,,,,,,,,,,,,,,,,,,,,,,,,,,,,,,,,,,,,,,,,,,,,,,,,,,,,,,,,,,,,,,,,,,,,,,,,,,,,,,,,,,,,,,,,,,,,,,,,,,,,,,,,,,,,,,,,,,,,,,,,,,,,,,,,,,,,,,,,,,,,,,,,,,,,,,,,,,,,,,,,,,,,,,,,,,,,,,,,,,,,,,,,,,,,,,,,,,,,,,,,,,,,,,,,,,,,,,,,,,,,,,,,,,,,,,,,,,,,,,,,,,,,,,,,,,,,,,,,,,,,,,,,,,,,,,,,,,,,,,,,,,,,,,,,,,,,,,,,,,,,,,,,,,,,,,,,,,,,,,,,,,,,,,,,,,,,,,,,,,,,,,,,,,,,,,,,,,,,,,,,,,,,,,,,,,,,,,,,,,,,,,,,,,,,,,,,,,,,,,,,,,,,,,,,,,,,,,,,,,
DataConstants,Eritrea,3546421.00,0.0141,49304.00,35.00,101000.00,-39858.00,4.10,19.00,59.00,0.00,0.7,#VALUE!,,,,5,23.9,45.55,,,,,,,,,,,,,,,,,,,,,,,,,,,,,,,,,,,,,,,,,,,,,,,,,,,,,,,,,,,,,,,,,,,,,,,,,,,,,,,,,,,,,,,,,,,,,,,,,,,,,,,,,,,,,,,,,,,,,,,,,,,,,,,,,,,,,,,,,,,,,,,,,,,,,,,,,,,,,,,,,,,,,,,,,,,,,,,,,,,,,,,,,,,,,,,,,,,,,,,,,,,,,,,,,,,,,,,,,,,,,,,,,,,,,,,,,,,,,,,,,,,,,,,,,,,,,,,,,,,,,,,,,,,,,,,,,,,,,,,,,,,,,,,,,,,,,,,,,,,,,,,,,,,,,,,,,,,,,,,,,,,,,,,,,,,,,,,,,,,,,,,,,,,,,,,,,,,,,,,,,,,,,,,,,,,,,,,,,,,,,,,,,,,,,,,,,,,,,,,,,,,,,,,,,,,,,,,,,,,,,,,,,,,,,,,,,,,,,,,,,,,,,,,,,,,,,,,,,,,,,,,,,,,,,,,,,,,,,,,,,,,,,,,,,,,,,,,,,,,,,,,,,,,,,,,,,,,,,,,,,,,,,,,,,,,,,,,,,,,,,,,,,,,,,,,,,,,,,,,,,,,,,,,,,,,,,,,,,,,,,,,,,,,,,,,,,,,,,,,,,,,,,,,,,,,,,,,,,,,,,,,,,,,,,,,,,,,,,,,,,,,,,,,,,,,,,,,,,,,,,,,,,,,,,,,,,,,,,,,,,,,,,,,,,,,,,,,,,,,,,,,,,,,,,,,,
DataConstants,Estonia,1326535.00,0.0007000000000000001,887.00,31.00,42390.00,3911.00,1.60,42.00,36.00,0.00,5,1.771797168,,,,21.2,17,21.5,,,,,,,,,,,,,,,,,,,,,,,,,,,,,,,,,,,,,,,,,,,,,,,,,,,,,,,,,,,,,,,,,,,,,,,,,,,,,,,,,,,,,,,,,,,,,,,,,,,,,,,,,,,,,,,,,,,,,,,,,,,,,,,,,,,,,,,,,,,,,,,,,,,,,,,,,,,,,,,,,,,,,,,,,,,,,,,,,,,,,,,,,,,,,,,,,,,,,,,,,,,,,,,,,,,,,,,,,,,,,,,,,,,,,,,,,,,,,,,,,,,,,,,,,,,,,,,,,,,,,,,,,,,,,,,,,,,,,,,,,,,,,,,,,,,,,,,,,,,,,,,,,,,,,,,,,,,,,,,,,,,,,,,,,,,,,,,,,,,,,,,,,,,,,,,,,,,,,,,,,,,,,,,,,,,,,,,,,,,,,,,,,,,,,,,,,,,,,,,,,,,,,,,,,,,,,,,,,,,,,,,,,,,,,,,,,,,,,,,,,,,,,,,,,,,,,,,,,,,,,,,,,,,,,,,,,,,,,,,,,,,,,,,,,,,,,,,,,,,,,,,,,,,,,,,,,,,,,,,,,,,,,,,,,,,,,,,,,,,,,,,,,,,,,,,,,,,,,,,,,,,,,,,,,,,,,,,,,,,,,,,,,,,,,,,,,,,,,,,,,,,,,,,,,,,,,,,,,,,,,,,,,,,,,,,,,,,,,,,,,,,,,,,,,,,,,,,,,,,,,,,,,,,,,,,,,,,,,,,,,,,,,,,,,,,,,,,,,,,,,,,,,,,,,,,,
DataConstants,Eswatini,1160164.00,0.0105,12034.00,67.00,17200.00,-8353.00,3.00,21.00,52.00,0.00,2.1,0.3940569761,,,,16.5,26.7,21.55,,,,,,,,,,,,,,,,,,,,,,,,,,,,,,,,,,,,,,,,,,,,,,,,,,,,,,,,,,,,,,,,,,,,,,,,,,,,,,,,,,,,,,,,,,,,,,,,,,,,,,,,,,,,,,,,,,,,,,,,,,,,,,,,,,,,,,,,,,,,,,,,,,,,,,,,,,,,,,,,,,,,,,,,,,,,,,,,,,,,,,,,,,,,,,,,,,,,,,,,,,,,,,,,,,,,,,,,,,,,,,,,,,,,,,,,,,,,,,,,,,,,,,,,,,,,,,,,,,,,,,,,,,,,,,,,,,,,,,,,,,,,,,,,,,,,,,,,,,,,,,,,,,,,,,,,,,,,,,,,,,,,,,,,,,,,,,,,,,,,,,,,,,,,,,,,,,,,,,,,,,,,,,,,,,,,,,,,,,,,,,,,,,,,,,,,,,,,,,,,,,,,,,,,,,,,,,,,,,,,,,,,,,,,,,,,,,,,,,,,,,,,,,,,,,,,,,,,,,,,,,,,,,,,,,,,,,,,,,,,,,,,,,,,,,,,,,,,,,,,,,,,,,,,,,,,,,,,,,,,,,,,,,,,,,,,,,,,,,,,,,,,,,,,,,,,,,,,,,,,,,,,,,,,,,,,,,,,,,,,,,,,,,,,,,,,,,,,,,,,,,,,,,,,,,,,,,,,,,,,,,,,,,,,,,,,,,,,,,,,,,,,,,,,,,,,,,,,,,,,,,,,,,,,,,,,,,,,,,,,,,,,,,,,,,,,,,,,,,,,,,,,,,,,,,,,
DataConstants,Ethiopia,114963588.00,0.025699999999999997,2884858.00,115.00,1000000.00,30000.00,4.30,19.00,51.00,0.00,6.3,0.3589029284,,,,4.5,18.3,42,,,,,,,,,,,,,,,,,,,,,,,,,,,,,,,,,,,,,,,,,,,,,,,,,,,,,,,,,,,,,,,,,,,,,,,,,,,,,,,,,,,,,,,,,,,,,,,,,,,,,,,,,,,,,,,,,,,,,,,,,,,,,,,,,,,,,,,,,,,,,,,,,,,,,,,,,,,,,,,,,,,,,,,,,,,,,,,,,,,,,,,,,,,,,,,,,,,,,,,,,,,,,,,,,,,,,,,,,,,,,,,,,,,,,,,,,,,,,,,,,,,,,,,,,,,,,,,,,,,,,,,,,,,,,,,,,,,,,,,,,,,,,,,,,,,,,,,,,,,,,,,,,,,,,,,,,,,,,,,,,,,,,,,,,,,,,,,,,,,,,,,,,,,,,,,,,,,,,,,,,,,,,,,,,,,,,,,,,,,,,,,,,,,,,,,,,,,,,,,,,,,,,,,,,,,,,,,,,,,,,,,,,,,,,,,,,,,,,,,,,,,,,,,,,,,,,,,,,,,,,,,,,,,,,,,,,,,,,,,,,,,,,,,,,,,,,,,,,,,,,,,,,,,,,,,,,,,,,,,,,,,,,,,,,,,,,,,,,,,,,,,,,,,,,,,,,,,,,,,,,,,,,,,,,,,,,,,,,,,,,,,,,,,,,,,,,,,,,,,,,,,,,,,,,,,,,,,,,,,,,,,,,,,,,,,,,,,,,,,,,,,,,,,,,,,,,,,,,,,,,,,,,,,,,,,,,,,,,,,,,,,,,,,,,,,,,,,,,,,,,,,,,,,,,,,,
DataConstants,Fiji,896445.00,0.0073,6492.00,49.00,18270.00,-6202.00,2.80,28.00,57.00,0.00,2.3,0.5616356581,,,,30.2,30.6,1.2,,,,,,,,,,,,,,,,,,,,,,,,,,,,,,,,,,,,,,,,,,,,,,,,,,,,,,,,,,,,,,,,,,,,,,,,,,,,,,,,,,,,,,,,,,,,,,,,,,,,,,,,,,,,,,,,,,,,,,,,,,,,,,,,,,,,,,,,,,,,,,,,,,,,,,,,,,,,,,,,,,,,,,,,,,,,,,,,,,,,,,,,,,,,,,,,,,,,,,,,,,,,,,,,,,,,,,,,,,,,,,,,,,,,,,,,,,,,,,,,,,,,,,,,,,,,,,,,,,,,,,,,,,,,,,,,,,,,,,,,,,,,,,,,,,,,,,,,,,,,,,,,,,,,,,,,,,,,,,,,,,,,,,,,,,,,,,,,,,,,,,,,,,,,,,,,,,,,,,,,,,,,,,,,,,,,,,,,,,,,,,,,,,,,,,,,,,,,,,,,,,,,,,,,,,,,,,,,,,,,,,,,,,,,,,,,,,,,,,,,,,,,,,,,,,,,,,,,,,,,,,,,,,,,,,,,,,,,,,,,,,,,,,,,,,,,,,,,,,,,,,,,,,,,,,,,,,,,,,,,,,,,,,,,,,,,,,,,,,,,,,,,,,,,,,,,,,,,,,,,,,,,,,,,,,,,,,,,,,,,,,,,,,,,,,,,,,,,,,,,,,,,,,,,,,,,,,,,,,,,,,,,,,,,,,,,,,,,,,,,,,,,,,,,,,,,,,,,,,,,,,,,,,,,,,,,,,,,,,,,,,,,,,,,,,,,,,,,,,,,,,,,,,,,,,,,
DataConstants,Finland,5540720.00,0.0015,8564.00,18.00,303890.00,14000.00,1.50,43.00,7.00,0.00,4.4,1.832553975,153,215,100,22.2,10.2,18.35,,,,,,,,,,,,,,,,,,,,,,,,,,,,,,,,,,,,,,,,,,,,,,,,,,,,,,,,,,,,,,,,,,,,,,,,,,,,,,,,,,,,,,,,,,,,,,,,,,,,,,,,,,,,,,,,,,,,,,,,,,,,,,,,,,,,,,,,,,,,,,,,,,,,,,,,,,,,,,,,,,,,,,,,,,,,,,,,,,,,,,,,,,,,,,,,,,,,,,,,,,,,,,,,,,,,,,,,,,,,,,,,,,,,,,,,,,,,,,,,,,,,,,,,,,,,,,,,,,,,,,,,,,,,,,,,,,,,,,,,,,,,,,,,,,,,,,,,,,,,,,,,,,,,,,,,,,,,,,,,,,,,,,,,,,,,,,,,,,,,,,,,,,,,,,,,,,,,,,,,,,,,,,,,,,,,,,,,,,,,,,,,,,,,,,,,,,,,,,,,,,,,,,,,,,,,,,,,,,,,,,,,,,,,,,,,,,,,,,,,,,,,,,,,,,,,,,,,,,,,,,,,,,,,,,,,,,,,,,,,,,,,,,,,,,,,,,,,,,,,,,,,,,,,,,,,,,,,,,,,,,,,,,,,,,,,,,,,,,,,,,,,,,,,,,,,,,,,,,,,,,,,,,,,,,,,,,,,,,,,,,,,,,,,,,,,,,,,,,,,,,,,,,,,,,,,,,,,,,,,,,,,,,,,,,,,,,,,,,,,,,,,,,,,,,,,,,,,,,,,,,,,,,,,,,,,,,,,,,,,,,,,,,,,,,,,,,,,,,,,,,,,,,,,,,,,
DataConstants,France,65273511.00,0.0022,143783.00,119.00,547557.00,36527.00,1.90,42.00,2.00,0.00,6.5,1.787417504,139,208,1989,21.6,10.6,10,,,,,,,,,,,,,,,,,,,,,,,,,,,,,,,,,,,,,,,,,,,,,,,,,,,,,,,,,,,,,,,,,,,,,,,,,,,,,,,,,,,,,,,,,,,,,,,,,,,,,,,,,,,,,,,,,,,,,,,,,,,,,,,,,,,,,,,,,,,,,,,,,,,,,,,,,,,,,,,,,,,,,,,,,,,,,,,,,,,,,,,,,,,,,,,,,,,,,,,,,,,,,,,,,,,,,,,,,,,,,,,,,,,,,,,,,,,,,,,,,,,,,,,,,,,,,,,,,,,,,,,,,,,,,,,,,,,,,,,,,,,,,,,,,,,,,,,,,,,,,,,,,,,,,,,,,,,,,,,,,,,,,,,,,,,,,,,,,,,,,,,,,,,,,,,,,,,,,,,,,,,,,,,,,,,,,,,,,,,,,,,,,,,,,,,,,,,,,,,,,,,,,,,,,,,,,,,,,,,,,,,,,,,,,,,,,,,,,,,,,,,,,,,,,,,,,,,,,,,,,,,,,,,,,,,,,,,,,,,,,,,,,,,,,,,,,,,,,,,,,,,,,,,,,,,,,,,,,,,,,,,,,,,,,,,,,,,,,,,,,,,,,,,,,,,,,,,,,,,,,,,,,,,,,,,,,,,,,,,,,,,,,,,,,,,,,,,,,,,,,,,,,,,,,,,,,,,,,,,,,,,,,,,,,,,,,,,,,,,,,,,,,,,,,,,,,,,,,,,,,,,,,,,,,,,,,,,,,,,,,,,,,,,,,,,,,,,,,,,,,,,,,,,,,,,,
DataConstants,Gabon,2225734.00,0.0245,53155.00,9.00,257670.00,3260.00,4.00,23.00,52.00,0.00,6.3,0.384903658,,,,15,14.4,54.25,,,,,,,,,,,,,,,,,,,,,,,,,,,,,,,,,,,,,,,,,,,,,,,,,,,,,,,,,,,,,,,,,,,,,,,,,,,,,,,,,,,,,,,,,,,,,,,,,,,,,,,,,,,,,,,,,,,,,,,,,,,,,,,,,,,,,,,,,,,,,,,,,,,,,,,,,,,,,,,,,,,,,,,,,,,,,,,,,,,,,,,,,,,,,,,,,,,,,,,,,,,,,,,,,,,,,,,,,,,,,,,,,,,,,,,,,,,,,,,,,,,,,,,,,,,,,,,,,,,,,,,,,,,,,,,,,,,,,,,,,,,,,,,,,,,,,,,,,,,,,,,,,,,,,,,,,,,,,,,,,,,,,,,,,,,,,,,,,,,,,,,,,,,,,,,,,,,,,,,,,,,,,,,,,,,,,,,,,,,,,,,,,,,,,,,,,,,,,,,,,,,,,,,,,,,,,,,,,,,,,,,,,,,,,,,,,,,,,,,,,,,,,,,,,,,,,,,,,,,,,,,,,,,,,,,,,,,,,,,,,,,,,,,,,,,,,,,,,,,,,,,,,,,,,,,,,,,,,,,,,,,,,,,,,,,,,,,,,,,,,,,,,,,,,,,,,,,,,,,,,,,,,,,,,,,,,,,,,,,,,,,,,,,,,,,,,,,,,,,,,,,,,,,,,,,,,,,,,,,,,,,,,,,,,,,,,,,,,,,,,,,,,,,,,,,,,,,,,,,,,,,,,,,,,,,,,,,,,,,,,,,,,,,,,,,,,,,,,,,,,,,,,,,,,,,,
DataConstants,Gambia,2416668.00,0.0294,68962.00,239.00,10120.00,-3087.00,5.30,18.00,55.00,0.00,1.1,0.2824262926,,,,10.3,20.4,50.3,,,,,,,,,,,,,,,,,,,,,,,,,,,,,,,,,,,,,,,,,,,,,,,,,,,,,,,,,,,,,,,,,,,,,,,,,,,,,,,,,,,,,,,,,,,,,,,,,,,,,,,,,,,,,,,,,,,,,,,,,,,,,,,,,,,,,,,,,,,,,,,,,,,,,,,,,,,,,,,,,,,,,,,,,,,,,,,,,,,,,,,,,,,,,,,,,,,,,,,,,,,,,,,,,,,,,,,,,,,,,,,,,,,,,,,,,,,,,,,,,,,,,,,,,,,,,,,,,,,,,,,,,,,,,,,,,,,,,,,,,,,,,,,,,,,,,,,,,,,,,,,,,,,,,,,,,,,,,,,,,,,,,,,,,,,,,,,,,,,,,,,,,,,,,,,,,,,,,,,,,,,,,,,,,,,,,,,,,,,,,,,,,,,,,,,,,,,,,,,,,,,,,,,,,,,,,,,,,,,,,,,,,,,,,,,,,,,,,,,,,,,,,,,,,,,,,,,,,,,,,,,,,,,,,,,,,,,,,,,,,,,,,,,,,,,,,,,,,,,,,,,,,,,,,,,,,,,,,,,,,,,,,,,,,,,,,,,,,,,,,,,,,,,,,,,,,,,,,,,,,,,,,,,,,,,,,,,,,,,,,,,,,,,,,,,,,,,,,,,,,,,,,,,,,,,,,,,,,,,,,,,,,,,,,,,,,,,,,,,,,,,,,,,,,,,,,,,,,,,,,,,,,,,,,,,,,,,,,,,,,,,,,,,,,,,,,,,,,,,,,,,,,,,,,,,,
DataConstants,Georgia,3989167.00,-0.0019,-7598.00,57.00,69490.00,-10000.00,2.10,38.00,35.00,0.00,2.6,1.368553709,,,,21.7,24.9,38.55,,,,,,,,,,,,,,,,,,,,,,,,,,,,,,,,,,,,,,,,,,,,,,,,,,,,,,,,,,,,,,,,,,,,,,,,,,,,,,,,,,,,,,,,,,,,,,,,,,,,,,,,,,,,,,,,,,,,,,,,,,,,,,,,,,,,,,,,,,,,,,,,,,,,,,,,,,,,,,,,,,,,,,,,,,,,,,,,,,,,,,,,,,,,,,,,,,,,,,,,,,,,,,,,,,,,,,,,,,,,,,,,,,,,,,,,,,,,,,,,,,,,,,,,,,,,,,,,,,,,,,,,,,,,,,,,,,,,,,,,,,,,,,,,,,,,,,,,,,,,,,,,,,,,,,,,,,,,,,,,,,,,,,,,,,,,,,,,,,,,,,,,,,,,,,,,,,,,,,,,,,,,,,,,,,,,,,,,,,,,,,,,,,,,,,,,,,,,,,,,,,,,,,,,,,,,,,,,,,,,,,,,,,,,,,,,,,,,,,,,,,,,,,,,,,,,,,,,,,,,,,,,,,,,,,,,,,,,,,,,,,,,,,,,,,,,,,,,,,,,,,,,,,,,,,,,,,,,,,,,,,,,,,,,,,,,,,,,,,,,,,,,,,,,,,,,,,,,,,,,,,,,,,,,,,,,,,,,,,,,,,,,,,,,,,,,,,,,,,,,,,,,,,,,,,,,,,,,,,,,,,,,,,,,,,,,,,,,,,,,,,,,,,,,,,,,,,,,,,,,,,,,,,,,,,,,,,,,,,,,,,,,,,,,,,,,,,,,,,,,,,,,,,,,,,,,
DataConstants,Germany,83783942.00,0.0032,266897.00,240.00,348560.00,543822.00,1.60,46.00,5.00,0.00,8.3,1.977912646,153,187,1400,22.3,12.1,13.35,,,,,,,,,,,,,,,,,,,,,,,,,,,,,,,,,,,,,,,,,,,,,,,,,,,,,,,,,,,,,,,,,,,,,,,,,,,,,,,,,,,,,,,,,,,,,,,,,,,,,,,,,,,,,,,,,,,,,,,,,,,,,,,,,,,,,,,,,,,,,,,,,,,,,,,,,,,,,,,,,,,,,,,,,,,,,,,,,,,,,,,,,,,,,,,,,,,,,,,,,,,,,,,,,,,,,,,,,,,,,,,,,,,,,,,,,,,,,,,,,,,,,,,,,,,,,,,,,,,,,,,,,,,,,,,,,,,,,,,,,,,,,,,,,,,,,,,,,,,,,,,,,,,,,,,,,,,,,,,,,,,,,,,,,,,,,,,,,,,,,,,,,,,,,,,,,,,,,,,,,,,,,,,,,,,,,,,,,,,,,,,,,,,,,,,,,,,,,,,,,,,,,,,,,,,,,,,,,,,,,,,,,,,,,,,,,,,,,,,,,,,,,,,,,,,,,,,,,,,,,,,,,,,,,,,,,,,,,,,,,,,,,,,,,,,,,,,,,,,,,,,,,,,,,,,,,,,,,,,,,,,,,,,,,,,,,,,,,,,,,,,,,,,,,,,,,,,,,,,,,,,,,,,,,,,,,,,,,,,,,,,,,,,,,,,,,,,,,,,,,,,,,,,,,,,,,,,,,,,,,,,,,,,,,,,,,,,,,,,,,,,,,,,,,,,,,,,,,,,,,,,,,,,,,,,,,,,,,,,,,,,,,,,,,,,,,,,,,,,,,,,,,,,,,,,,
DataConstants,Ghana,31072940.00,0.0215,655084.00,137.00,227540.00,-10000.00,3.90,22.00,52.00,0.00,0.9,0.3484562067,,,,10.9,20.8,56.75,,,,,,,,,,,,,,,,,,,,,,,,,,,,,,,,,,,,,,,,,,,,,,,,,,,,,,,,,,,,,,,,,,,,,,,,,,,,,,,,,,,,,,,,,,,,,,,,,,,,,,,,,,,,,,,,,,,,,,,,,,,,,,,,,,,,,,,,,,,,,,,,,,,,,,,,,,,,,,,,,,,,,,,,,,,,,,,,,,,,,,,,,,,,,,,,,,,,,,,,,,,,,,,,,,,,,,,,,,,,,,,,,,,,,,,,,,,,,,,,,,,,,,,,,,,,,,,,,,,,,,,,,,,,,,,,,,,,,,,,,,,,,,,,,,,,,,,,,,,,,,,,,,,,,,,,,,,,,,,,,,,,,,,,,,,,,,,,,,,,,,,,,,,,,,,,,,,,,,,,,,,,,,,,,,,,,,,,,,,,,,,,,,,,,,,,,,,,,,,,,,,,,,,,,,,,,,,,,,,,,,,,,,,,,,,,,,,,,,,,,,,,,,,,,,,,,,,,,,,,,,,,,,,,,,,,,,,,,,,,,,,,,,,,,,,,,,,,,,,,,,,,,,,,,,,,,,,,,,,,,,,,,,,,,,,,,,,,,,,,,,,,,,,,,,,,,,,,,,,,,,,,,,,,,,,,,,,,,,,,,,,,,,,,,,,,,,,,,,,,,,,,,,,,,,,,,,,,,,,,,,,,,,,,,,,,,,,,,,,,,,,,,,,,,,,,,,,,,,,,,,,,,,,,,,,,,,,,,,,,,,,,,,,,,,,,,,,,,,,,,,,,,,,,,,,,
DataConstants,Greece,10423054.00,-0.0048,-50401.00,81.00,128900.00,-16000.00,1.30,46.00,35.00,0.00,4.3,1.976022286,,,,24.9,12.4,5.6,,,,,,,,,,,,,,,,,,,,,,,,,,,,,,,,,,,,,,,,,,,,,,,,,,,,,,,,,,,,,,,,,,,,,,,,,,,,,,,,,,,,,,,,,,,,,,,,,,,,,,,,,,,,,,,,,,,,,,,,,,,,,,,,,,,,,,,,,,,,,,,,,,,,,,,,,,,,,,,,,,,,,,,,,,,,,,,,,,,,,,,,,,,,,,,,,,,,,,,,,,,,,,,,,,,,,,,,,,,,,,,,,,,,,,,,,,,,,,,,,,,,,,,,,,,,,,,,,,,,,,,,,,,,,,,,,,,,,,,,,,,,,,,,,,,,,,,,,,,,,,,,,,,,,,,,,,,,,,,,,,,,,,,,,,,,,,,,,,,,,,,,,,,,,,,,,,,,,,,,,,,,,,,,,,,,,,,,,,,,,,,,,,,,,,,,,,,,,,,,,,,,,,,,,,,,,,,,,,,,,,,,,,,,,,,,,,,,,,,,,,,,,,,,,,,,,,,,,,,,,,,,,,,,,,,,,,,,,,,,,,,,,,,,,,,,,,,,,,,,,,,,,,,,,,,,,,,,,,,,,,,,,,,,,,,,,,,,,,,,,,,,,,,,,,,,,,,,,,,,,,,,,,,,,,,,,,,,,,,,,,,,,,,,,,,,,,,,,,,,,,,,,,,,,,,,,,,,,,,,,,,,,,,,,,,,,,,,,,,,,,,,,,,,,,,,,,,,,,,,,,,,,,,,,,,,,,,,,,,,,,,,,,,,,,,,,,,,,,,,,,,,,,,,,,,,
DataConstants,Grenada,112523.00,0.0046,520.00,331.00,340.00,-200.00,2.10,32.00,60.00,0.00,3.7,0.9506185123,,,,21.3,21.4,13.1,,,,,,,,,,,,,,,,,,,,,,,,,,,,,,,,,,,,,,,,,,,,,,,,,,,,,,,,,,,,,,,,,,,,,,,,,,,,,,,,,,,,,,,,,,,,,,,,,,,,,,,,,,,,,,,,,,,,,,,,,,,,,,,,,,,,,,,,,,,,,,,,,,,,,,,,,,,,,,,,,,,,,,,,,,,,,,,,,,,,,,,,,,,,,,,,,,,,,,,,,,,,,,,,,,,,,,,,,,,,,,,,,,,,,,,,,,,,,,,,,,,,,,,,,,,,,,,,,,,,,,,,,,,,,,,,,,,,,,,,,,,,,,,,,,,,,,,,,,,,,,,,,,,,,,,,,,,,,,,,,,,,,,,,,,,,,,,,,,,,,,,,,,,,,,,,,,,,,,,,,,,,,,,,,,,,,,,,,,,,,,,,,,,,,,,,,,,,,,,,,,,,,,,,,,,,,,,,,,,,,,,,,,,,,,,,,,,,,,,,,,,,,,,,,,,,,,,,,,,,,,,,,,,,,,,,,,,,,,,,,,,,,,,,,,,,,,,,,,,,,,,,,,,,,,,,,,,,,,,,,,,,,,,,,,,,,,,,,,,,,,,,,,,,,,,,,,,,,,,,,,,,,,,,,,,,,,,,,,,,,,,,,,,,,,,,,,,,,,,,,,,,,,,,,,,,,,,,,,,,,,,,,,,,,,,,,,,,,,,,,,,,,,,,,,,,,,,,,,,,,,,,,,,,,,,,,,,,,,,,,,,,,,,,,,,,,,,,,,,,,,,,,,,,,,,,
DataConstants,Guatemala,17915568.00,0.019,334096.00,167.00,107160.00,-9215.00,2.90,23.00,52.00,0.00,0.6,0.4857228137,,,,21.2,14.9,42.7,,,,,,,,,,,,,,,,,,,,,,,,,,,,,,,,,,,,,,,,,,,,,,,,,,,,,,,,,,,,,,,,,,,,,,,,,,,,,,,,,,,,,,,,,,,,,,,,,,,,,,,,,,,,,,,,,,,,,,,,,,,,,,,,,,,,,,,,,,,,,,,,,,,,,,,,,,,,,,,,,,,,,,,,,,,,,,,,,,,,,,,,,,,,,,,,,,,,,,,,,,,,,,,,,,,,,,,,,,,,,,,,,,,,,,,,,,,,,,,,,,,,,,,,,,,,,,,,,,,,,,,,,,,,,,,,,,,,,,,,,,,,,,,,,,,,,,,,,,,,,,,,,,,,,,,,,,,,,,,,,,,,,,,,,,,,,,,,,,,,,,,,,,,,,,,,,,,,,,,,,,,,,,,,,,,,,,,,,,,,,,,,,,,,,,,,,,,,,,,,,,,,,,,,,,,,,,,,,,,,,,,,,,,,,,,,,,,,,,,,,,,,,,,,,,,,,,,,,,,,,,,,,,,,,,,,,,,,,,,,,,,,,,,,,,,,,,,,,,,,,,,,,,,,,,,,,,,,,,,,,,,,,,,,,,,,,,,,,,,,,,,,,,,,,,,,,,,,,,,,,,,,,,,,,,,,,,,,,,,,,,,,,,,,,,,,,,,,,,,,,,,,,,,,,,,,,,,,,,,,,,,,,,,,,,,,,,,,,,,,,,,,,,,,,,,,,,,,,,,,,,,,,,,,,,,,,,,,,,,,,,,,,,,,,,,,,,,,,,,,,,,,,,,,,,,,
DataConstants,Guinea,13132795.00,0.028300000000000002,361549.00,53.00,245720.00,-4000.00,4.70,18.00,51.00,0.00,0.3,0.3128378602,,,,7.7,22.4,55.5,,,,,,,,,,,,,,,,,,,,,,,,,,,,,,,,,,,,,,,,,,,,,,,,,,,,,,,,,,,,,,,,,,,,,,,,,,,,,,,,,,,,,,,,,,,,,,,,,,,,,,,,,,,,,,,,,,,,,,,,,,,,,,,,,,,,,,,,,,,,,,,,,,,,,,,,,,,,,,,,,,,,,,,,,,,,,,,,,,,,,,,,,,,,,,,,,,,,,,,,,,,,,,,,,,,,,,,,,,,,,,,,,,,,,,,,,,,,,,,,,,,,,,,,,,,,,,,,,,,,,,,,,,,,,,,,,,,,,,,,,,,,,,,,,,,,,,,,,,,,,,,,,,,,,,,,,,,,,,,,,,,,,,,,,,,,,,,,,,,,,,,,,,,,,,,,,,,,,,,,,,,,,,,,,,,,,,,,,,,,,,,,,,,,,,,,,,,,,,,,,,,,,,,,,,,,,,,,,,,,,,,,,,,,,,,,,,,,,,,,,,,,,,,,,,,,,,,,,,,,,,,,,,,,,,,,,,,,,,,,,,,,,,,,,,,,,,,,,,,,,,,,,,,,,,,,,,,,,,,,,,,,,,,,,,,,,,,,,,,,,,,,,,,,,,,,,,,,,,,,,,,,,,,,,,,,,,,,,,,,,,,,,,,,,,,,,,,,,,,,,,,,,,,,,,,,,,,,,,,,,,,,,,,,,,,,,,,,,,,,,,,,,,,,,,,,,,,,,,,,,,,,,,,,,,,,,,,,,,,,,,,,,,,,,,,,,,,,,,,,,,,,,,,,,,,,
DataConstants,GuineaBissau,1968001.00,0.0245,47079.00,70.00,28120.00,-1399.00,4.50,19.00,,0.00,1,0.3046131397,,,,9.5,20,42.65,,,,,,,,,,,,,,,,,,,,,,,,,,,,,,,,,,,,,,,,,,,,,,,,,,,,,,,,,,,,,,,,,,,,,,,,,,,,,,,,,,,,,,,,,,,,,,,,,,,,,,,,,,,,,,,,,,,,,,,,,,,,,,,,,,,,,,,,,,,,,,,,,,,,,,,,,,,,,,,,,,,,,,,,,,,,,,,,,,,,,,,,,,,,,,,,,,,,,,,,,,,,,,,,,,,,,,,,,,,,,,,,,,,,,,,,,,,,,,,,,,,,,,,,,,,,,,,,,,,,,,,,,,,,,,,,,,,,,,,,,,,,,,,,,,,,,,,,,,,,,,,,,,,,,,,,,,,,,,,,,,,,,,,,,,,,,,,,,,,,,,,,,,,,,,,,,,,,,,,,,,,,,,,,,,,,,,,,,,,,,,,,,,,,,,,,,,,,,,,,,,,,,,,,,,,,,,,,,,,,,,,,,,,,,,,,,,,,,,,,,,,,,,,,,,,,,,,,,,,,,,,,,,,,,,,,,,,,,,,,,,,,,,,,,,,,,,,,,,,,,,,,,,,,,,,,,,,,,,,,,,,,,,,,,,,,,,,,,,,,,,,,,,,,,,,,,,,,,,,,,,,,,,,,,,,,,,,,,,,,,,,,,,,,,,,,,,,,,,,,,,,,,,,,,,,,,,,,,,,,,,,,,,,,,,,,,,,,,,,,,,,,,,,,,,,,,,,,,,,,,,,,,,,,,,,,,,,,,,,,,,,,,,,,,,,,,,,,,,,,,,,,,,,,,,,,
DataConstants,Guyana,786552.00,0.0048,3786.00,4.00,196850.00,-6000.00,2.50,27.00,50.00,0.00,1.6,0.6433854011,,,,20.2,30.5,34.95,,,,,,,,,,,,,,,,,,,,,,,,,,,,,,,,,,,,,,,,,,,,,,,,,,,,,,,,,,,,,,,,,,,,,,,,,,,,,,,,,,,,,,,,,,,,,,,,,,,,,,,,,,,,,,,,,,,,,,,,,,,,,,,,,,,,,,,,,,,,,,,,,,,,,,,,,,,,,,,,,,,,,,,,,,,,,,,,,,,,,,,,,,,,,,,,,,,,,,,,,,,,,,,,,,,,,,,,,,,,,,,,,,,,,,,,,,,,,,,,,,,,,,,,,,,,,,,,,,,,,,,,,,,,,,,,,,,,,,,,,,,,,,,,,,,,,,,,,,,,,,,,,,,,,,,,,,,,,,,,,,,,,,,,,,,,,,,,,,,,,,,,,,,,,,,,,,,,,,,,,,,,,,,,,,,,,,,,,,,,,,,,,,,,,,,,,,,,,,,,,,,,,,,,,,,,,,,,,,,,,,,,,,,,,,,,,,,,,,,,,,,,,,,,,,,,,,,,,,,,,,,,,,,,,,,,,,,,,,,,,,,,,,,,,,,,,,,,,,,,,,,,,,,,,,,,,,,,,,,,,,,,,,,,,,,,,,,,,,,,,,,,,,,,,,,,,,,,,,,,,,,,,,,,,,,,,,,,,,,,,,,,,,,,,,,,,,,,,,,,,,,,,,,,,,,,,,,,,,,,,,,,,,,,,,,,,,,,,,,,,,,,,,,,,,,,,,,,,,,,,,,,,,,,,,,,,,,,,,,,,,,,,,,,,,,,,,,,,,,,,,,,,,,,,,,,
DataConstants,Haiti,11402528.00,0.0124,139451.00,414.00,27560.00,-35000.00,3.00,24.00,58.00,0.00,0.7,0.4972639538,,,,22.7,26.5,26.95,,,,,,,,,,,,,,,,,,,,,,,,,,,,,,,,,,,,,,,,,,,,,,,,,,,,,,,,,,,,,,,,,,,,,,,,,,,,,,,,,,,,,,,,,,,,,,,,,,,,,,,,,,,,,,,,,,,,,,,,,,,,,,,,,,,,,,,,,,,,,,,,,,,,,,,,,,,,,,,,,,,,,,,,,,,,,,,,,,,,,,,,,,,,,,,,,,,,,,,,,,,,,,,,,,,,,,,,,,,,,,,,,,,,,,,,,,,,,,,,,,,,,,,,,,,,,,,,,,,,,,,,,,,,,,,,,,,,,,,,,,,,,,,,,,,,,,,,,,,,,,,,,,,,,,,,,,,,,,,,,,,,,,,,,,,,,,,,,,,,,,,,,,,,,,,,,,,,,,,,,,,,,,,,,,,,,,,,,,,,,,,,,,,,,,,,,,,,,,,,,,,,,,,,,,,,,,,,,,,,,,,,,,,,,,,,,,,,,,,,,,,,,,,,,,,,,,,,,,,,,,,,,,,,,,,,,,,,,,,,,,,,,,,,,,,,,,,,,,,,,,,,,,,,,,,,,,,,,,,,,,,,,,,,,,,,,,,,,,,,,,,,,,,,,,,,,,,,,,,,,,,,,,,,,,,,,,,,,,,,,,,,,,,,,,,,,,,,,,,,,,,,,,,,,,,,,,,,,,,,,,,,,,,,,,,,,,,,,,,,,,,,,,,,,,,,,,,,,,,,,,,,,,,,,,,,,,,,,,,,,,,,,,,,,,,,,,,,,,,,,,,,,,,,,,,,
DataConstants,Honduras,9904607.00,0.0163,158490.00,89.00,111890.00,-6800.00,2.50,24.00,49.00,0.00,0.7,0.4884091135,,,,21.4,14,27.8,,,,,,,,,,,,,,,,,,,,,,,,,,,,,,,,,,,,,,,,,,,,,,,,,,,,,,,,,,,,,,,,,,,,,,,,,,,,,,,,,,,,,,,,,,,,,,,,,,,,,,,,,,,,,,,,,,,,,,,,,,,,,,,,,,,,,,,,,,,,,,,,,,,,,,,,,,,,,,,,,,,,,,,,,,,,,,,,,,,,,,,,,,,,,,,,,,,,,,,,,,,,,,,,,,,,,,,,,,,,,,,,,,,,,,,,,,,,,,,,,,,,,,,,,,,,,,,,,,,,,,,,,,,,,,,,,,,,,,,,,,,,,,,,,,,,,,,,,,,,,,,,,,,,,,,,,,,,,,,,,,,,,,,,,,,,,,,,,,,,,,,,,,,,,,,,,,,,,,,,,,,,,,,,,,,,,,,,,,,,,,,,,,,,,,,,,,,,,,,,,,,,,,,,,,,,,,,,,,,,,,,,,,,,,,,,,,,,,,,,,,,,,,,,,,,,,,,,,,,,,,,,,,,,,,,,,,,,,,,,,,,,,,,,,,,,,,,,,,,,,,,,,,,,,,,,,,,,,,,,,,,,,,,,,,,,,,,,,,,,,,,,,,,,,,,,,,,,,,,,,,,,,,,,,,,,,,,,,,,,,,,,,,,,,,,,,,,,,,,,,,,,,,,,,,,,,,,,,,,,,,,,,,,,,,,,,,,,,,,,,,,,,,,,,,,,,,,,,,,,,,,,,,,,,,,,,,,,,,,,,,,,,,,,,,,,,,,,,,,,,,,,,,,,,,,,
DataConstants,HongKong,7496981.00,0.008199999999999999,60827.00,7140.00,1050.00,29308.00,1.30,45.00,,0.00,4.890900135,1.586774119,,,,,,,,,,,,,,,,,,,,,,,,,,,,,,,,,,,,,,,,,,,,,,,,,,,,,,,,,,,,,,,,,,,,,,,,,,,,,,,,,,,,,,,,,,,,,,,,,,,,,,,,,,,,,,,,,,,,,,,,,,,,,,,,,,,,,,,,,,,,,,,,,,,,,,,,,,,,,,,,,,,,,,,,,,,,,,,,,,,,,,,,,,,,,,,,,,,,,,,,,,,,,,,,,,,,,,,,,,,,,,,,,,,,,,,,,,,,,,,,,,,,,,,,,,,,,,,,,,,,,,,,,,,,,,,,,,,,,,,,,,,,,,,,,,,,,,,,,,,,,,,,,,,,,,,,,,,,,,,,,,,,,,,,,,,,,,,,,,,,,,,,,,,,,,,,,,,,,,,,,,,,,,,,,,,,,,,,,,,,,,,,,,,,,,,,,,,,,,,,,,,,,,,,,,,,,,,,,,,,,,,,,,,,,,,,,,,,,,,,,,,,,,,,,,,,,,,,,,,,,,,,,,,,,,,,,,,,,,,,,,,,,,,,,,,,,,,,,,,,,,,,,,,,,,,,,,,,,,,,,,,,,,,,,,,,,,,,,,,,,,,,,,,,,,,,,,,,,,,,,,,,,,,,,,,,,,,,,,,,,,,,,,,,,,,,,,,,,,,,,,,,,,,,,,,,,,,,,,,,,,,,,,,,,,,,,,,,,,,,,,,,,,,,,,,,,,,,,,,,,,,,,,,,,,,,,,,,,,,,,,,,,,,,,,,,,,,,,,,,,,,,,,,,,,,,,,,,,,
DataConstants,Hungary,9660351.00,-0.0025,-24328.00,107.00,90530.00,6000.00,1.50,43.00,42.00,0.00,7,1.654163765,,,,26.4,23,27.65,,,,,,,,,,,,,,,,,,,,,,,,,,,,,,,,,,,,,,,,,,,,,,,,,,,,,,,,,,,,,,,,,,,,,,,,,,,,,,,,,,,,,,,,,,,,,,,,,,,,,,,,,,,,,,,,,,,,,,,,,,,,,,,,,,,,,,,,,,,,,,,,,,,,,,,,,,,,,,,,,,,,,,,,,,,,,,,,,,,,,,,,,,,,,,,,,,,,,,,,,,,,,,,,,,,,,,,,,,,,,,,,,,,,,,,,,,,,,,,,,,,,,,,,,,,,,,,,,,,,,,,,,,,,,,,,,,,,,,,,,,,,,,,,,,,,,,,,,,,,,,,,,,,,,,,,,,,,,,,,,,,,,,,,,,,,,,,,,,,,,,,,,,,,,,,,,,,,,,,,,,,,,,,,,,,,,,,,,,,,,,,,,,,,,,,,,,,,,,,,,,,,,,,,,,,,,,,,,,,,,,,,,,,,,,,,,,,,,,,,,,,,,,,,,,,,,,,,,,,,,,,,,,,,,,,,,,,,,,,,,,,,,,,,,,,,,,,,,,,,,,,,,,,,,,,,,,,,,,,,,,,,,,,,,,,,,,,,,,,,,,,,,,,,,,,,,,,,,,,,,,,,,,,,,,,,,,,,,,,,,,,,,,,,,,,,,,,,,,,,,,,,,,,,,,,,,,,,,,,,,,,,,,,,,,,,,,,,,,,,,,,,,,,,,,,,,,,,,,,,,,,,,,,,,,,,,,,,,,,,,,,,,,,,,,,,,,,,,,,,,,,,,,,,,,,,
DataConstants,Iceland,341243.00,0.006500000000000001,2212.00,3.00,100250.00,380.00,1.80,37.00,37.00,0.00,3.2,1.34255298,,,,21.9,9.1,3.1,,,,,,,,,,,,,,,,,,,,,,,,,,,,,,,,,,,,,,,,,,,,,,,,,,,,,,,,,,,,,,,,,,,,,,,,,,,,,,,,,,,,,,,,,,,,,,,,,,,,,,,,,,,,,,,,,,,,,,,,,,,,,,,,,,,,,,,,,,,,,,,,,,,,,,,,,,,,,,,,,,,,,,,,,,,,,,,,,,,,,,,,,,,,,,,,,,,,,,,,,,,,,,,,,,,,,,,,,,,,,,,,,,,,,,,,,,,,,,,,,,,,,,,,,,,,,,,,,,,,,,,,,,,,,,,,,,,,,,,,,,,,,,,,,,,,,,,,,,,,,,,,,,,,,,,,,,,,,,,,,,,,,,,,,,,,,,,,,,,,,,,,,,,,,,,,,,,,,,,,,,,,,,,,,,,,,,,,,,,,,,,,,,,,,,,,,,,,,,,,,,,,,,,,,,,,,,,,,,,,,,,,,,,,,,,,,,,,,,,,,,,,,,,,,,,,,,,,,,,,,,,,,,,,,,,,,,,,,,,,,,,,,,,,,,,,,,,,,,,,,,,,,,,,,,,,,,,,,,,,,,,,,,,,,,,,,,,,,,,,,,,,,,,,,,,,,,,,,,,,,,,,,,,,,,,,,,,,,,,,,,,,,,,,,,,,,,,,,,,,,,,,,,,,,,,,,,,,,,,,,,,,,,,,,,,,,,,,,,,,,,,,,,,,,,,,,,,,,,,,,,,,,,,,,,,,,,,,,,,,,,,,,,,,,,,,,,,,,,,,,,,,,,,,,,,,
DataConstants,India,1380004385.00,0.009899999999999999,13586631.00,464.00,2973190.00,-532687.00,2.20,28.00,8.00,0.00,0.7,0.613239147,,,,3.9,23.3,30.25,,,,,,,,,,,,,,,,,,,,,,,,,,,,,,,,,,,,,,,,,,,,,,,,,,,,,,,,,,,,,,,,,,,,,,,,,,,,,,,,,,,,,,,,,,,,,,,,,,,,,,,,,,,,,,,,,,,,,,,,,,,,,,,,,,,,,,,,,,,,,,,,,,,,,,,,,,,,,,,,,,,,,,,,,,,,,,,,,,,,,,,,,,,,,,,,,,,,,,,,,,,,,,,,,,,,,,,,,,,,,,,,,,,,,,,,,,,,,,,,,,,,,,,,,,,,,,,,,,,,,,,,,,,,,,,,,,,,,,,,,,,,,,,,,,,,,,,,,,,,,,,,,,,,,,,,,,,,,,,,,,,,,,,,,,,,,,,,,,,,,,,,,,,,,,,,,,,,,,,,,,,,,,,,,,,,,,,,,,,,,,,,,,,,,,,,,,,,,,,,,,,,,,,,,,,,,,,,,,,,,,,,,,,,,,,,,,,,,,,,,,,,,,,,,,,,,,,,,,,,,,,,,,,,,,,,,,,,,,,,,,,,,,,,,,,,,,,,,,,,,,,,,,,,,,,,,,,,,,,,,,,,,,,,,,,,,,,,,,,,,,,,,,,,,,,,,,,,,,,,,,,,,,,,,,,,,,,,,,,,,,,,,,,,,,,,,,,,,,,,,,,,,,,,,,,,,,,,,,,,,,,,,,,,,,,,,,,,,,,,,,,,,,,,,,,,,,,,,,,,,,,,,,,,,,,,,,,,,,,,,,,,,,,,,,,,,,,,,,,,,,,,,,,,,,,,
DataConstants,Indonesia,273523615.00,0.010700000000000001,2898047.00,151.00,1811570.00,-98955.00,2.30,30.00,40.00,0.00,1.2,0.6063078301,,,,6.9,26.4,39.1,,,,,,,,,,,,,,,,,,,,,,,,,,,,,,,,,,,,,,,,,,,,,,,,,,,,,,,,,,,,,,,,,,,,,,,,,,,,,,,,,,,,,,,,,,,,,,,,,,,,,,,,,,,,,,,,,,,,,,,,,,,,,,,,,,,,,,,,,,,,,,,,,,,,,,,,,,,,,,,,,,,,,,,,,,,,,,,,,,,,,,,,,,,,,,,,,,,,,,,,,,,,,,,,,,,,,,,,,,,,,,,,,,,,,,,,,,,,,,,,,,,,,,,,,,,,,,,,,,,,,,,,,,,,,,,,,,,,,,,,,,,,,,,,,,,,,,,,,,,,,,,,,,,,,,,,,,,,,,,,,,,,,,,,,,,,,,,,,,,,,,,,,,,,,,,,,,,,,,,,,,,,,,,,,,,,,,,,,,,,,,,,,,,,,,,,,,,,,,,,,,,,,,,,,,,,,,,,,,,,,,,,,,,,,,,,,,,,,,,,,,,,,,,,,,,,,,,,,,,,,,,,,,,,,,,,,,,,,,,,,,,,,,,,,,,,,,,,,,,,,,,,,,,,,,,,,,,,,,,,,,,,,,,,,,,,,,,,,,,,,,,,,,,,,,,,,,,,,,,,,,,,,,,,,,,,,,,,,,,,,,,,,,,,,,,,,,,,,,,,,,,,,,,,,,,,,,,,,,,,,,,,,,,,,,,,,,,,,,,,,,,,,,,,,,,,,,,,,,,,,,,,,,,,,,,,,,,,,,,,,,,,,,,,,,,,,,,,,,,,,,,,,,,,,,,,
DataConstants,Iran,83992949.00,0.013000000000000001,1079043.00,52.00,1628550.00,-55000.00,2.20,32.00,28.00,1.00,1.5,0.642357311,78,157,8100,25.8,14.8,9.55,,,,,,,,,,,,,,,,,,,,,,,,,,,,,,,,,,,,,,,,,,,,,,,,,,,,,,,,,,,,,,,,,,,,,,,,,,,,,,,,,,,,,,,,,,,,,,,,,,,,,,,,,,,,,,,,,,,,,,,,,,,,,,,,,,,,,,,,,,,,,,,,,,,,,,,,,,,,,,,,,,,,,,,,,,,,,,,,,,,,,,,,,,,,,,,,,,,,,,,,,,,,,,,,,,,,,,,,,,,,,,,,,,,,,,,,,,,,,,,,,,,,,,,,,,,,,,,,,,,,,,,,,,,,,,,,,,,,,,,,,,,,,,,,,,,,,,,,,,,,,,,,,,,,,,,,,,,,,,,,,,,,,,,,,,,,,,,,,,,,,,,,,,,,,,,,,,,,,,,,,,,,,,,,,,,,,,,,,,,,,,,,,,,,,,,,,,,,,,,,,,,,,,,,,,,,,,,,,,,,,,,,,,,,,,,,,,,,,,,,,,,,,,,,,,,,,,,,,,,,,,,,,,,,,,,,,,,,,,,,,,,,,,,,,,,,,,,,,,,,,,,,,,,,,,,,,,,,,,,,,,,,,,,,,,,,,,,,,,,,,,,,,,,,,,,,,,,,,,,,,,,,,,,,,,,,,,,,,,,,,,,,,,,,,,,,,,,,,,,,,,,,,,,,,,,,,,,,,,,,,,,,,,,,,,,,,,,,,,,,,,,,,,,,,,,,,,,,,,,,,,,,,,,,,,,,,,,,,,,,,,,,,,,,,,,,,,,,,,,,,,,,,,,,,,,,
DataConstants,Iraq,40222493.00,0.0232,912710.00,93.00,434320.00,7834.00,3.70,21.00,33.00,0.00,1.4,0.3559181508,,,,30.4,21.3,7.35,,,,,,,,,,,,,,,,,,,,,,,,,,,,,,,,,,,,,,,,,,,,,,,,,,,,,,,,,,,,,,,,,,,,,,,,,,,,,,,,,,,,,,,,,,,,,,,,,,,,,,,,,,,,,,,,,,,,,,,,,,,,,,,,,,,,,,,,,,,,,,,,,,,,,,,,,,,,,,,,,,,,,,,,,,,,,,,,,,,,,,,,,,,,,,,,,,,,,,,,,,,,,,,,,,,,,,,,,,,,,,,,,,,,,,,,,,,,,,,,,,,,,,,,,,,,,,,,,,,,,,,,,,,,,,,,,,,,,,,,,,,,,,,,,,,,,,,,,,,,,,,,,,,,,,,,,,,,,,,,,,,,,,,,,,,,,,,,,,,,,,,,,,,,,,,,,,,,,,,,,,,,,,,,,,,,,,,,,,,,,,,,,,,,,,,,,,,,,,,,,,,,,,,,,,,,,,,,,,,,,,,,,,,,,,,,,,,,,,,,,,,,,,,,,,,,,,,,,,,,,,,,,,,,,,,,,,,,,,,,,,,,,,,,,,,,,,,,,,,,,,,,,,,,,,,,,,,,,,,,,,,,,,,,,,,,,,,,,,,,,,,,,,,,,,,,,,,,,,,,,,,,,,,,,,,,,,,,,,,,,,,,,,,,,,,,,,,,,,,,,,,,,,,,,,,,,,,,,,,,,,,,,,,,,,,,,,,,,,,,,,,,,,,,,,,,,,,,,,,,,,,,,,,,,,,,,,,,,,,,,,,,,,,,,,,,,,,,,,,,,,,,,,,,,,,,
DataConstants,Ireland,4937786.00,0.0113,55291.00,72.00,68890.00,23604.00,1.80,38.00,38.00,0.00,2.8,1.223957815,,,,25.3,10.3,6.9,,,,,,,,,,,,,,,,,,,,,,,,,,,,,,,,,,,,,,,,,,,,,,,,,,,,,,,,,,,,,,,,,,,,,,,,,,,,,,,,,,,,,,,,,,,,,,,,,,,,,,,,,,,,,,,,,,,,,,,,,,,,,,,,,,,,,,,,,,,,,,,,,,,,,,,,,,,,,,,,,,,,,,,,,,,,,,,,,,,,,,,,,,,,,,,,,,,,,,,,,,,,,,,,,,,,,,,,,,,,,,,,,,,,,,,,,,,,,,,,,,,,,,,,,,,,,,,,,,,,,,,,,,,,,,,,,,,,,,,,,,,,,,,,,,,,,,,,,,,,,,,,,,,,,,,,,,,,,,,,,,,,,,,,,,,,,,,,,,,,,,,,,,,,,,,,,,,,,,,,,,,,,,,,,,,,,,,,,,,,,,,,,,,,,,,,,,,,,,,,,,,,,,,,,,,,,,,,,,,,,,,,,,,,,,,,,,,,,,,,,,,,,,,,,,,,,,,,,,,,,,,,,,,,,,,,,,,,,,,,,,,,,,,,,,,,,,,,,,,,,,,,,,,,,,,,,,,,,,,,,,,,,,,,,,,,,,,,,,,,,,,,,,,,,,,,,,,,,,,,,,,,,,,,,,,,,,,,,,,,,,,,,,,,,,,,,,,,,,,,,,,,,,,,,,,,,,,,,,,,,,,,,,,,,,,,,,,,,,,,,,,,,,,,,,,,,,,,,,,,,,,,,,,,,,,,,,,,,,,,,,,,,,,,,,,,,,,,,,,,,,,,,,,,,,,,
DataConstants,Israel,8655535.00,0.016,136158.00,400.00,21640.00,10000.00,3.00,30.00,30.00,0.00,3.1,1.076874606,,,,26.1,9.6,4.95,,,,,,,,,,,,,,,,,,,,,,,,,,,,,,,,,,,,,,,,,,,,,,,,,,,,,,,,,,,,,,,,,,,,,,,,,,,,,,,,,,,,,,,,,,,,,,,,,,,,,,,,,,,,,,,,,,,,,,,,,,,,,,,,,,,,,,,,,,,,,,,,,,,,,,,,,,,,,,,,,,,,,,,,,,,,,,,,,,,,,,,,,,,,,,,,,,,,,,,,,,,,,,,,,,,,,,,,,,,,,,,,,,,,,,,,,,,,,,,,,,,,,,,,,,,,,,,,,,,,,,,,,,,,,,,,,,,,,,,,,,,,,,,,,,,,,,,,,,,,,,,,,,,,,,,,,,,,,,,,,,,,,,,,,,,,,,,,,,,,,,,,,,,,,,,,,,,,,,,,,,,,,,,,,,,,,,,,,,,,,,,,,,,,,,,,,,,,,,,,,,,,,,,,,,,,,,,,,,,,,,,,,,,,,,,,,,,,,,,,,,,,,,,,,,,,,,,,,,,,,,,,,,,,,,,,,,,,,,,,,,,,,,,,,,,,,,,,,,,,,,,,,,,,,,,,,,,,,,,,,,,,,,,,,,,,,,,,,,,,,,,,,,,,,,,,,,,,,,,,,,,,,,,,,,,,,,,,,,,,,,,,,,,,,,,,,,,,,,,,,,,,,,,,,,,,,,,,,,,,,,,,,,,,,,,,,,,,,,,,,,,,,,,,,,,,,,,,,,,,,,,,,,,,,,,,,,,,,,,,,,,,,,,,,,,,,,,,,,,,,,,,,,,,,,,,
DataConstants,Italy,60461826.00,-0.0015,-88249.00,206.00,294140.00,148943.00,1.30,47.00,9.00,0.00,3.4,2.048983517,132,194,16278,19.9,9.5,8.3,,,,,,,,,,,,,,,,,,,,,,,,,,,,,,,,,,,,,,,,,,,,,,,,,,,,,,,,,,,,,,,,,,,,,,,,,,,,,,,,,,,,,,,,,,,,,,,,,,,,,,,,,,,,,,,,,,,,,,,,,,,,,,,,,,,,,,,,,,,,,,,,,,,,,,,,,,,,,,,,,,,,,,,,,,,,,,,,,,,,,,,,,,,,,,,,,,,,,,,,,,,,,,,,,,,,,,,,,,,,,,,,,,,,,,,,,,,,,,,,,,,,,,,,,,,,,,,,,,,,,,,,,,,,,,,,,,,,,,,,,,,,,,,,,,,,,,,,,,,,,,,,,,,,,,,,,,,,,,,,,,,,,,,,,,,,,,,,,,,,,,,,,,,,,,,,,,,,,,,,,,,,,,,,,,,,,,,,,,,,,,,,,,,,,,,,,,,,,,,,,,,,,,,,,,,,,,,,,,,,,,,,,,,,,,,,,,,,,,,,,,,,,,,,,,,,,,,,,,,,,,,,,,,,,,,,,,,,,,,,,,,,,,,,,,,,,,,,,,,,,,,,,,,,,,,,,,,,,,,,,,,,,,,,,,,,,,,,,,,,,,,,,,,,,,,,,,,,,,,,,,,,,,,,,,,,,,,,,,,,,,,,,,,,,,,,,,,,,,,,,,,,,,,,,,,,,,,,,,,,,,,,,,,,,,,,,,,,,,,,,,,,,,,,,,,,,,,,,,,,,,,,,,,,,,,,,,,,,,,,,,,,,,,,,,,,,,,,,,,,,,,,,,,,,,,,
DataConstants,IvoryCoast,26378274.00,0.025699999999999997,661730.00,83.00,318000.00,-8000.00,4.70,19.00,,0.00,0.4,0.3135011442,,,,10.3,29.1,82.6,,,,,,,,,,,,,,,,,,,,,,,,,,,,,,,,,,,,,,,,,,,,,,,,,,,,,,,,,,,,,,,,,,,,,,,,,,,,,,,,,,,,,,,,,,,,,,,,,,,,,,,,,,,,,,,,,,,,,,,,,,,,,,,,,,,,,,,,,,,,,,,,,,,,,,,,,,,,,,,,,,,,,,,,,,,,,,,,,,,,,,,,,,,,,,,,,,,,,,,,,,,,,,,,,,,,,,,,,,,,,,,,,,,,,,,,,,,,,,,,,,,,,,,,,,,,,,,,,,,,,,,,,,,,,,,,,,,,,,,,,,,,,,,,,,,,,,,,,,,,,,,,,,,,,,,,,,,,,,,,,,,,,,,,,,,,,,,,,,,,,,,,,,,,,,,,,,,,,,,,,,,,,,,,,,,,,,,,,,,,,,,,,,,,,,,,,,,,,,,,,,,,,,,,,,,,,,,,,,,,,,,,,,,,,,,,,,,,,,,,,,,,,,,,,,,,,,,,,,,,,,,,,,,,,,,,,,,,,,,,,,,,,,,,,,,,,,,,,,,,,,,,,,,,,,,,,,,,,,,,,,,,,,,,,,,,,,,,,,,,,,,,,,,,,,,,,,,,,,,,,,,,,,,,,,,,,,,,,,,,,,,,,,,,,,,,,,,,,,,,,,,,,,,,,,,,,,,,,,,,,,,,,,,,,,,,,,,,,,,,,,,,,,,,,,,,,,,,,,,,,,,,,,,,,,,,,,,,,,,,,,,,,,,,,,,,,,,,,,,,,,,,,,,,,,,,
DataConstants,Jamaica,2961167.00,0.0044,12888.00,273.00,10830.00,-11332.00,2.00,31.00,49.00,0.00,1.7,0.8596159586,,,,24.7,14.7,7.45,,,,,,,,,,,,,,,,,,,,,,,,,,,,,,,,,,,,,,,,,,,,,,,,,,,,,,,,,,,,,,,,,,,,,,,,,,,,,,,,,,,,,,,,,,,,,,,,,,,,,,,,,,,,,,,,,,,,,,,,,,,,,,,,,,,,,,,,,,,,,,,,,,,,,,,,,,,,,,,,,,,,,,,,,,,,,,,,,,,,,,,,,,,,,,,,,,,,,,,,,,,,,,,,,,,,,,,,,,,,,,,,,,,,,,,,,,,,,,,,,,,,,,,,,,,,,,,,,,,,,,,,,,,,,,,,,,,,,,,,,,,,,,,,,,,,,,,,,,,,,,,,,,,,,,,,,,,,,,,,,,,,,,,,,,,,,,,,,,,,,,,,,,,,,,,,,,,,,,,,,,,,,,,,,,,,,,,,,,,,,,,,,,,,,,,,,,,,,,,,,,,,,,,,,,,,,,,,,,,,,,,,,,,,,,,,,,,,,,,,,,,,,,,,,,,,,,,,,,,,,,,,,,,,,,,,,,,,,,,,,,,,,,,,,,,,,,,,,,,,,,,,,,,,,,,,,,,,,,,,,,,,,,,,,,,,,,,,,,,,,,,,,,,,,,,,,,,,,,,,,,,,,,,,,,,,,,,,,,,,,,,,,,,,,,,,,,,,,,,,,,,,,,,,,,,,,,,,,,,,,,,,,,,,,,,,,,,,,,,,,,,,,,,,,,,,,,,,,,,,,,,,,,,,,,,,,,,,,,,,,,,,,,,,,,,,,,,,,,,,,,,,,,,,,,,,
DataConstants,Japan,126476461.00,-0.003,-383840.00,347.00,364555.00,71560.00,1.40,48.00,0.00,0.00,13.4,2.344575996,138,167,301,4.3,8.4,7.6,,,,,,,,,,,,,,,,,,,,,,,,,,,,,,,,,,,,,,,,,,,,,,,,,,,,,,,,,,,,,,,,,,,,,,,,,,,,,,,,,,,,,,,,,,,,,,,,,,,,,,,,,,,,,,,,,,,,,,,,,,,,,,,,,,,,,,,,,,,,,,,,,,,,,,,,,,,,,,,,,,,,,,,,,,,,,,,,,,,,,,,,,,,,,,,,,,,,,,,,,,,,,,,,,,,,,,,,,,,,,,,,,,,,,,,,,,,,,,,,,,,,,,,,,,,,,,,,,,,,,,,,,,,,,,,,,,,,,,,,,,,,,,,,,,,,,,,,,,,,,,,,,,,,,,,,,,,,,,,,,,,,,,,,,,,,,,,,,,,,,,,,,,,,,,,,,,,,,,,,,,,,,,,,,,,,,,,,,,,,,,,,,,,,,,,,,,,,,,,,,,,,,,,,,,,,,,,,,,,,,,,,,,,,,,,,,,,,,,,,,,,,,,,,,,,,,,,,,,,,,,,,,,,,,,,,,,,,,,,,,,,,,,,,,,,,,,,,,,,,,,,,,,,,,,,,,,,,,,,,,,,,,,,,,,,,,,,,,,,,,,,,,,,,,,,,,,,,,,,,,,,,,,,,,,,,,,,,,,,,,,,,,,,,,,,,,,,,,,,,,,,,,,,,,,,,,,,,,,,,,,,,,,,,,,,,,,,,,,,,,,,,,,,,,,,,,,,,,,,,,,,,,,,,,,,,,,,,,,,,,,,,,,,,,,,,,,,,,,,,,,,,,,,,,,,,
DataConstants,Jordan,10203134.00,0.01,101440.00,115.00,88780.00,10220.00,2.80,24.00,41.00,0.00,1.4,0.4149172553,,,,35.5,19.2,17.6,,,,,,,,,,,,,,,,,,,,,,,,,,,,,,,,,,,,,,,,,,,,,,,,,,,,,,,,,,,,,,,,,,,,,,,,,,,,,,,,,,,,,,,,,,,,,,,,,,,,,,,,,,,,,,,,,,,,,,,,,,,,,,,,,,,,,,,,,,,,,,,,,,,,,,,,,,,,,,,,,,,,,,,,,,,,,,,,,,,,,,,,,,,,,,,,,,,,,,,,,,,,,,,,,,,,,,,,,,,,,,,,,,,,,,,,,,,,,,,,,,,,,,,,,,,,,,,,,,,,,,,,,,,,,,,,,,,,,,,,,,,,,,,,,,,,,,,,,,,,,,,,,,,,,,,,,,,,,,,,,,,,,,,,,,,,,,,,,,,,,,,,,,,,,,,,,,,,,,,,,,,,,,,,,,,,,,,,,,,,,,,,,,,,,,,,,,,,,,,,,,,,,,,,,,,,,,,,,,,,,,,,,,,,,,,,,,,,,,,,,,,,,,,,,,,,,,,,,,,,,,,,,,,,,,,,,,,,,,,,,,,,,,,,,,,,,,,,,,,,,,,,,,,,,,,,,,,,,,,,,,,,,,,,,,,,,,,,,,,,,,,,,,,,,,,,,,,,,,,,,,,,,,,,,,,,,,,,,,,,,,,,,,,,,,,,,,,,,,,,,,,,,,,,,,,,,,,,,,,,,,,,,,,,,,,,,,,,,,,,,,,,,,,,,,,,,,,,,,,,,,,,,,,,,,,,,,,,,,,,,,,,,,,,,,,,,,,,,,,,,,,,,,,,,,,,
DataConstants,Kazakhstan,18776707.00,0.0121,225280.00,7.00,2699700.00,-18000.00,2.80,31.00,51.00,0.00,6.7,0.7507047392,,,,21,26.8,64.65,,,,,,,,,,,,,,,,,,,,,,,,,,,,,,,,,,,,,,,,,,,,,,,,,,,,,,,,,,,,,,,,,,,,,,,,,,,,,,,,,,,,,,,,,,,,,,,,,,,,,,,,,,,,,,,,,,,,,,,,,,,,,,,,,,,,,,,,,,,,,,,,,,,,,,,,,,,,,,,,,,,,,,,,,,,,,,,,,,,,,,,,,,,,,,,,,,,,,,,,,,,,,,,,,,,,,,,,,,,,,,,,,,,,,,,,,,,,,,,,,,,,,,,,,,,,,,,,,,,,,,,,,,,,,,,,,,,,,,,,,,,,,,,,,,,,,,,,,,,,,,,,,,,,,,,,,,,,,,,,,,,,,,,,,,,,,,,,,,,,,,,,,,,,,,,,,,,,,,,,,,,,,,,,,,,,,,,,,,,,,,,,,,,,,,,,,,,,,,,,,,,,,,,,,,,,,,,,,,,,,,,,,,,,,,,,,,,,,,,,,,,,,,,,,,,,,,,,,,,,,,,,,,,,,,,,,,,,,,,,,,,,,,,,,,,,,,,,,,,,,,,,,,,,,,,,,,,,,,,,,,,,,,,,,,,,,,,,,,,,,,,,,,,,,,,,,,,,,,,,,,,,,,,,,,,,,,,,,,,,,,,,,,,,,,,,,,,,,,,,,,,,,,,,,,,,,,,,,,,,,,,,,,,,,,,,,,,,,,,,,,,,,,,,,,,,,,,,,,,,,,,,,,,,,,,,,,,,,,,,,,,,,,,,,,,,,,,,,,,,,,,,,,,,,,,,
DataConstants,Kenya,53771296.00,0.022799999999999997,1197323.00,94.00,569140.00,-10000.00,3.50,20.00,51.00,0.00,1.4,0.2756276324,,,,7.1,13.4,15.7,,,,,,,,,,,,,,,,,,,,,,,,,,,,,,,,,,,,,,,,,,,,,,,,,,,,,,,,,,,,,,,,,,,,,,,,,,,,,,,,,,,,,,,,,,,,,,,,,,,,,,,,,,,,,,,,,,,,,,,,,,,,,,,,,,,,,,,,,,,,,,,,,,,,,,,,,,,,,,,,,,,,,,,,,,,,,,,,,,,,,,,,,,,,,,,,,,,,,,,,,,,,,,,,,,,,,,,,,,,,,,,,,,,,,,,,,,,,,,,,,,,,,,,,,,,,,,,,,,,,,,,,,,,,,,,,,,,,,,,,,,,,,,,,,,,,,,,,,,,,,,,,,,,,,,,,,,,,,,,,,,,,,,,,,,,,,,,,,,,,,,,,,,,,,,,,,,,,,,,,,,,,,,,,,,,,,,,,,,,,,,,,,,,,,,,,,,,,,,,,,,,,,,,,,,,,,,,,,,,,,,,,,,,,,,,,,,,,,,,,,,,,,,,,,,,,,,,,,,,,,,,,,,,,,,,,,,,,,,,,,,,,,,,,,,,,,,,,,,,,,,,,,,,,,,,,,,,,,,,,,,,,,,,,,,,,,,,,,,,,,,,,,,,,,,,,,,,,,,,,,,,,,,,,,,,,,,,,,,,,,,,,,,,,,,,,,,,,,,,,,,,,,,,,,,,,,,,,,,,,,,,,,,,,,,,,,,,,,,,,,,,,,,,,,,,,,,,,,,,,,,,,,,,,,,,,,,,,,,,,,,,,,,,,,,,,,,,,,,,,,,,,,,,,,,,,
DataConstants,Kiribati,119449.00,0.015700000000000002,1843.00,147.00,810.00,-800.00,3.60,23.00,,0.00,1.9,0.4210194674,,,,46,28.4,25.65,,,,,,,,,,,,,,,,,,,,,,,,,,,,,,,,,,,,,,,,,,,,,,,,,,,,,,,,,,,,,,,,,,,,,,,,,,,,,,,,,,,,,,,,,,,,,,,,,,,,,,,,,,,,,,,,,,,,,,,,,,,,,,,,,,,,,,,,,,,,,,,,,,,,,,,,,,,,,,,,,,,,,,,,,,,,,,,,,,,,,,,,,,,,,,,,,,,,,,,,,,,,,,,,,,,,,,,,,,,,,,,,,,,,,,,,,,,,,,,,,,,,,,,,,,,,,,,,,,,,,,,,,,,,,,,,,,,,,,,,,,,,,,,,,,,,,,,,,,,,,,,,,,,,,,,,,,,,,,,,,,,,,,,,,,,,,,,,,,,,,,,,,,,,,,,,,,,,,,,,,,,,,,,,,,,,,,,,,,,,,,,,,,,,,,,,,,,,,,,,,,,,,,,,,,,,,,,,,,,,,,,,,,,,,,,,,,,,,,,,,,,,,,,,,,,,,,,,,,,,,,,,,,,,,,,,,,,,,,,,,,,,,,,,,,,,,,,,,,,,,,,,,,,,,,,,,,,,,,,,,,,,,,,,,,,,,,,,,,,,,,,,,,,,,,,,,,,,,,,,,,,,,,,,,,,,,,,,,,,,,,,,,,,,,,,,,,,,,,,,,,,,,,,,,,,,,,,,,,,,,,,,,,,,,,,,,,,,,,,,,,,,,,,,,,,,,,,,,,,,,,,,,,,,,,,,,,,,,,,,,,,,,,,,,,,,,,,,,,,,,,,,,,,,,,,,
DataConstants,Kuwait,4270571.00,0.0151,63488.00,240.00,17820.00,39520.00,2.10,37.00,33.00,0.00,2,0.4026465028,,,,37.9,17.4,7.5,,,,,,,,,,,,,,,,,,,,,,,,,,,,,,,,,,,,,,,,,,,,,,,,,,,,,,,,,,,,,,,,,,,,,,,,,,,,,,,,,,,,,,,,,,,,,,,,,,,,,,,,,,,,,,,,,,,,,,,,,,,,,,,,,,,,,,,,,,,,,,,,,,,,,,,,,,,,,,,,,,,,,,,,,,,,,,,,,,,,,,,,,,,,,,,,,,,,,,,,,,,,,,,,,,,,,,,,,,,,,,,,,,,,,,,,,,,,,,,,,,,,,,,,,,,,,,,,,,,,,,,,,,,,,,,,,,,,,,,,,,,,,,,,,,,,,,,,,,,,,,,,,,,,,,,,,,,,,,,,,,,,,,,,,,,,,,,,,,,,,,,,,,,,,,,,,,,,,,,,,,,,,,,,,,,,,,,,,,,,,,,,,,,,,,,,,,,,,,,,,,,,,,,,,,,,,,,,,,,,,,,,,,,,,,,,,,,,,,,,,,,,,,,,,,,,,,,,,,,,,,,,,,,,,,,,,,,,,,,,,,,,,,,,,,,,,,,,,,,,,,,,,,,,,,,,,,,,,,,,,,,,,,,,,,,,,,,,,,,,,,,,,,,,,,,,,,,,,,,,,,,,,,,,,,,,,,,,,,,,,,,,,,,,,,,,,,,,,,,,,,,,,,,,,,,,,,,,,,,,,,,,,,,,,,,,,,,,,,,,,,,,,,,,,,,,,,,,,,,,,,,,,,,,,,,,,,,,,,,,,,,,,,,,,,,,,,,,,,,,,,,,,,,,,,,,
DataConstants,Kyrgyzstan,6524195.00,0.0169,108345.00,34.00,191800.00,-4000.00,3.00,26.00,56.00,0.00,4.5,0.5154379332,,,,16.6,24.9,61.15,,,,,,,,,,,,,,,,,,,,,,,,,,,,,,,,,,,,,,,,,,,,,,,,,,,,,,,,,,,,,,,,,,,,,,,,,,,,,,,,,,,,,,,,,,,,,,,,,,,,,,,,,,,,,,,,,,,,,,,,,,,,,,,,,,,,,,,,,,,,,,,,,,,,,,,,,,,,,,,,,,,,,,,,,,,,,,,,,,,,,,,,,,,,,,,,,,,,,,,,,,,,,,,,,,,,,,,,,,,,,,,,,,,,,,,,,,,,,,,,,,,,,,,,,,,,,,,,,,,,,,,,,,,,,,,,,,,,,,,,,,,,,,,,,,,,,,,,,,,,,,,,,,,,,,,,,,,,,,,,,,,,,,,,,,,,,,,,,,,,,,,,,,,,,,,,,,,,,,,,,,,,,,,,,,,,,,,,,,,,,,,,,,,,,,,,,,,,,,,,,,,,,,,,,,,,,,,,,,,,,,,,,,,,,,,,,,,,,,,,,,,,,,,,,,,,,,,,,,,,,,,,,,,,,,,,,,,,,,,,,,,,,,,,,,,,,,,,,,,,,,,,,,,,,,,,,,,,,,,,,,,,,,,,,,,,,,,,,,,,,,,,,,,,,,,,,,,,,,,,,,,,,,,,,,,,,,,,,,,,,,,,,,,,,,,,,,,,,,,,,,,,,,,,,,,,,,,,,,,,,,,,,,,,,,,,,,,,,,,,,,,,,,,,,,,,,,,,,,,,,,,,,,,,,,,,,,,,,,,,,,,,,,,,,,,,,,,,,,,,,,,,,,,,,,,,
DataConstants,Laos,7275560.00,0.0148,106105.00,32.00,230800.00,-14704.00,2.70,24.00,62.00,0.00,1.5,0.4344178025,,,,5.3,27,28.5,,,,,,,,,,,,,,,,,,,,,,,,,,,,,,,,,,,,,,,,,,,,,,,,,,,,,,,,,,,,,,,,,,,,,,,,,,,,,,,,,,,,,,,,,,,,,,,,,,,,,,,,,,,,,,,,,,,,,,,,,,,,,,,,,,,,,,,,,,,,,,,,,,,,,,,,,,,,,,,,,,,,,,,,,,,,,,,,,,,,,,,,,,,,,,,,,,,,,,,,,,,,,,,,,,,,,,,,,,,,,,,,,,,,,,,,,,,,,,,,,,,,,,,,,,,,,,,,,,,,,,,,,,,,,,,,,,,,,,,,,,,,,,,,,,,,,,,,,,,,,,,,,,,,,,,,,,,,,,,,,,,,,,,,,,,,,,,,,,,,,,,,,,,,,,,,,,,,,,,,,,,,,,,,,,,,,,,,,,,,,,,,,,,,,,,,,,,,,,,,,,,,,,,,,,,,,,,,,,,,,,,,,,,,,,,,,,,,,,,,,,,,,,,,,,,,,,,,,,,,,,,,,,,,,,,,,,,,,,,,,,,,,,,,,,,,,,,,,,,,,,,,,,,,,,,,,,,,,,,,,,,,,,,,,,,,,,,,,,,,,,,,,,,,,,,,,,,,,,,,,,,,,,,,,,,,,,,,,,,,,,,,,,,,,,,,,,,,,,,,,,,,,,,,,,,,,,,,,,,,,,,,,,,,,,,,,,,,,,,,,,,,,,,,,,,,,,,,,,,,,,,,,,,,,,,,,,,,,,,,,,,,,,,,,,,,,,,,,,,,,,,,,,,,,,,,
DataConstants,Latvia,1886198.00,-0.0108,-20545.00,30.00,62200.00,-14837.00,1.70,44.00,40.00,0.00,5.8,1.834775976,,,,23.6,21.9,20.5,,,,,,,,,,,,,,,,,,,,,,,,,,,,,,,,,,,,,,,,,,,,,,,,,,,,,,,,,,,,,,,,,,,,,,,,,,,,,,,,,,,,,,,,,,,,,,,,,,,,,,,,,,,,,,,,,,,,,,,,,,,,,,,,,,,,,,,,,,,,,,,,,,,,,,,,,,,,,,,,,,,,,,,,,,,,,,,,,,,,,,,,,,,,,,,,,,,,,,,,,,,,,,,,,,,,,,,,,,,,,,,,,,,,,,,,,,,,,,,,,,,,,,,,,,,,,,,,,,,,,,,,,,,,,,,,,,,,,,,,,,,,,,,,,,,,,,,,,,,,,,,,,,,,,,,,,,,,,,,,,,,,,,,,,,,,,,,,,,,,,,,,,,,,,,,,,,,,,,,,,,,,,,,,,,,,,,,,,,,,,,,,,,,,,,,,,,,,,,,,,,,,,,,,,,,,,,,,,,,,,,,,,,,,,,,,,,,,,,,,,,,,,,,,,,,,,,,,,,,,,,,,,,,,,,,,,,,,,,,,,,,,,,,,,,,,,,,,,,,,,,,,,,,,,,,,,,,,,,,,,,,,,,,,,,,,,,,,,,,,,,,,,,,,,,,,,,,,,,,,,,,,,,,,,,,,,,,,,,,,,,,,,,,,,,,,,,,,,,,,,,,,,,,,,,,,,,,,,,,,,,,,,,,,,,,,,,,,,,,,,,,,,,,,,,,,,,,,,,,,,,,,,,,,,,,,,,,,,,,,,,,,,,,,,,,,,,,,,,,,,,,,,,,,,,,,
DataConstants,Lebanon,6825445.00,-0.0044,-30268.00,667.00,10230.00,-30012.00,2.10,30.00,30.00,0.00,2.9,0.695320532,,,,32,17.9,19,,,,,,,,,,,,,,,,,,,,,,,,,,,,,,,,,,,,,,,,,,,,,,,,,,,,,,,,,,,,,,,,,,,,,,,,,,,,,,,,,,,,,,,,,,,,,,,,,,,,,,,,,,,,,,,,,,,,,,,,,,,,,,,,,,,,,,,,,,,,,,,,,,,,,,,,,,,,,,,,,,,,,,,,,,,,,,,,,,,,,,,,,,,,,,,,,,,,,,,,,,,,,,,,,,,,,,,,,,,,,,,,,,,,,,,,,,,,,,,,,,,,,,,,,,,,,,,,,,,,,,,,,,,,,,,,,,,,,,,,,,,,,,,,,,,,,,,,,,,,,,,,,,,,,,,,,,,,,,,,,,,,,,,,,,,,,,,,,,,,,,,,,,,,,,,,,,,,,,,,,,,,,,,,,,,,,,,,,,,,,,,,,,,,,,,,,,,,,,,,,,,,,,,,,,,,,,,,,,,,,,,,,,,,,,,,,,,,,,,,,,,,,,,,,,,,,,,,,,,,,,,,,,,,,,,,,,,,,,,,,,,,,,,,,,,,,,,,,,,,,,,,,,,,,,,,,,,,,,,,,,,,,,,,,,,,,,,,,,,,,,,,,,,,,,,,,,,,,,,,,,,,,,,,,,,,,,,,,,,,,,,,,,,,,,,,,,,,,,,,,,,,,,,,,,,,,,,,,,,,,,,,,,,,,,,,,,,,,,,,,,,,,,,,,,,,,,,,,,,,,,,,,,,,,,,,,,,,,,,,,,,,,,,,,,,,,,,,,,,,,,,,,,,,,,,,
DataConstants,Lesotho,2142249.00,0.008,16981.00,71.00,30360.00,-10047.00,3.20,24.00,112.00,0.00,1.3,0.4980930587,,,,16.6,26.6,17.4,,,,,,,,,,,,,,,,,,,,,,,,,,,,,,,,,,,,,,,,,,,,,,,,,,,,,,,,,,,,,,,,,,,,,,,,,,,,,,,,,,,,,,,,,,,,,,,,,,,,,,,,,,,,,,,,,,,,,,,,,,,,,,,,,,,,,,,,,,,,,,,,,,,,,,,,,,,,,,,,,,,,,,,,,,,,,,,,,,,,,,,,,,,,,,,,,,,,,,,,,,,,,,,,,,,,,,,,,,,,,,,,,,,,,,,,,,,,,,,,,,,,,,,,,,,,,,,,,,,,,,,,,,,,,,,,,,,,,,,,,,,,,,,,,,,,,,,,,,,,,,,,,,,,,,,,,,,,,,,,,,,,,,,,,,,,,,,,,,,,,,,,,,,,,,,,,,,,,,,,,,,,,,,,,,,,,,,,,,,,,,,,,,,,,,,,,,,,,,,,,,,,,,,,,,,,,,,,,,,,,,,,,,,,,,,,,,,,,,,,,,,,,,,,,,,,,,,,,,,,,,,,,,,,,,,,,,,,,,,,,,,,,,,,,,,,,,,,,,,,,,,,,,,,,,,,,,,,,,,,,,,,,,,,,,,,,,,,,,,,,,,,,,,,,,,,,,,,,,,,,,,,,,,,,,,,,,,,,,,,,,,,,,,,,,,,,,,,,,,,,,,,,,,,,,,,,,,,,,,,,,,,,,,,,,,,,,,,,,,,,,,,,,,,,,,,,,,,,,,,,,,,,,,,,,,,,,,,,,,,,,,,,,,,,,,,,,,,,,,,,,,,,,,,,,,,
DataConstants,Liberia,5057681.00,0.024399999999999998,120307.00,53.00,96320.00,-5000.00,4.40,19.00,54.00,0.00,0.8,0.3505123868,,,,9.9,17.6,46.8,,,,,,,,,,,,,,,,,,,,,,,,,,,,,,,,,,,,,,,,,,,,,,,,,,,,,,,,,,,,,,,,,,,,,,,,,,,,,,,,,,,,,,,,,,,,,,,,,,,,,,,,,,,,,,,,,,,,,,,,,,,,,,,,,,,,,,,,,,,,,,,,,,,,,,,,,,,,,,,,,,,,,,,,,,,,,,,,,,,,,,,,,,,,,,,,,,,,,,,,,,,,,,,,,,,,,,,,,,,,,,,,,,,,,,,,,,,,,,,,,,,,,,,,,,,,,,,,,,,,,,,,,,,,,,,,,,,,,,,,,,,,,,,,,,,,,,,,,,,,,,,,,,,,,,,,,,,,,,,,,,,,,,,,,,,,,,,,,,,,,,,,,,,,,,,,,,,,,,,,,,,,,,,,,,,,,,,,,,,,,,,,,,,,,,,,,,,,,,,,,,,,,,,,,,,,,,,,,,,,,,,,,,,,,,,,,,,,,,,,,,,,,,,,,,,,,,,,,,,,,,,,,,,,,,,,,,,,,,,,,,,,,,,,,,,,,,,,,,,,,,,,,,,,,,,,,,,,,,,,,,,,,,,,,,,,,,,,,,,,,,,,,,,,,,,,,,,,,,,,,,,,,,,,,,,,,,,,,,,,,,,,,,,,,,,,,,,,,,,,,,,,,,,,,,,,,,,,,,,,,,,,,,,,,,,,,,,,,,,,,,,,,,,,,,,,,,,,,,,,,,,,,,,,,,,,,,,,,,,,,,,,,,,,,,,,,,,,,,,,,,,,,,,,,,,,
DataConstants,Libya,6871292.00,0.0138,93840.00,4.00,1759540.00,-1999.00,2.30,29.00,62.00,0.00,3.7,0.4832686632,,,,32.5,20.1,25.65,,,,,,,,,,,,,,,,,,,,,,,,,,,,,,,,,,,,,,,,,,,,,,,,,,,,,,,,,,,,,,,,,,,,,,,,,,,,,,,,,,,,,,,,,,,,,,,,,,,,,,,,,,,,,,,,,,,,,,,,,,,,,,,,,,,,,,,,,,,,,,,,,,,,,,,,,,,,,,,,,,,,,,,,,,,,,,,,,,,,,,,,,,,,,,,,,,,,,,,,,,,,,,,,,,,,,,,,,,,,,,,,,,,,,,,,,,,,,,,,,,,,,,,,,,,,,,,,,,,,,,,,,,,,,,,,,,,,,,,,,,,,,,,,,,,,,,,,,,,,,,,,,,,,,,,,,,,,,,,,,,,,,,,,,,,,,,,,,,,,,,,,,,,,,,,,,,,,,,,,,,,,,,,,,,,,,,,,,,,,,,,,,,,,,,,,,,,,,,,,,,,,,,,,,,,,,,,,,,,,,,,,,,,,,,,,,,,,,,,,,,,,,,,,,,,,,,,,,,,,,,,,,,,,,,,,,,,,,,,,,,,,,,,,,,,,,,,,,,,,,,,,,,,,,,,,,,,,,,,,,,,,,,,,,,,,,,,,,,,,,,,,,,,,,,,,,,,,,,,,,,,,,,,,,,,,,,,,,,,,,,,,,,,,,,,,,,,,,,,,,,,,,,,,,,,,,,,,,,,,,,,,,,,,,,,,,,,,,,,,,,,,,,,,,,,,,,,,,,,,,,,,,,,,,,,,,,,,,,,,,,,,,,,,,,,,,,,,,,,,,,,,,,,,,,,,
DataConstants,Liechtenstein,38128.00,0.0029,109.00,238.00,160.00,,,,42.00,0.00,,#VALUE!,,,,,,,,,,,,,,,,,,,,,,,,,,,,,,,,,,,,,,,,,,,,,,,,,,,,,,,,,,,,,,,,,,,,,,,,,,,,,,,,,,,,,,,,,,,,,,,,,,,,,,,,,,,,,,,,,,,,,,,,,,,,,,,,,,,,,,,,,,,,,,,,,,,,,,,,,,,,,,,,,,,,,,,,,,,,,,,,,,,,,,,,,,,,,,,,,,,,,,,,,,,,,,,,,,,,,,,,,,,,,,,,,,,,,,,,,,,,,,,,,,,,,,,,,,,,,,,,,,,,,,,,,,,,,,,,,,,,,,,,,,,,,,,,,,,,,,,,,,,,,,,,,,,,,,,,,,,,,,,,,,,,,,,,,,,,,,,,,,,,,,,,,,,,,,,,,,,,,,,,,,,,,,,,,,,,,,,,,,,,,,,,,,,,,,,,,,,,,,,,,,,,,,,,,,,,,,,,,,,,,,,,,,,,,,,,,,,,,,,,,,,,,,,,,,,,,,,,,,,,,,,,,,,,,,,,,,,,,,,,,,,,,,,,,,,,,,,,,,,,,,,,,,,,,,,,,,,,,,,,,,,,,,,,,,,,,,,,,,,,,,,,,,,,,,,,,,,,,,,,,,,,,,,,,,,,,,,,,,,,,,,,,,,,,,,,,,,,,,,,,,,,,,,,,,,,,,,,,,,,,,,,,,,,,,,,,,,,,,,,,,,,,,,,,,,,,,,,,,,,,,,,,,,,,,,,,,,,,,,,,,,,,,,,,,,,,,,,,,,,,,,,,,,,,,,,,,,,,,
DataConstants,Lithuania,2722289.00,-0.013500000000000002,-37338.00,43.00,62674.00,-32780.00,1.70,45.00,37.00,0.00,7.3,1.812489636,,,,26.3,20.7,27.6,,,,,,,,,,,,,,,,,,,,,,,,,,,,,,,,,,,,,,,,,,,,,,,,,,,,,,,,,,,,,,,,,,,,,,,,,,,,,,,,,,,,,,,,,,,,,,,,,,,,,,,,,,,,,,,,,,,,,,,,,,,,,,,,,,,,,,,,,,,,,,,,,,,,,,,,,,,,,,,,,,,,,,,,,,,,,,,,,,,,,,,,,,,,,,,,,,,,,,,,,,,,,,,,,,,,,,,,,,,,,,,,,,,,,,,,,,,,,,,,,,,,,,,,,,,,,,,,,,,,,,,,,,,,,,,,,,,,,,,,,,,,,,,,,,,,,,,,,,,,,,,,,,,,,,,,,,,,,,,,,,,,,,,,,,,,,,,,,,,,,,,,,,,,,,,,,,,,,,,,,,,,,,,,,,,,,,,,,,,,,,,,,,,,,,,,,,,,,,,,,,,,,,,,,,,,,,,,,,,,,,,,,,,,,,,,,,,,,,,,,,,,,,,,,,,,,,,,,,,,,,,,,,,,,,,,,,,,,,,,,,,,,,,,,,,,,,,,,,,,,,,,,,,,,,,,,,,,,,,,,,,,,,,,,,,,,,,,,,,,,,,,,,,,,,,,,,,,,,,,,,,,,,,,,,,,,,,,,,,,,,,,,,,,,,,,,,,,,,,,,,,,,,,,,,,,,,,,,,,,,,,,,,,,,,,,,,,,,,,,,,,,,,,,,,,,,,,,,,,,,,,,,,,,,,,,,,,,,,,,,,,,,,,,,,,,,,,,,,,,,,,,,,,,,,,,
DataConstants,Luxembourg,625978.00,0.0166,10249.00,242.00,2590.00,9741.00,1.50,40.00,38.00,0.00,4.8,1.362882632,,,,22.6,10,11.5,,,,,,,,,,,,,,,,,,,,,,,,,,,,,,,,,,,,,,,,,,,,,,,,,,,,,,,,,,,,,,,,,,,,,,,,,,,,,,,,,,,,,,,,,,,,,,,,,,,,,,,,,,,,,,,,,,,,,,,,,,,,,,,,,,,,,,,,,,,,,,,,,,,,,,,,,,,,,,,,,,,,,,,,,,,,,,,,,,,,,,,,,,,,,,,,,,,,,,,,,,,,,,,,,,,,,,,,,,,,,,,,,,,,,,,,,,,,,,,,,,,,,,,,,,,,,,,,,,,,,,,,,,,,,,,,,,,,,,,,,,,,,,,,,,,,,,,,,,,,,,,,,,,,,,,,,,,,,,,,,,,,,,,,,,,,,,,,,,,,,,,,,,,,,,,,,,,,,,,,,,,,,,,,,,,,,,,,,,,,,,,,,,,,,,,,,,,,,,,,,,,,,,,,,,,,,,,,,,,,,,,,,,,,,,,,,,,,,,,,,,,,,,,,,,,,,,,,,,,,,,,,,,,,,,,,,,,,,,,,,,,,,,,,,,,,,,,,,,,,,,,,,,,,,,,,,,,,,,,,,,,,,,,,,,,,,,,,,,,,,,,,,,,,,,,,,,,,,,,,,,,,,,,,,,,,,,,,,,,,,,,,,,,,,,,,,,,,,,,,,,,,,,,,,,,,,,,,,,,,,,,,,,,,,,,,,,,,,,,,,,,,,,,,,,,,,,,,,,,,,,,,,,,,,,,,,,,,,,,,,,,,,,,,,,,,,,,,,,,,,,,,,,,,,,,,
DataConstants,Madagascar,27691018.00,0.0268,721711.00,48.00,581795.00,-1500.00,4.10,20.00,58.00,0.00,0.2,0.3339634531,,,,5.3,22.9,22.25,,,,,,,,,,,,,,,,,,,,,,,,,,,,,,,,,,,,,,,,,,,,,,,,,,,,,,,,,,,,,,,,,,,,,,,,,,,,,,,,,,,,,,,,,,,,,,,,,,,,,,,,,,,,,,,,,,,,,,,,,,,,,,,,,,,,,,,,,,,,,,,,,,,,,,,,,,,,,,,,,,,,,,,,,,,,,,,,,,,,,,,,,,,,,,,,,,,,,,,,,,,,,,,,,,,,,,,,,,,,,,,,,,,,,,,,,,,,,,,,,,,,,,,,,,,,,,,,,,,,,,,,,,,,,,,,,,,,,,,,,,,,,,,,,,,,,,,,,,,,,,,,,,,,,,,,,,,,,,,,,,,,,,,,,,,,,,,,,,,,,,,,,,,,,,,,,,,,,,,,,,,,,,,,,,,,,,,,,,,,,,,,,,,,,,,,,,,,,,,,,,,,,,,,,,,,,,,,,,,,,,,,,,,,,,,,,,,,,,,,,,,,,,,,,,,,,,,,,,,,,,,,,,,,,,,,,,,,,,,,,,,,,,,,,,,,,,,,,,,,,,,,,,,,,,,,,,,,,,,,,,,,,,,,,,,,,,,,,,,,,,,,,,,,,,,,,,,,,,,,,,,,,,,,,,,,,,,,,,,,,,,,,,,,,,,,,,,,,,,,,,,,,,,,,,,,,,,,,,,,,,,,,,,,,,,,,,,,,,,,,,,,,,,,,,,,,,,,,,,,,,,,,,,,,,,,,,,,,,,,,,,,,,,,,,,,,,,,,,,,,,,,,,,,,,,,
DataConstants,Malawi,19129952.00,0.0269,501205.00,203.00,94280.00,-16053.00,4.30,18.00,71.00,0.00,1.3,0.2859085331,,,,5.8,16.4,24.05,,,,,,,,,,,,,,,,,,,,,,,,,,,,,,,,,,,,,,,,,,,,,,,,,,,,,,,,,,,,,,,,,,,,,,,,,,,,,,,,,,,,,,,,,,,,,,,,,,,,,,,,,,,,,,,,,,,,,,,,,,,,,,,,,,,,,,,,,,,,,,,,,,,,,,,,,,,,,,,,,,,,,,,,,,,,,,,,,,,,,,,,,,,,,,,,,,,,,,,,,,,,,,,,,,,,,,,,,,,,,,,,,,,,,,,,,,,,,,,,,,,,,,,,,,,,,,,,,,,,,,,,,,,,,,,,,,,,,,,,,,,,,,,,,,,,,,,,,,,,,,,,,,,,,,,,,,,,,,,,,,,,,,,,,,,,,,,,,,,,,,,,,,,,,,,,,,,,,,,,,,,,,,,,,,,,,,,,,,,,,,,,,,,,,,,,,,,,,,,,,,,,,,,,,,,,,,,,,,,,,,,,,,,,,,,,,,,,,,,,,,,,,,,,,,,,,,,,,,,,,,,,,,,,,,,,,,,,,,,,,,,,,,,,,,,,,,,,,,,,,,,,,,,,,,,,,,,,,,,,,,,,,,,,,,,,,,,,,,,,,,,,,,,,,,,,,,,,,,,,,,,,,,,,,,,,,,,,,,,,,,,,,,,,,,,,,,,,,,,,,,,,,,,,,,,,,,,,,,,,,,,,,,,,,,,,,,,,,,,,,,,,,,,,,,,,,,,,,,,,,,,,,,,,,,,,,,,,,,,,,,,,,,,,,,,,,,,,,,,,,,,,,,,,,,,,
DataConstants,Malaysia,32365999.00,0.013000000000000001,416222.00,99.00,328550.00,50000.00,2.00,30.00,3.00,0.00,1.9,0.6506815242,,,,15.6,17.2,13.4,,,,,,,,,,,,,,,,,,,,,,,,,,,,,,,,,,,,,,,,,,,,,,,,,,,,,,,,,,,,,,,,,,,,,,,,,,,,,,,,,,,,,,,,,,,,,,,,,,,,,,,,,,,,,,,,,,,,,,,,,,,,,,,,,,,,,,,,,,,,,,,,,,,,,,,,,,,,,,,,,,,,,,,,,,,,,,,,,,,,,,,,,,,,,,,,,,,,,,,,,,,,,,,,,,,,,,,,,,,,,,,,,,,,,,,,,,,,,,,,,,,,,,,,,,,,,,,,,,,,,,,,,,,,,,,,,,,,,,,,,,,,,,,,,,,,,,,,,,,,,,,,,,,,,,,,,,,,,,,,,,,,,,,,,,,,,,,,,,,,,,,,,,,,,,,,,,,,,,,,,,,,,,,,,,,,,,,,,,,,,,,,,,,,,,,,,,,,,,,,,,,,,,,,,,,,,,,,,,,,,,,,,,,,,,,,,,,,,,,,,,,,,,,,,,,,,,,,,,,,,,,,,,,,,,,,,,,,,,,,,,,,,,,,,,,,,,,,,,,,,,,,,,,,,,,,,,,,,,,,,,,,,,,,,,,,,,,,,,,,,,,,,,,,,,,,,,,,,,,,,,,,,,,,,,,,,,,,,,,,,,,,,,,,,,,,,,,,,,,,,,,,,,,,,,,,,,,,,,,,,,,,,,,,,,,,,,,,,,,,,,,,,,,,,,,,,,,,,,,,,,,,,,,,,,,,,,,,,,,,,,,,,,,,,,,,,,,,,,,,,,,,,,,,,,,,
DataConstants,Maldives,540544.00,0.0181,9591.00,1802.00,300.00,11370.00,1.90,30.00,46.00,0.00,4.3,0.4568036348,,,,8.6,13.4,9.7,,,,,,,,,,,,,,,,,,,,,,,,,,,,,,,,,,,,,,,,,,,,,,,,,,,,,,,,,,,,,,,,,,,,,,,,,,,,,,,,,,,,,,,,,,,,,,,,,,,,,,,,,,,,,,,,,,,,,,,,,,,,,,,,,,,,,,,,,,,,,,,,,,,,,,,,,,,,,,,,,,,,,,,,,,,,,,,,,,,,,,,,,,,,,,,,,,,,,,,,,,,,,,,,,,,,,,,,,,,,,,,,,,,,,,,,,,,,,,,,,,,,,,,,,,,,,,,,,,,,,,,,,,,,,,,,,,,,,,,,,,,,,,,,,,,,,,,,,,,,,,,,,,,,,,,,,,,,,,,,,,,,,,,,,,,,,,,,,,,,,,,,,,,,,,,,,,,,,,,,,,,,,,,,,,,,,,,,,,,,,,,,,,,,,,,,,,,,,,,,,,,,,,,,,,,,,,,,,,,,,,,,,,,,,,,,,,,,,,,,,,,,,,,,,,,,,,,,,,,,,,,,,,,,,,,,,,,,,,,,,,,,,,,,,,,,,,,,,,,,,,,,,,,,,,,,,,,,,,,,,,,,,,,,,,,,,,,,,,,,,,,,,,,,,,,,,,,,,,,,,,,,,,,,,,,,,,,,,,,,,,,,,,,,,,,,,,,,,,,,,,,,,,,,,,,,,,,,,,,,,,,,,,,,,,,,,,,,,,,,,,,,,,,,,,,,,,,,,,,,,,,,,,,,,,,,,,,,,,,,,,,,,,,,,,,,,,,,,,,,,,,,,,,,,,,,
DataConstants,Mali,20250833.00,0.0302,592802.00,17.00,1220190.00,-40000.00,5.90,16.00,63.00,0.00,0.1,0.2739030942,,,,8.6,24.6,44.85,,,,,,,,,,,,,,,,,,,,,,,,,,,,,,,,,,,,,,,,,,,,,,,,,,,,,,,,,,,,,,,,,,,,,,,,,,,,,,,,,,,,,,,,,,,,,,,,,,,,,,,,,,,,,,,,,,,,,,,,,,,,,,,,,,,,,,,,,,,,,,,,,,,,,,,,,,,,,,,,,,,,,,,,,,,,,,,,,,,,,,,,,,,,,,,,,,,,,,,,,,,,,,,,,,,,,,,,,,,,,,,,,,,,,,,,,,,,,,,,,,,,,,,,,,,,,,,,,,,,,,,,,,,,,,,,,,,,,,,,,,,,,,,,,,,,,,,,,,,,,,,,,,,,,,,,,,,,,,,,,,,,,,,,,,,,,,,,,,,,,,,,,,,,,,,,,,,,,,,,,,,,,,,,,,,,,,,,,,,,,,,,,,,,,,,,,,,,,,,,,,,,,,,,,,,,,,,,,,,,,,,,,,,,,,,,,,,,,,,,,,,,,,,,,,,,,,,,,,,,,,,,,,,,,,,,,,,,,,,,,,,,,,,,,,,,,,,,,,,,,,,,,,,,,,,,,,,,,,,,,,,,,,,,,,,,,,,,,,,,,,,,,,,,,,,,,,,,,,,,,,,,,,,,,,,,,,,,,,,,,,,,,,,,,,,,,,,,,,,,,,,,,,,,,,,,,,,,,,,,,,,,,,,,,,,,,,,,,,,,,,,,,,,,,,,,,,,,,,,,,,,,,,,,,,,,,,,,,,,,,,,,,,,,,,,,,,,,,,,,,,,,,,,,,,,,
DataConstants,Malta,441543.00,0.0027,1171.00,1380.00,320.00,900.00,1.50,43.00,45.00,0.00,4.7,1.702583491,,,,28.9,10.8,4.35,,,,,,,,,,,,,,,,,,,,,,,,,,,,,,,,,,,,,,,,,,,,,,,,,,,,,,,,,,,,,,,,,,,,,,,,,,,,,,,,,,,,,,,,,,,,,,,,,,,,,,,,,,,,,,,,,,,,,,,,,,,,,,,,,,,,,,,,,,,,,,,,,,,,,,,,,,,,,,,,,,,,,,,,,,,,,,,,,,,,,,,,,,,,,,,,,,,,,,,,,,,,,,,,,,,,,,,,,,,,,,,,,,,,,,,,,,,,,,,,,,,,,,,,,,,,,,,,,,,,,,,,,,,,,,,,,,,,,,,,,,,,,,,,,,,,,,,,,,,,,,,,,,,,,,,,,,,,,,,,,,,,,,,,,,,,,,,,,,,,,,,,,,,,,,,,,,,,,,,,,,,,,,,,,,,,,,,,,,,,,,,,,,,,,,,,,,,,,,,,,,,,,,,,,,,,,,,,,,,,,,,,,,,,,,,,,,,,,,,,,,,,,,,,,,,,,,,,,,,,,,,,,,,,,,,,,,,,,,,,,,,,,,,,,,,,,,,,,,,,,,,,,,,,,,,,,,,,,,,,,,,,,,,,,,,,,,,,,,,,,,,,,,,,,,,,,,,,,,,,,,,,,,,,,,,,,,,,,,,,,,,,,,,,,,,,,,,,,,,,,,,,,,,,,,,,,,,,,,,,,,,,,,,,,,,,,,,,,,,,,,,,,,,,,,,,,,,,,,,,,,,,,,,,,,,,,,,,,,,,,,,,,,,,,,,,,,,,,,,,,,,,,,,,,,,,
DataConstants,Mauritania,4649658.00,0.0274,123962.00,5.00,1030700.00,5000.00,4.60,20.00,52.00,0.00,0.4,0.3471296388,,,,12.7,18.1,45.55,,,,,,,,,,,,,,,,,,,,,,,,,,,,,,,,,,,,,,,,,,,,,,,,,,,,,,,,,,,,,,,,,,,,,,,,,,,,,,,,,,,,,,,,,,,,,,,,,,,,,,,,,,,,,,,,,,,,,,,,,,,,,,,,,,,,,,,,,,,,,,,,,,,,,,,,,,,,,,,,,,,,,,,,,,,,,,,,,,,,,,,,,,,,,,,,,,,,,,,,,,,,,,,,,,,,,,,,,,,,,,,,,,,,,,,,,,,,,,,,,,,,,,,,,,,,,,,,,,,,,,,,,,,,,,,,,,,,,,,,,,,,,,,,,,,,,,,,,,,,,,,,,,,,,,,,,,,,,,,,,,,,,,,,,,,,,,,,,,,,,,,,,,,,,,,,,,,,,,,,,,,,,,,,,,,,,,,,,,,,,,,,,,,,,,,,,,,,,,,,,,,,,,,,,,,,,,,,,,,,,,,,,,,,,,,,,,,,,,,,,,,,,,,,,,,,,,,,,,,,,,,,,,,,,,,,,,,,,,,,,,,,,,,,,,,,,,,,,,,,,,,,,,,,,,,,,,,,,,,,,,,,,,,,,,,,,,,,,,,,,,,,,,,,,,,,,,,,,,,,,,,,,,,,,,,,,,,,,,,,,,,,,,,,,,,,,,,,,,,,,,,,,,,,,,,,,,,,,,,,,,,,,,,,,,,,,,,,,,,,,,,,,,,,,,,,,,,,,,,,,,,,,,,,,,,,,,,,,,,,,,,,,,,,,,,,,,,,,,,,,,,,,,,,,,,,
DataConstants,Mauritius,1271768.00,0.0017000000000000001,2100.00,626.00,2030.00,0.00,1.40,37.00,56.00,0.00,3.4,1.041853215,,,,10.8,22.6,13.2,,,,,,,,,,,,,,,,,,,,,,,,,,,,,,,,,,,,,,,,,,,,,,,,,,,,,,,,,,,,,,,,,,,,,,,,,,,,,,,,,,,,,,,,,,,,,,,,,,,,,,,,,,,,,,,,,,,,,,,,,,,,,,,,,,,,,,,,,,,,,,,,,,,,,,,,,,,,,,,,,,,,,,,,,,,,,,,,,,,,,,,,,,,,,,,,,,,,,,,,,,,,,,,,,,,,,,,,,,,,,,,,,,,,,,,,,,,,,,,,,,,,,,,,,,,,,,,,,,,,,,,,,,,,,,,,,,,,,,,,,,,,,,,,,,,,,,,,,,,,,,,,,,,,,,,,,,,,,,,,,,,,,,,,,,,,,,,,,,,,,,,,,,,,,,,,,,,,,,,,,,,,,,,,,,,,,,,,,,,,,,,,,,,,,,,,,,,,,,,,,,,,,,,,,,,,,,,,,,,,,,,,,,,,,,,,,,,,,,,,,,,,,,,,,,,,,,,,,,,,,,,,,,,,,,,,,,,,,,,,,,,,,,,,,,,,,,,,,,,,,,,,,,,,,,,,,,,,,,,,,,,,,,,,,,,,,,,,,,,,,,,,,,,,,,,,,,,,,,,,,,,,,,,,,,,,,,,,,,,,,,,,,,,,,,,,,,,,,,,,,,,,,,,,,,,,,,,,,,,,,,,,,,,,,,,,,,,,,,,,,,,,,,,,,,,,,,,,,,,,,,,,,,,,,,,,,,,,,,,,,,,,,,,,,,,,,,,,,,,,,,,,,,,,,,,,
DataConstants,Mexico,128932753.00,0.0106,1357224.00,66.00,1943950.00,-60000.00,2.10,29.00,37.00,0.00,1.5,0.7184691407,,,,28.9,15.7,35.05,,,,,,,,,,,,,,,,,,,,,,,,,,,,,,,,,,,,,,,,,,,,,,,,,,,,,,,,,,,,,,,,,,,,,,,,,,,,,,,,,,,,,,,,,,,,,,,,,,,,,,,,,,,,,,,,,,,,,,,,,,,,,,,,,,,,,,,,,,,,,,,,,,,,,,,,,,,,,,,,,,,,,,,,,,,,,,,,,,,,,,,,,,,,,,,,,,,,,,,,,,,,,,,,,,,,,,,,,,,,,,,,,,,,,,,,,,,,,,,,,,,,,,,,,,,,,,,,,,,,,,,,,,,,,,,,,,,,,,,,,,,,,,,,,,,,,,,,,,,,,,,,,,,,,,,,,,,,,,,,,,,,,,,,,,,,,,,,,,,,,,,,,,,,,,,,,,,,,,,,,,,,,,,,,,,,,,,,,,,,,,,,,,,,,,,,,,,,,,,,,,,,,,,,,,,,,,,,,,,,,,,,,,,,,,,,,,,,,,,,,,,,,,,,,,,,,,,,,,,,,,,,,,,,,,,,,,,,,,,,,,,,,,,,,,,,,,,,,,,,,,,,,,,,,,,,,,,,,,,,,,,,,,,,,,,,,,,,,,,,,,,,,,,,,,,,,,,,,,,,,,,,,,,,,,,,,,,,,,,,,,,,,,,,,,,,,,,,,,,,,,,,,,,,,,,,,,,,,,,,,,,,,,,,,,,,,,,,,,,,,,,,,,,,,,,,,,,,,,,,,,,,,,,,,,,,,,,,,,,,,,,,,,,,,,,,,,,,,,,,,,,,,,,,,,,,
DataConstants,Micronesia,115023.00,0.0106,1208.00,164.00,700.00,-600.00,3.10,24.00,,0.00,3.2,0.4394919245,,,,45.8,26.1,19.6,,,,,,,,,,,,,,,,,,,,,,,,,,,,,,,,,,,,,,,,,,,,,,,,,,,,,,,,,,,,,,,,,,,,,,,,,,,,,,,,,,,,,,,,,,,,,,,,,,,,,,,,,,,,,,,,,,,,,,,,,,,,,,,,,,,,,,,,,,,,,,,,,,,,,,,,,,,,,,,,,,,,,,,,,,,,,,,,,,,,,,,,,,,,,,,,,,,,,,,,,,,,,,,,,,,,,,,,,,,,,,,,,,,,,,,,,,,,,,,,,,,,,,,,,,,,,,,,,,,,,,,,,,,,,,,,,,,,,,,,,,,,,,,,,,,,,,,,,,,,,,,,,,,,,,,,,,,,,,,,,,,,,,,,,,,,,,,,,,,,,,,,,,,,,,,,,,,,,,,,,,,,,,,,,,,,,,,,,,,,,,,,,,,,,,,,,,,,,,,,,,,,,,,,,,,,,,,,,,,,,,,,,,,,,,,,,,,,,,,,,,,,,,,,,,,,,,,,,,,,,,,,,,,,,,,,,,,,,,,,,,,,,,,,,,,,,,,,,,,,,,,,,,,,,,,,,,,,,,,,,,,,,,,,,,,,,,,,,,,,,,,,,,,,,,,,,,,,,,,,,,,,,,,,,,,,,,,,,,,,,,,,,,,,,,,,,,,,,,,,,,,,,,,,,,,,,,,,,,,,,,,,,,,,,,,,,,,,,,,,,,,,,,,,,,,,,,,,,,,,,,,,,,,,,,,,,,,,,,,,,,,,,,,,,,,,,,,,,,,,,,,,,,,,,,,,
DataConstants,Moldova,4033963.00,-0.0023,-9300.00,123.00,32850.00,-1387.00,1.30,38.00,46.00,0.00,5.8,1.100089543,,,,18.9,24.9,82.2,,,,,,,,,,,,,,,,,,,,,,,,,,,,,,,,,,,,,,,,,,,,,,,,,,,,,,,,,,,,,,,,,,,,,,,,,,,,,,,,,,,,,,,,,,,,,,,,,,,,,,,,,,,,,,,,,,,,,,,,,,,,,,,,,,,,,,,,,,,,,,,,,,,,,,,,,,,,,,,,,,,,,,,,,,,,,,,,,,,,,,,,,,,,,,,,,,,,,,,,,,,,,,,,,,,,,,,,,,,,,,,,,,,,,,,,,,,,,,,,,,,,,,,,,,,,,,,,,,,,,,,,,,,,,,,,,,,,,,,,,,,,,,,,,,,,,,,,,,,,,,,,,,,,,,,,,,,,,,,,,,,,,,,,,,,,,,,,,,,,,,,,,,,,,,,,,,,,,,,,,,,,,,,,,,,,,,,,,,,,,,,,,,,,,,,,,,,,,,,,,,,,,,,,,,,,,,,,,,,,,,,,,,,,,,,,,,,,,,,,,,,,,,,,,,,,,,,,,,,,,,,,,,,,,,,,,,,,,,,,,,,,,,,,,,,,,,,,,,,,,,,,,,,,,,,,,,,,,,,,,,,,,,,,,,,,,,,,,,,,,,,,,,,,,,,,,,,,,,,,,,,,,,,,,,,,,,,,,,,,,,,,,,,,,,,,,,,,,,,,,,,,,,,,,,,,,,,,,,,,,,,,,,,,,,,,,,,,,,,,,,,,,,,,,,,,,,,,,,,,,,,,,,,,,,,,,,,,,,,,,,,,,,,,,,,,,,,,,,,,,,,,,,,,,,,,
DataConstants,Monaco,39242.00,0.0070999999999999995,278.00,26337.00,1.00,,,,38.00,0.00,16.46,#VALUE!,,,,,,,,,,,,,,,,,,,,,,,,,,,,,,,,,,,,,,,,,,,,,,,,,,,,,,,,,,,,,,,,,,,,,,,,,,,,,,,,,,,,,,,,,,,,,,,,,,,,,,,,,,,,,,,,,,,,,,,,,,,,,,,,,,,,,,,,,,,,,,,,,,,,,,,,,,,,,,,,,,,,,,,,,,,,,,,,,,,,,,,,,,,,,,,,,,,,,,,,,,,,,,,,,,,,,,,,,,,,,,,,,,,,,,,,,,,,,,,,,,,,,,,,,,,,,,,,,,,,,,,,,,,,,,,,,,,,,,,,,,,,,,,,,,,,,,,,,,,,,,,,,,,,,,,,,,,,,,,,,,,,,,,,,,,,,,,,,,,,,,,,,,,,,,,,,,,,,,,,,,,,,,,,,,,,,,,,,,,,,,,,,,,,,,,,,,,,,,,,,,,,,,,,,,,,,,,,,,,,,,,,,,,,,,,,,,,,,,,,,,,,,,,,,,,,,,,,,,,,,,,,,,,,,,,,,,,,,,,,,,,,,,,,,,,,,,,,,,,,,,,,,,,,,,,,,,,,,,,,,,,,,,,,,,,,,,,,,,,,,,,,,,,,,,,,,,,,,,,,,,,,,,,,,,,,,,,,,,,,,,,,,,,,,,,,,,,,,,,,,,,,,,,,,,,,,,,,,,,,,,,,,,,,,,,,,,,,,,,,,,,,,,,,,,,,,,,,,,,,,,,,,,,,,,,,,,,,,,,,,,,,,,,,,,,,,,,,,,,,,,,,,,,,,,,,,,,,,,
DataConstants,Mongolia,3278290.00,0.0165,53123.00,2.00,1553560.00,-852.00,2.90,28.00,48.00,0.00,7,0.47494445,,,,20.6,30.2,77.8,,,,,,,,,,,,,,,,,,,,,,,,,,,,,,,,,,,,,,,,,,,,,,,,,,,,,,,,,,,,,,,,,,,,,,,,,,,,,,,,,,,,,,,,,,,,,,,,,,,,,,,,,,,,,,,,,,,,,,,,,,,,,,,,,,,,,,,,,,,,,,,,,,,,,,,,,,,,,,,,,,,,,,,,,,,,,,,,,,,,,,,,,,,,,,,,,,,,,,,,,,,,,,,,,,,,,,,,,,,,,,,,,,,,,,,,,,,,,,,,,,,,,,,,,,,,,,,,,,,,,,,,,,,,,,,,,,,,,,,,,,,,,,,,,,,,,,,,,,,,,,,,,,,,,,,,,,,,,,,,,,,,,,,,,,,,,,,,,,,,,,,,,,,,,,,,,,,,,,,,,,,,,,,,,,,,,,,,,,,,,,,,,,,,,,,,,,,,,,,,,,,,,,,,,,,,,,,,,,,,,,,,,,,,,,,,,,,,,,,,,,,,,,,,,,,,,,,,,,,,,,,,,,,,,,,,,,,,,,,,,,,,,,,,,,,,,,,,,,,,,,,,,,,,,,,,,,,,,,,,,,,,,,,,,,,,,,,,,,,,,,,,,,,,,,,,,,,,,,,,,,,,,,,,,,,,,,,,,,,,,,,,,,,,,,,,,,,,,,,,,,,,,,,,,,,,,,,,,,,,,,,,,,,,,,,,,,,,,,,,,,,,,,,,,,,,,,,,,,,,,,,,,,,,,,,,,,,,,,,,,,,,,,,,,,,,,,,,,,,,,,,,,,,,,,,,
DataConstants,Montenegro,628066.00,0.0001,79.00,47.00,13450.00,-480.00,1.80,39.00,55.00,0.00,4,1.349053162,,,,23.3,20.6,5.75,,,,,,,,,,,,,,,,,,,,,,,,,,,,,,,,,,,,,,,,,,,,,,,,,,,,,,,,,,,,,,,,,,,,,,,,,,,,,,,,,,,,,,,,,,,,,,,,,,,,,,,,,,,,,,,,,,,,,,,,,,,,,,,,,,,,,,,,,,,,,,,,,,,,,,,,,,,,,,,,,,,,,,,,,,,,,,,,,,,,,,,,,,,,,,,,,,,,,,,,,,,,,,,,,,,,,,,,,,,,,,,,,,,,,,,,,,,,,,,,,,,,,,,,,,,,,,,,,,,,,,,,,,,,,,,,,,,,,,,,,,,,,,,,,,,,,,,,,,,,,,,,,,,,,,,,,,,,,,,,,,,,,,,,,,,,,,,,,,,,,,,,,,,,,,,,,,,,,,,,,,,,,,,,,,,,,,,,,,,,,,,,,,,,,,,,,,,,,,,,,,,,,,,,,,,,,,,,,,,,,,,,,,,,,,,,,,,,,,,,,,,,,,,,,,,,,,,,,,,,,,,,,,,,,,,,,,,,,,,,,,,,,,,,,,,,,,,,,,,,,,,,,,,,,,,,,,,,,,,,,,,,,,,,,,,,,,,,,,,,,,,,,,,,,,,,,,,,,,,,,,,,,,,,,,,,,,,,,,,,,,,,,,,,,,,,,,,,,,,,,,,,,,,,,,,,,,,,,,,,,,,,,,,,,,,,,,,,,,,,,,,,,,,,,,,,,,,,,,,,,,,,,,,,,,,,,,,,,,,,,,,,,,,,,,,,,,,,,,,,,,,,,,,,,,,,
DataConstants,Morocco,36910560.00,0.012,438791.00,83.00,446300.00,-51419.00,2.40,30.00,40.00,0.00,1.1,#VALUE!,,,,26.1,12.4,12.85,,,,,,,,,,,,,,,,,,,,,,,,,,,,,,,,,,,,,,,,,,,,,,,,,,,,,,,,,,,,,,,,,,,,,,,,,,,,,,,,,,,,,,,,,,,,,,,,,,,,,,,,,,,,,,,,,,,,,,,,,,,,,,,,,,,,,,,,,,,,,,,,,,,,,,,,,,,,,,,,,,,,,,,,,,,,,,,,,,,,,,,,,,,,,,,,,,,,,,,,,,,,,,,,,,,,,,,,,,,,,,,,,,,,,,,,,,,,,,,,,,,,,,,,,,,,,,,,,,,,,,,,,,,,,,,,,,,,,,,,,,,,,,,,,,,,,,,,,,,,,,,,,,,,,,,,,,,,,,,,,,,,,,,,,,,,,,,,,,,,,,,,,,,,,,,,,,,,,,,,,,,,,,,,,,,,,,,,,,,,,,,,,,,,,,,,,,,,,,,,,,,,,,,,,,,,,,,,,,,,,,,,,,,,,,,,,,,,,,,,,,,,,,,,,,,,,,,,,,,,,,,,,,,,,,,,,,,,,,,,,,,,,,,,,,,,,,,,,,,,,,,,,,,,,,,,,,,,,,,,,,,,,,,,,,,,,,,,,,,,,,,,,,,,,,,,,,,,,,,,,,,,,,,,,,,,,,,,,,,,,,,,,,,,,,,,,,,,,,,,,,,,,,,,,,,,,,,,,,,,,,,,,,,,,,,,,,,,,,,,,,,,,,,,,,,,,,,,,,,,,,,,,,,,,,,,,,,,,,,,,,,,,,,,,,,,,,,,,,,,,,,,,,,,,,,,
DataConstants,Mozambique,31255435.00,0.029300000000000003,889399.00,40.00,786380.00,-5000.00,4.90,18.00,60.00,0.00,0.7,0.306370842,,,,7.2,18.4,14.2,,,,,,,,,,,,,,,,,,,,,,,,,,,,,,,,,,,,,,,,,,,,,,,,,,,,,,,,,,,,,,,,,,,,,,,,,,,,,,,,,,,,,,,,,,,,,,,,,,,,,,,,,,,,,,,,,,,,,,,,,,,,,,,,,,,,,,,,,,,,,,,,,,,,,,,,,,,,,,,,,,,,,,,,,,,,,,,,,,,,,,,,,,,,,,,,,,,,,,,,,,,,,,,,,,,,,,,,,,,,,,,,,,,,,,,,,,,,,,,,,,,,,,,,,,,,,,,,,,,,,,,,,,,,,,,,,,,,,,,,,,,,,,,,,,,,,,,,,,,,,,,,,,,,,,,,,,,,,,,,,,,,,,,,,,,,,,,,,,,,,,,,,,,,,,,,,,,,,,,,,,,,,,,,,,,,,,,,,,,,,,,,,,,,,,,,,,,,,,,,,,,,,,,,,,,,,,,,,,,,,,,,,,,,,,,,,,,,,,,,,,,,,,,,,,,,,,,,,,,,,,,,,,,,,,,,,,,,,,,,,,,,,,,,,,,,,,,,,,,,,,,,,,,,,,,,,,,,,,,,,,,,,,,,,,,,,,,,,,,,,,,,,,,,,,,,,,,,,,,,,,,,,,,,,,,,,,,,,,,,,,,,,,,,,,,,,,,,,,,,,,,,,,,,,,,,,,,,,,,,,,,,,,,,,,,,,,,,,,,,,,,,,,,,,,,,,,,,,,,,,,,,,,,,,,,,,,,,,,,,,,,,,,,,,,,,,,,,,,,,,,,,,,,,,,,,
DataConstants,Myanmar,54409800.00,0.0067,364380.00,83.00,653290.00,-163313.00,2.20,29.00,,0.00,0.9,0.5928763307,,,,5.8,24.2,79.35,,,,,,,,,,,,,,,,,,,,,,,,,,,,,,,,,,,,,,,,,,,,,,,,,,,,,,,,,,,,,,,,,,,,,,,,,,,,,,,,,,,,,,,,,,,,,,,,,,,,,,,,,,,,,,,,,,,,,,,,,,,,,,,,,,,,,,,,,,,,,,,,,,,,,,,,,,,,,,,,,,,,,,,,,,,,,,,,,,,,,,,,,,,,,,,,,,,,,,,,,,,,,,,,,,,,,,,,,,,,,,,,,,,,,,,,,,,,,,,,,,,,,,,,,,,,,,,,,,,,,,,,,,,,,,,,,,,,,,,,,,,,,,,,,,,,,,,,,,,,,,,,,,,,,,,,,,,,,,,,,,,,,,,,,,,,,,,,,,,,,,,,,,,,,,,,,,,,,,,,,,,,,,,,,,,,,,,,,,,,,,,,,,,,,,,,,,,,,,,,,,,,,,,,,,,,,,,,,,,,,,,,,,,,,,,,,,,,,,,,,,,,,,,,,,,,,,,,,,,,,,,,,,,,,,,,,,,,,,,,,,,,,,,,,,,,,,,,,,,,,,,,,,,,,,,,,,,,,,,,,,,,,,,,,,,,,,,,,,,,,,,,,,,,,,,,,,,,,,,,,,,,,,,,,,,,,,,,,,,,,,,,,,,,,,,,,,,,,,,,,,,,,,,,,,,,,,,,,,,,,,,,,,,,,,,,,,,,,,,,,,,,,,,,,,,,,,,,,,,,,,,,,,,,,,,,,,,,,,,,,,,,,,,,,,,,,,,,,,,,,,,,,,,,,,,,
DataConstants,Namibia,2540905.00,0.018600000000000002,46375.00,3.00,823290.00,-4806.00,3.40,22.00,52.00,0.00,2.7,0.3992637549,,,,17.2,21.3,17.25,,,,,,,,,,,,,,,,,,,,,,,,,,,,,,,,,,,,,,,,,,,,,,,,,,,,,,,,,,,,,,,,,,,,,,,,,,,,,,,,,,,,,,,,,,,,,,,,,,,,,,,,,,,,,,,,,,,,,,,,,,,,,,,,,,,,,,,,,,,,,,,,,,,,,,,,,,,,,,,,,,,,,,,,,,,,,,,,,,,,,,,,,,,,,,,,,,,,,,,,,,,,,,,,,,,,,,,,,,,,,,,,,,,,,,,,,,,,,,,,,,,,,,,,,,,,,,,,,,,,,,,,,,,,,,,,,,,,,,,,,,,,,,,,,,,,,,,,,,,,,,,,,,,,,,,,,,,,,,,,,,,,,,,,,,,,,,,,,,,,,,,,,,,,,,,,,,,,,,,,,,,,,,,,,,,,,,,,,,,,,,,,,,,,,,,,,,,,,,,,,,,,,,,,,,,,,,,,,,,,,,,,,,,,,,,,,,,,,,,,,,,,,,,,,,,,,,,,,,,,,,,,,,,,,,,,,,,,,,,,,,,,,,,,,,,,,,,,,,,,,,,,,,,,,,,,,,,,,,,,,,,,,,,,,,,,,,,,,,,,,,,,,,,,,,,,,,,,,,,,,,,,,,,,,,,,,,,,,,,,,,,,,,,,,,,,,,,,,,,,,,,,,,,,,,,,,,,,,,,,,,,,,,,,,,,,,,,,,,,,,,,,,,,,,,,,,,,,,,,,,,,,,,,,,,,,,,,,,,,,,,,,,,,,,,,,,,,,,,,,,,,,,,,,,,,,
DataConstants,Nauru,10824.00,0.0063,68.00,541.00,20.00,,,,,0.00,5,#VALUE!,,,,61,,,,,,,,,,,,,,,,,,,,,,,,,,,,,,,,,,,,,,,,,,,,,,,,,,,,,,,,,,,,,,,,,,,,,,,,,,,,,,,,,,,,,,,,,,,,,,,,,,,,,,,,,,,,,,,,,,,,,,,,,,,,,,,,,,,,,,,,,,,,,,,,,,,,,,,,,,,,,,,,,,,,,,,,,,,,,,,,,,,,,,,,,,,,,,,,,,,,,,,,,,,,,,,,,,,,,,,,,,,,,,,,,,,,,,,,,,,,,,,,,,,,,,,,,,,,,,,,,,,,,,,,,,,,,,,,,,,,,,,,,,,,,,,,,,,,,,,,,,,,,,,,,,,,,,,,,,,,,,,,,,,,,,,,,,,,,,,,,,,,,,,,,,,,,,,,,,,,,,,,,,,,,,,,,,,,,,,,,,,,,,,,,,,,,,,,,,,,,,,,,,,,,,,,,,,,,,,,,,,,,,,,,,,,,,,,,,,,,,,,,,,,,,,,,,,,,,,,,,,,,,,,,,,,,,,,,,,,,,,,,,,,,,,,,,,,,,,,,,,,,,,,,,,,,,,,,,,,,,,,,,,,,,,,,,,,,,,,,,,,,,,,,,,,,,,,,,,,,,,,,,,,,,,,,,,,,,,,,,,,,,,,,,,,,,,,,,,,,,,,,,,,,,,,,,,,,,,,,,,,,,,,,,,,,,,,,,,,,,,,,,,,,,,,,,,,,,,,,,,,,,,,,,,,,,,,,,,,,,,,,,,,,,,,,,,,,,,,,,,,,,,,,,,,,,,,,,
DataConstants,Nepal,29136808.00,0.018500000000000003,528098.00,203.00,143350.00,41710.00,1.90,25.00,3.00,0.00,0.3,0.5513215932,,,,4.1,21.8,27.6,,,,,,,,,,,,,,,,,,,,,,,,,,,,,,,,,,,,,,,,,,,,,,,,,,,,,,,,,,,,,,,,,,,,,,,,,,,,,,,,,,,,,,,,,,,,,,,,,,,,,,,,,,,,,,,,,,,,,,,,,,,,,,,,,,,,,,,,,,,,,,,,,,,,,,,,,,,,,,,,,,,,,,,,,,,,,,,,,,,,,,,,,,,,,,,,,,,,,,,,,,,,,,,,,,,,,,,,,,,,,,,,,,,,,,,,,,,,,,,,,,,,,,,,,,,,,,,,,,,,,,,,,,,,,,,,,,,,,,,,,,,,,,,,,,,,,,,,,,,,,,,,,,,,,,,,,,,,,,,,,,,,,,,,,,,,,,,,,,,,,,,,,,,,,,,,,,,,,,,,,,,,,,,,,,,,,,,,,,,,,,,,,,,,,,,,,,,,,,,,,,,,,,,,,,,,,,,,,,,,,,,,,,,,,,,,,,,,,,,,,,,,,,,,,,,,,,,,,,,,,,,,,,,,,,,,,,,,,,,,,,,,,,,,,,,,,,,,,,,,,,,,,,,,,,,,,,,,,,,,,,,,,,,,,,,,,,,,,,,,,,,,,,,,,,,,,,,,,,,,,,,,,,,,,,,,,,,,,,,,,,,,,,,,,,,,,,,,,,,,,,,,,,,,,,,,,,,,,,,,,,,,,,,,,,,,,,,,,,,,,,,,,,,,,,,,,,,,,,,,,,,,,,,,,,,,,,,,,,,,,,,,,,,,,,,,,,,,,,,,,,,,,,,,,,,,
DataConstants,Netherlands,17134872.00,0.0022,37742.00,508.00,33720.00,16000.00,1.70,43.00,36.00,0.00,4.7,1.666102875,146,222,3751,20.4,11.2,4.35,,,,,,,,,,,,,,,,,,,,,,,,,,,,,,,,,,,,,,,,,,,,,,,,,,,,,,,,,,,,,,,,,,,,,,,,,,,,,,,,,,,,,,,,,,,,,,,,,,,,,,,,,,,,,,,,,,,,,,,,,,,,,,,,,,,,,,,,,,,,,,,,,,,,,,,,,,,,,,,,,,,,,,,,,,,,,,,,,,,,,,,,,,,,,,,,,,,,,,,,,,,,,,,,,,,,,,,,,,,,,,,,,,,,,,,,,,,,,,,,,,,,,,,,,,,,,,,,,,,,,,,,,,,,,,,,,,,,,,,,,,,,,,,,,,,,,,,,,,,,,,,,,,,,,,,,,,,,,,,,,,,,,,,,,,,,,,,,,,,,,,,,,,,,,,,,,,,,,,,,,,,,,,,,,,,,,,,,,,,,,,,,,,,,,,,,,,,,,,,,,,,,,,,,,,,,,,,,,,,,,,,,,,,,,,,,,,,,,,,,,,,,,,,,,,,,,,,,,,,,,,,,,,,,,,,,,,,,,,,,,,,,,,,,,,,,,,,,,,,,,,,,,,,,,,,,,,,,,,,,,,,,,,,,,,,,,,,,,,,,,,,,,,,,,,,,,,,,,,,,,,,,,,,,,,,,,,,,,,,,,,,,,,,,,,,,,,,,,,,,,,,,,,,,,,,,,,,,,,,,,,,,,,,,,,,,,,,,,,,,,,,,,,,,,,,,,,,,,,,,,,,,,,,,,,,,,,,,,,,,,,,,,,,,,,,,,,,,,,,,,,,,,,,,,,,,
DataConstants,NewGuinea,8947024.00,0.0195,170915.00,20.00,452860.00,-800.00,3.60,22.00,,0.00,4.024199963,0.3813219248,,,,21.3,30,32.4,,,,,,,,,,,,,,,,,,,,,,,,,,,,,,,,,,,,,,,,,,,,,,,,,,,,,,,,,,,,,,,,,,,,,,,,,,,,,,,,,,,,,,,,,,,,,,,,,,,,,,,,,,,,,,,,,,,,,,,,,,,,,,,,,,,,,,,,,,,,,,,,,,,,,,,,,,,,,,,,,,,,,,,,,,,,,,,,,,,,,,,,,,,,,,,,,,,,,,,,,,,,,,,,,,,,,,,,,,,,,,,,,,,,,,,,,,,,,,,,,,,,,,,,,,,,,,,,,,,,,,,,,,,,,,,,,,,,,,,,,,,,,,,,,,,,,,,,,,,,,,,,,,,,,,,,,,,,,,,,,,,,,,,,,,,,,,,,,,,,,,,,,,,,,,,,,,,,,,,,,,,,,,,,,,,,,,,,,,,,,,,,,,,,,,,,,,,,,,,,,,,,,,,,,,,,,,,,,,,,,,,,,,,,,,,,,,,,,,,,,,,,,,,,,,,,,,,,,,,,,,,,,,,,,,,,,,,,,,,,,,,,,,,,,,,,,,,,,,,,,,,,,,,,,,,,,,,,,,,,,,,,,,,,,,,,,,,,,,,,,,,,,,,,,,,,,,,,,,,,,,,,,,,,,,,,,,,,,,,,,,,,,,,,,,,,,,,,,,,,,,,,,,,,,,,,,,,,,,,,,,,,,,,,,,,,,,,,,,,,,,,,,,,,,,,,,,,,,,,,,,,,,,,,,,,,,,,,,,,,,,,,,,,,,,,,,,,,,,,,,,,,,,,,,,,,
DataConstants,NewZealand,4822233.00,0.008199999999999999,39170.00,18.00,263310.00,14881.00,1.90,38.00,37.00,0.00,2.8,1.390641064,,,,30.8,10.1,3.45,,,,,,,,,,,,,,,,,,,,,,,,,,,,,,,,,,,,,,,,,,,,,,,,,,,,,,,,,,,,,,,,,,,,,,,,,,,,,,,,,,,,,,,,,,,,,,,,,,,,,,,,,,,,,,,,,,,,,,,,,,,,,,,,,,,,,,,,,,,,,,,,,,,,,,,,,,,,,,,,,,,,,,,,,,,,,,,,,,,,,,,,,,,,,,,,,,,,,,,,,,,,,,,,,,,,,,,,,,,,,,,,,,,,,,,,,,,,,,,,,,,,,,,,,,,,,,,,,,,,,,,,,,,,,,,,,,,,,,,,,,,,,,,,,,,,,,,,,,,,,,,,,,,,,,,,,,,,,,,,,,,,,,,,,,,,,,,,,,,,,,,,,,,,,,,,,,,,,,,,,,,,,,,,,,,,,,,,,,,,,,,,,,,,,,,,,,,,,,,,,,,,,,,,,,,,,,,,,,,,,,,,,,,,,,,,,,,,,,,,,,,,,,,,,,,,,,,,,,,,,,,,,,,,,,,,,,,,,,,,,,,,,,,,,,,,,,,,,,,,,,,,,,,,,,,,,,,,,,,,,,,,,,,,,,,,,,,,,,,,,,,,,,,,,,,,,,,,,,,,,,,,,,,,,,,,,,,,,,,,,,,,,,,,,,,,,,,,,,,,,,,,,,,,,,,,,,,,,,,,,,,,,,,,,,,,,,,,,,,,,,,,,,,,,,,,,,,,,,,,,,,,,,,,,,,,,,,,,,,,,,,,,,,,,,,,,,,,,,,,,,,,,,,,,,,,
DataConstants,Nicaragua,6624554.00,0.0121,79052.00,55.00,120340.00,-21272.00,2.40,26.00,57.00,0.00,0.9,0.5490664279,,,,23.7,14.2,45.05,,,,,,,,,,,,,,,,,,,,,,,,,,,,,,,,,,,,,,,,,,,,,,,,,,,,,,,,,,,,,,,,,,,,,,,,,,,,,,,,,,,,,,,,,,,,,,,,,,,,,,,,,,,,,,,,,,,,,,,,,,,,,,,,,,,,,,,,,,,,,,,,,,,,,,,,,,,,,,,,,,,,,,,,,,,,,,,,,,,,,,,,,,,,,,,,,,,,,,,,,,,,,,,,,,,,,,,,,,,,,,,,,,,,,,,,,,,,,,,,,,,,,,,,,,,,,,,,,,,,,,,,,,,,,,,,,,,,,,,,,,,,,,,,,,,,,,,,,,,,,,,,,,,,,,,,,,,,,,,,,,,,,,,,,,,,,,,,,,,,,,,,,,,,,,,,,,,,,,,,,,,,,,,,,,,,,,,,,,,,,,,,,,,,,,,,,,,,,,,,,,,,,,,,,,,,,,,,,,,,,,,,,,,,,,,,,,,,,,,,,,,,,,,,,,,,,,,,,,,,,,,,,,,,,,,,,,,,,,,,,,,,,,,,,,,,,,,,,,,,,,,,,,,,,,,,,,,,,,,,,,,,,,,,,,,,,,,,,,,,,,,,,,,,,,,,,,,,,,,,,,,,,,,,,,,,,,,,,,,,,,,,,,,,,,,,,,,,,,,,,,,,,,,,,,,,,,,,,,,,,,,,,,,,,,,,,,,,,,,,,,,,,,,,,,,,,,,,,,,,,,,,,,,,,,,,,,,,,,,,,,,,,,,,,,,,,,,,,,,,,,,,,,,,,,,,
DataConstants,Niger,24206644.00,0.0384,895929.00,19.00,1266700.00,4000.00,7.00,15.00,58.00,0.00,0.3,0.2759924386,,,,5.5,20,36.15,,,,,,,,,,,,,,,,,,,,,,,,,,,,,,,,,,,,,,,,,,,,,,,,,,,,,,,,,,,,,,,,,,,,,,,,,,,,,,,,,,,,,,,,,,,,,,,,,,,,,,,,,,,,,,,,,,,,,,,,,,,,,,,,,,,,,,,,,,,,,,,,,,,,,,,,,,,,,,,,,,,,,,,,,,,,,,,,,,,,,,,,,,,,,,,,,,,,,,,,,,,,,,,,,,,,,,,,,,,,,,,,,,,,,,,,,,,,,,,,,,,,,,,,,,,,,,,,,,,,,,,,,,,,,,,,,,,,,,,,,,,,,,,,,,,,,,,,,,,,,,,,,,,,,,,,,,,,,,,,,,,,,,,,,,,,,,,,,,,,,,,,,,,,,,,,,,,,,,,,,,,,,,,,,,,,,,,,,,,,,,,,,,,,,,,,,,,,,,,,,,,,,,,,,,,,,,,,,,,,,,,,,,,,,,,,,,,,,,,,,,,,,,,,,,,,,,,,,,,,,,,,,,,,,,,,,,,,,,,,,,,,,,,,,,,,,,,,,,,,,,,,,,,,,,,,,,,,,,,,,,,,,,,,,,,,,,,,,,,,,,,,,,,,,,,,,,,,,,,,,,,,,,,,,,,,,,,,,,,,,,,,,,,,,,,,,,,,,,,,,,,,,,,,,,,,,,,,,,,,,,,,,,,,,,,,,,,,,,,,,,,,,,,,,,,,,,,,,,,,,,,,,,,,,,,,,,,,,,,,,,,,,,,,,,,,,,,,,,,,,,,,,,,,,,,,
DataConstants,Nigeria,206139589.00,0.0258,5175990.00,226.00,910770.00,-60000.00,5.40,18.00,37.00,0.00,0.5,0.3019268398,,,,8.9,22.5,86.9,,,,,,,,,,,,,,,,,,,,,,,,,,,,,,,,,,,,,,,,,,,,,,,,,,,,,,,,,,,,,,,,,,,,,,,,,,,,,,,,,,,,,,,,,,,,,,,,,,,,,,,,,,,,,,,,,,,,,,,,,,,,,,,,,,,,,,,,,,,,,,,,,,,,,,,,,,,,,,,,,,,,,,,,,,,,,,,,,,,,,,,,,,,,,,,,,,,,,,,,,,,,,,,,,,,,,,,,,,,,,,,,,,,,,,,,,,,,,,,,,,,,,,,,,,,,,,,,,,,,,,,,,,,,,,,,,,,,,,,,,,,,,,,,,,,,,,,,,,,,,,,,,,,,,,,,,,,,,,,,,,,,,,,,,,,,,,,,,,,,,,,,,,,,,,,,,,,,,,,,,,,,,,,,,,,,,,,,,,,,,,,,,,,,,,,,,,,,,,,,,,,,,,,,,,,,,,,,,,,,,,,,,,,,,,,,,,,,,,,,,,,,,,,,,,,,,,,,,,,,,,,,,,,,,,,,,,,,,,,,,,,,,,,,,,,,,,,,,,,,,,,,,,,,,,,,,,,,,,,,,,,,,,,,,,,,,,,,,,,,,,,,,,,,,,,,,,,,,,,,,,,,,,,,,,,,,,,,,,,,,,,,,,,,,,,,,,,,,,,,,,,,,,,,,,,,,,,,,,,,,,,,,,,,,,,,,,,,,,,,,,,,,,,,,,,,,,,,,,,,,,,,,,,,,,,,,,,,,,,,,,,,,,,,,,,,,,,,,,,,,,,,,,,,,,,,
DataConstants,NorthKorea,25778816.00,0.0044,112655.00,214.00,120410.00,-5403.00,1.90,35.00,,0.00,13.2,0.9211023779,,,,6.8,25.6,16.15,,,,,,,,,,,,,,,,,,,,,,,,,,,,,,,,,,,,,,,,,,,,,,,,,,,,,,,,,,,,,,,,,,,,,,,,,,,,,,,,,,,,,,,,,,,,,,,,,,,,,,,,,,,,,,,,,,,,,,,,,,,,,,,,,,,,,,,,,,,,,,,,,,,,,,,,,,,,,,,,,,,,,,,,,,,,,,,,,,,,,,,,,,,,,,,,,,,,,,,,,,,,,,,,,,,,,,,,,,,,,,,,,,,,,,,,,,,,,,,,,,,,,,,,,,,,,,,,,,,,,,,,,,,,,,,,,,,,,,,,,,,,,,,,,,,,,,,,,,,,,,,,,,,,,,,,,,,,,,,,,,,,,,,,,,,,,,,,,,,,,,,,,,,,,,,,,,,,,,,,,,,,,,,,,,,,,,,,,,,,,,,,,,,,,,,,,,,,,,,,,,,,,,,,,,,,,,,,,,,,,,,,,,,,,,,,,,,,,,,,,,,,,,,,,,,,,,,,,,,,,,,,,,,,,,,,,,,,,,,,,,,,,,,,,,,,,,,,,,,,,,,,,,,,,,,,,,,,,,,,,,,,,,,,,,,,,,,,,,,,,,,,,,,,,,,,,,,,,,,,,,,,,,,,,,,,,,,,,,,,,,,,,,,,,,,,,,,,,,,,,,,,,,,,,,,,,,,,,,,,,,,,,,,,,,,,,,,,,,,,,,,,,,,,,,,,,,,,,,,,,,,,,,,,,,,,,,,,,,,,,,,,,,,,,,,,,,,,,,,,,,,,,,,,,,,,
DataConstants,NorthMacedonia,2083374.00,0.0,-85.00,83.00,25220.00,-1000.00,1.50,39.00,35.00,0.00,4.4,1.221138858,,,,22.4,20.3,8.25,,,,,,,,,,,,,,,,,,,,,,,,,,,,,,,,,,,,,,,,,,,,,,,,,,,,,,,,,,,,,,,,,,,,,,,,,,,,,,,,,,,,,,,,,,,,,,,,,,,,,,,,,,,,,,,,,,,,,,,,,,,,,,,,,,,,,,,,,,,,,,,,,,,,,,,,,,,,,,,,,,,,,,,,,,,,,,,,,,,,,,,,,,,,,,,,,,,,,,,,,,,,,,,,,,,,,,,,,,,,,,,,,,,,,,,,,,,,,,,,,,,,,,,,,,,,,,,,,,,,,,,,,,,,,,,,,,,,,,,,,,,,,,,,,,,,,,,,,,,,,,,,,,,,,,,,,,,,,,,,,,,,,,,,,,,,,,,,,,,,,,,,,,,,,,,,,,,,,,,,,,,,,,,,,,,,,,,,,,,,,,,,,,,,,,,,,,,,,,,,,,,,,,,,,,,,,,,,,,,,,,,,,,,,,,,,,,,,,,,,,,,,,,,,,,,,,,,,,,,,,,,,,,,,,,,,,,,,,,,,,,,,,,,,,,,,,,,,,,,,,,,,,,,,,,,,,,,,,,,,,,,,,,,,,,,,,,,,,,,,,,,,,,,,,,,,,,,,,,,,,,,,,,,,,,,,,,,,,,,,,,,,,,,,,,,,,,,,,,,,,,,,,,,,,,,,,,,,,,,,,,,,,,,,,,,,,,,,,,,,,,,,,,,,,,,,,,,,,,,,,,,,,,,,,,,,,,,,,,,,,,,,,,,,,,,,,,,,,,,,,,,,,,,,,,,,
DataConstants,Norway,5421241.00,0.0079,42384.00,15.00,365268.00,28000.00,1.70,40.00,35.00,0.00,3.9,1.505157032,,,,23.1,9.2,3.7,,,,,,,,,,,,,,,,,,,,,,,,,,,,,,,,,,,,,,,,,,,,,,,,,,,,,,,,,,,,,,,,,,,,,,,,,,,,,,,,,,,,,,,,,,,,,,,,,,,,,,,,,,,,,,,,,,,,,,,,,,,,,,,,,,,,,,,,,,,,,,,,,,,,,,,,,,,,,,,,,,,,,,,,,,,,,,,,,,,,,,,,,,,,,,,,,,,,,,,,,,,,,,,,,,,,,,,,,,,,,,,,,,,,,,,,,,,,,,,,,,,,,,,,,,,,,,,,,,,,,,,,,,,,,,,,,,,,,,,,,,,,,,,,,,,,,,,,,,,,,,,,,,,,,,,,,,,,,,,,,,,,,,,,,,,,,,,,,,,,,,,,,,,,,,,,,,,,,,,,,,,,,,,,,,,,,,,,,,,,,,,,,,,,,,,,,,,,,,,,,,,,,,,,,,,,,,,,,,,,,,,,,,,,,,,,,,,,,,,,,,,,,,,,,,,,,,,,,,,,,,,,,,,,,,,,,,,,,,,,,,,,,,,,,,,,,,,,,,,,,,,,,,,,,,,,,,,,,,,,,,,,,,,,,,,,,,,,,,,,,,,,,,,,,,,,,,,,,,,,,,,,,,,,,,,,,,,,,,,,,,,,,,,,,,,,,,,,,,,,,,,,,,,,,,,,,,,,,,,,,,,,,,,,,,,,,,,,,,,,,,,,,,,,,,,,,,,,,,,,,,,,,,,,,,,,,,,,,,,,,,,,,,,,,,,,,,,,,,,,,,,,,,,,,,,,
DataConstants,Oman,5106626.00,0.0265,131640.00,16.00,309500.00,87400.00,2.90,31.00,33.00,0.00,1.6,0.3344277518,,,,27,17.8,11.35,,,,,,,,,,,,,,,,,,,,,,,,,,,,,,,,,,,,,,,,,,,,,,,,,,,,,,,,,,,,,,,,,,,,,,,,,,,,,,,,,,,,,,,,,,,,,,,,,,,,,,,,,,,,,,,,,,,,,,,,,,,,,,,,,,,,,,,,,,,,,,,,,,,,,,,,,,,,,,,,,,,,,,,,,,,,,,,,,,,,,,,,,,,,,,,,,,,,,,,,,,,,,,,,,,,,,,,,,,,,,,,,,,,,,,,,,,,,,,,,,,,,,,,,,,,,,,,,,,,,,,,,,,,,,,,,,,,,,,,,,,,,,,,,,,,,,,,,,,,,,,,,,,,,,,,,,,,,,,,,,,,,,,,,,,,,,,,,,,,,,,,,,,,,,,,,,,,,,,,,,,,,,,,,,,,,,,,,,,,,,,,,,,,,,,,,,,,,,,,,,,,,,,,,,,,,,,,,,,,,,,,,,,,,,,,,,,,,,,,,,,,,,,,,,,,,,,,,,,,,,,,,,,,,,,,,,,,,,,,,,,,,,,,,,,,,,,,,,,,,,,,,,,,,,,,,,,,,,,,,,,,,,,,,,,,,,,,,,,,,,,,,,,,,,,,,,,,,,,,,,,,,,,,,,,,,,,,,,,,,,,,,,,,,,,,,,,,,,,,,,,,,,,,,,,,,,,,,,,,,,,,,,,,,,,,,,,,,,,,,,,,,,,,,,,,,,,,,,,,,,,,,,,,,,,,,,,,,,,,,,,,,,,,,,,,,,,,,,,,,,,,,,,,,,,,,
DataConstants,Pakistan,220892340.00,0.02,4327022.00,287.00,770880.00,-233379.00,3.60,23.00,34.00,0.00,0.6,0.4497064969,,,,8.6,24.7,29.4,,,,,,,,,,,,,,,,,,,,,,,,,,,,,,,,,,,,,,,,,,,,,,,,,,,,,,,,,,,,,,,,,,,,,,,,,,,,,,,,,,,,,,,,,,,,,,,,,,,,,,,,,,,,,,,,,,,,,,,,,,,,,,,,,,,,,,,,,,,,,,,,,,,,,,,,,,,,,,,,,,,,,,,,,,,,,,,,,,,,,,,,,,,,,,,,,,,,,,,,,,,,,,,,,,,,,,,,,,,,,,,,,,,,,,,,,,,,,,,,,,,,,,,,,,,,,,,,,,,,,,,,,,,,,,,,,,,,,,,,,,,,,,,,,,,,,,,,,,,,,,,,,,,,,,,,,,,,,,,,,,,,,,,,,,,,,,,,,,,,,,,,,,,,,,,,,,,,,,,,,,,,,,,,,,,,,,,,,,,,,,,,,,,,,,,,,,,,,,,,,,,,,,,,,,,,,,,,,,,,,,,,,,,,,,,,,,,,,,,,,,,,,,,,,,,,,,,,,,,,,,,,,,,,,,,,,,,,,,,,,,,,,,,,,,,,,,,,,,,,,,,,,,,,,,,,,,,,,,,,,,,,,,,,,,,,,,,,,,,,,,,,,,,,,,,,,,,,,,,,,,,,,,,,,,,,,,,,,,,,,,,,,,,,,,,,,,,,,,,,,,,,,,,,,,,,,,,,,,,,,,,,,,,,,,,,,,,,,,,,,,,,,,,,,,,,,,,,,,,,,,,,,,,,,,,,,,,,,,,,,,,,,,,,,,,,,,,,,,,,,,,,,,,,,,,,
DataConstants,Palau,18094.00,0.0048,86.00,39.00,460.00,,,,,0.00,4.8,#VALUE!,,,,55.3,,,,,,,,,,,,,,,,,,,,,,,,,,,,,,,,,,,,,,,,,,,,,,,,,,,,,,,,,,,,,,,,,,,,,,,,,,,,,,,,,,,,,,,,,,,,,,,,,,,,,,,,,,,,,,,,,,,,,,,,,,,,,,,,,,,,,,,,,,,,,,,,,,,,,,,,,,,,,,,,,,,,,,,,,,,,,,,,,,,,,,,,,,,,,,,,,,,,,,,,,,,,,,,,,,,,,,,,,,,,,,,,,,,,,,,,,,,,,,,,,,,,,,,,,,,,,,,,,,,,,,,,,,,,,,,,,,,,,,,,,,,,,,,,,,,,,,,,,,,,,,,,,,,,,,,,,,,,,,,,,,,,,,,,,,,,,,,,,,,,,,,,,,,,,,,,,,,,,,,,,,,,,,,,,,,,,,,,,,,,,,,,,,,,,,,,,,,,,,,,,,,,,,,,,,,,,,,,,,,,,,,,,,,,,,,,,,,,,,,,,,,,,,,,,,,,,,,,,,,,,,,,,,,,,,,,,,,,,,,,,,,,,,,,,,,,,,,,,,,,,,,,,,,,,,,,,,,,,,,,,,,,,,,,,,,,,,,,,,,,,,,,,,,,,,,,,,,,,,,,,,,,,,,,,,,,,,,,,,,,,,,,,,,,,,,,,,,,,,,,,,,,,,,,,,,,,,,,,,,,,,,,,,,,,,,,,,,,,,,,,,,,,,,,,,,,,,,,,,,,,,,,,,,,,,,,,,,,,,,,,,,,,,,,,,,,,,,,,,,,,,,,,,,,,,,,,,
DataConstants,Palestine,5101414.00,0.0241,119994.00,847.00,6020.00,-10563.00,3.70,21.00,#N/A,0.00,#N/A,#VALUE!,,,,55.3,,,,,,,,,,,,,,,,,,,,,,,,,,,,,,,,,,,,,,,,,,,,,,,,,,,,,,,,,,,,,,,,,,,,,,,,,,,,,,,,,,,,,,,,,,,,,,,,,,,,,,,,,,,,,,,,,,,,,,,,,,,,,,,,,,,,,,,,,,,,,,,,,,,,,,,,,,,,,,,,,,,,,,,,,,,,,,,,,,,,,,,,,,,,,,,,,,,,,,,,,,,,,,,,,,,,,,,,,,,,,,,,,,,,,,,,,,,,,,,,,,,,,,,,,,,,,,,,,,,,,,,,,,,,,,,,,,,,,,,,,,,,,,,,,,,,,,,,,,,,,,,,,,,,,,,,,,,,,,,,,,,,,,,,,,,,,,,,,,,,,,,,,,,,,,,,,,,,,,,,,,,,,,,,,,,,,,,,,,,,,,,,,,,,,,,,,,,,,,,,,,,,,,,,,,,,,,,,,,,,,,,,,,,,,,,,,,,,,,,,,,,,,,,,,,,,,,,,,,,,,,,,,,,,,,,,,,,,,,,,,,,,,,,,,,,,,,,,,,,,,,,,,,,,,,,,,,,,,,,,,,,,,,,,,,,,,,,,,,,,,,,,,,,,,,,,,,,,,,,,,,,,,,,,,,,,,,,,,,,,,,,,,,,,,,,,,,,,,,,,,,,,,,,,,,,,,,,,,,,,,,,,,,,,,,,,,,,,,,,,,,,,,,,,,,,,,,,,,,,,,,,,,,,,,,,,,,,,,,,,,,,,,,,,,,,,,,,,,,,,,,,,,,,,,,,,,,
DataConstants,Panama,4314767.00,0.0161,68328.00,58.00,74340.00,11200.00,2.50,30.00,48.00,0.00,2.3,0.7911650582,,,,22.7,13,11.75,,,,,,,,,,,,,,,,,,,,,,,,,,,,,,,,,,,,,,,,,,,,,,,,,,,,,,,,,,,,,,,,,,,,,,,,,,,,,,,,,,,,,,,,,,,,,,,,,,,,,,,,,,,,,,,,,,,,,,,,,,,,,,,,,,,,,,,,,,,,,,,,,,,,,,,,,,,,,,,,,,,,,,,,,,,,,,,,,,,,,,,,,,,,,,,,,,,,,,,,,,,,,,,,,,,,,,,,,,,,,,,,,,,,,,,,,,,,,,,,,,,,,,,,,,,,,,,,,,,,,,,,,,,,,,,,,,,,,,,,,,,,,,,,,,,,,,,,,,,,,,,,,,,,,,,,,,,,,,,,,,,,,,,,,,,,,,,,,,,,,,,,,,,,,,,,,,,,,,,,,,,,,,,,,,,,,,,,,,,,,,,,,,,,,,,,,,,,,,,,,,,,,,,,,,,,,,,,,,,,,,,,,,,,,,,,,,,,,,,,,,,,,,,,,,,,,,,,,,,,,,,,,,,,,,,,,,,,,,,,,,,,,,,,,,,,,,,,,,,,,,,,,,,,,,,,,,,,,,,,,,,,,,,,,,,,,,,,,,,,,,,,,,,,,,,,,,,,,,,,,,,,,,,,,,,,,,,,,,,,,,,,,,,,,,,,,,,,,,,,,,,,,,,,,,,,,,,,,,,,,,,,,,,,,,,,,,,,,,,,,,,,,,,,,,,,,,,,,,,,,,,,,,,,,,,,,,,,,,,,,,,,,,,,,,,,,,,,,,,,,,,,,,,,,,,,
DataConstants,Paraguay,7132538.00,0.0125,87902.00,18.00,397300.00,-16556.00,2.40,26.00,46.00,0.00,1.3,0.6188107319,,,,20.3,17.5,17.5,,,,,,,,,,,,,,,,,,,,,,,,,,,,,,,,,,,,,,,,,,,,,,,,,,,,,,,,,,,,,,,,,,,,,,,,,,,,,,,,,,,,,,,,,,,,,,,,,,,,,,,,,,,,,,,,,,,,,,,,,,,,,,,,,,,,,,,,,,,,,,,,,,,,,,,,,,,,,,,,,,,,,,,,,,,,,,,,,,,,,,,,,,,,,,,,,,,,,,,,,,,,,,,,,,,,,,,,,,,,,,,,,,,,,,,,,,,,,,,,,,,,,,,,,,,,,,,,,,,,,,,,,,,,,,,,,,,,,,,,,,,,,,,,,,,,,,,,,,,,,,,,,,,,,,,,,,,,,,,,,,,,,,,,,,,,,,,,,,,,,,,,,,,,,,,,,,,,,,,,,,,,,,,,,,,,,,,,,,,,,,,,,,,,,,,,,,,,,,,,,,,,,,,,,,,,,,,,,,,,,,,,,,,,,,,,,,,,,,,,,,,,,,,,,,,,,,,,,,,,,,,,,,,,,,,,,,,,,,,,,,,,,,,,,,,,,,,,,,,,,,,,,,,,,,,,,,,,,,,,,,,,,,,,,,,,,,,,,,,,,,,,,,,,,,,,,,,,,,,,,,,,,,,,,,,,,,,,,,,,,,,,,,,,,,,,,,,,,,,,,,,,,,,,,,,,,,,,,,,,,,,,,,,,,,,,,,,,,,,,,,,,,,,,,,,,,,,,,,,,,,,,,,,,,,,,,,,,,,,,,,,,,,,,,,,,,,,,,,,,,,,,,,,,,,,,
DataConstants,Peru,32971854.00,0.014199999999999999,461401.00,26.00,1280000.00,99069.00,2.30,31.00,44.00,0.00,1.6,0.7698404802,153,229,14287,19.7,12.6,42.3,,,,,,,,,,,,,,,,,,,,,,,,,,,,,,,,,,,,,,,,,,,,,,,,,,,,,,,,,,,,,,,,,,,,,,,,,,,,,,,,,,,,,,,,,,,,,,,,,,,,,,,,,,,,,,,,,,,,,,,,,,,,,,,,,,,,,,,,,,,,,,,,,,,,,,,,,,,,,,,,,,,,,,,,,,,,,,,,,,,,,,,,,,,,,,,,,,,,,,,,,,,,,,,,,,,,,,,,,,,,,,,,,,,,,,,,,,,,,,,,,,,,,,,,,,,,,,,,,,,,,,,,,,,,,,,,,,,,,,,,,,,,,,,,,,,,,,,,,,,,,,,,,,,,,,,,,,,,,,,,,,,,,,,,,,,,,,,,,,,,,,,,,,,,,,,,,,,,,,,,,,,,,,,,,,,,,,,,,,,,,,,,,,,,,,,,,,,,,,,,,,,,,,,,,,,,,,,,,,,,,,,,,,,,,,,,,,,,,,,,,,,,,,,,,,,,,,,,,,,,,,,,,,,,,,,,,,,,,,,,,,,,,,,,,,,,,,,,,,,,,,,,,,,,,,,,,,,,,,,,,,,,,,,,,,,,,,,,,,,,,,,,,,,,,,,,,,,,,,,,,,,,,,,,,,,,,,,,,,,,,,,,,,,,,,,,,,,,,,,,,,,,,,,,,,,,,,,,,,,,,,,,,,,,,,,,,,,,,,,,,,,,,,,,,,,,,,,,,,,,,,,,,,,,,,,,,,,,,,,,,,,,,,,,,,,,,,,,,,,,,,,,,,,,,,,,
DataConstants,Philippines,109581078.00,0.013500000000000002,1464463.00,368.00,298170.00,-67152.00,2.60,26.00,8.00,0.00,1,0.5217391304,,,,6.4,26.8,13.7,,,,,,,,,,,,,,,,,,,,,,,,,,,,,,,,,,,,,,,,,,,,,,,,,,,,,,,,,,,,,,,,,,,,,,,,,,,,,,,,,,,,,,,,,,,,,,,,,,,,,,,,,,,,,,,,,,,,,,,,,,,,,,,,,,,,,,,,,,,,,,,,,,,,,,,,,,,,,,,,,,,,,,,,,,,,,,,,,,,,,,,,,,,,,,,,,,,,,,,,,,,,,,,,,,,,,,,,,,,,,,,,,,,,,,,,,,,,,,,,,,,,,,,,,,,,,,,,,,,,,,,,,,,,,,,,,,,,,,,,,,,,,,,,,,,,,,,,,,,,,,,,,,,,,,,,,,,,,,,,,,,,,,,,,,,,,,,,,,,,,,,,,,,,,,,,,,,,,,,,,,,,,,,,,,,,,,,,,,,,,,,,,,,,,,,,,,,,,,,,,,,,,,,,,,,,,,,,,,,,,,,,,,,,,,,,,,,,,,,,,,,,,,,,,,,,,,,,,,,,,,,,,,,,,,,,,,,,,,,,,,,,,,,,,,,,,,,,,,,,,,,,,,,,,,,,,,,,,,,,,,,,,,,,,,,,,,,,,,,,,,,,,,,,,,,,,,,,,,,,,,,,,,,,,,,,,,,,,,,,,,,,,,,,,,,,,,,,,,,,,,,,,,,,,,,,,,,,,,,,,,,,,,,,,,,,,,,,,,,,,,,,,,,,,,,,,,,,,,,,,,,,,,,,,,,,,,,,,,,,,,,,,,,,,,,,,,,,,,,,,,,,,,,,,,,,
DataConstants,Poland,37846611.00,-0.0011,-41157.00,124.00,306230.00,-29395.00,1.40,42.00,42.00,0.00,6.5,1.556130402,,,,23.1,18.7,16.2,,,,,,,,,,,,,,,,,,,,,,,,,,,,,,,,,,,,,,,,,,,,,,,,,,,,,,,,,,,,,,,,,,,,,,,,,,,,,,,,,,,,,,,,,,,,,,,,,,,,,,,,,,,,,,,,,,,,,,,,,,,,,,,,,,,,,,,,,,,,,,,,,,,,,,,,,,,,,,,,,,,,,,,,,,,,,,,,,,,,,,,,,,,,,,,,,,,,,,,,,,,,,,,,,,,,,,,,,,,,,,,,,,,,,,,,,,,,,,,,,,,,,,,,,,,,,,,,,,,,,,,,,,,,,,,,,,,,,,,,,,,,,,,,,,,,,,,,,,,,,,,,,,,,,,,,,,,,,,,,,,,,,,,,,,,,,,,,,,,,,,,,,,,,,,,,,,,,,,,,,,,,,,,,,,,,,,,,,,,,,,,,,,,,,,,,,,,,,,,,,,,,,,,,,,,,,,,,,,,,,,,,,,,,,,,,,,,,,,,,,,,,,,,,,,,,,,,,,,,,,,,,,,,,,,,,,,,,,,,,,,,,,,,,,,,,,,,,,,,,,,,,,,,,,,,,,,,,,,,,,,,,,,,,,,,,,,,,,,,,,,,,,,,,,,,,,,,,,,,,,,,,,,,,,,,,,,,,,,,,,,,,,,,,,,,,,,,,,,,,,,,,,,,,,,,,,,,,,,,,,,,,,,,,,,,,,,,,,,,,,,,,,,,,,,,,,,,,,,,,,,,,,,,,,,,,,,,,,,,,,,,,,,,,,,,,,,,,,,,,,,,,,,,,,,,,
DataConstants,Portugal,10196709.00,-0.0029,-29478.00,111.00,91590.00,-6000.00,1.30,46.00,40.00,0.00,3.4,1.944284151,153,222,600,20.8,11.1,11.35,,,,,,,,,,,,,,,,,,,,,,,,,,,,,,,,,,,,,,,,,,,,,,,,,,,,,,,,,,,,,,,,,,,,,,,,,,,,,,,,,,,,,,,,,,,,,,,,,,,,,,,,,,,,,,,,,,,,,,,,,,,,,,,,,,,,,,,,,,,,,,,,,,,,,,,,,,,,,,,,,,,,,,,,,,,,,,,,,,,,,,,,,,,,,,,,,,,,,,,,,,,,,,,,,,,,,,,,,,,,,,,,,,,,,,,,,,,,,,,,,,,,,,,,,,,,,,,,,,,,,,,,,,,,,,,,,,,,,,,,,,,,,,,,,,,,,,,,,,,,,,,,,,,,,,,,,,,,,,,,,,,,,,,,,,,,,,,,,,,,,,,,,,,,,,,,,,,,,,,,,,,,,,,,,,,,,,,,,,,,,,,,,,,,,,,,,,,,,,,,,,,,,,,,,,,,,,,,,,,,,,,,,,,,,,,,,,,,,,,,,,,,,,,,,,,,,,,,,,,,,,,,,,,,,,,,,,,,,,,,,,,,,,,,,,,,,,,,,,,,,,,,,,,,,,,,,,,,,,,,,,,,,,,,,,,,,,,,,,,,,,,,,,,,,,,,,,,,,,,,,,,,,,,,,,,,,,,,,,,,,,,,,,,,,,,,,,,,,,,,,,,,,,,,,,,,,,,,,,,,,,,,,,,,,,,,,,,,,,,,,,,,,,,,,,,,,,,,,,,,,,,,,,,,,,,,,,,,,,,,,,,,,,,,,,,,,,,,,,,,,,,,,,,,,,,,
DataConstants,PuertoRico,2860853.00,-0.024700000000000003,-72555.00,323.00,8870.00,-97986.00,1.20,44.00,#N/A,0.00,#N/A,1.944284151,,,,20.8,11.1,11.35,,,,,,,,,,,,,,,,,,,,,,,,,,,,,,,,,,,,,,,,,,,,,,,,,,,,,,,,,,,,,,,,,,,,,,,,,,,,,,,,,,,,,,,,,,,,,,,,,,,,,,,,,,,,,,,,,,,,,,,,,,,,,,,,,,,,,,,,,,,,,,,,,,,,,,,,,,,,,,,,,,,,,,,,,,,,,,,,,,,,,,,,,,,,,,,,,,,,,,,,,,,,,,,,,,,,,,,,,,,,,,,,,,,,,,,,,,,,,,,,,,,,,,,,,,,,,,,,,,,,,,,,,,,,,,,,,,,,,,,,,,,,,,,,,,,,,,,,,,,,,,,,,,,,,,,,,,,,,,,,,,,,,,,,,,,,,,,,,,,,,,,,,,,,,,,,,,,,,,,,,,,,,,,,,,,,,,,,,,,,,,,,,,,,,,,,,,,,,,,,,,,,,,,,,,,,,,,,,,,,,,,,,,,,,,,,,,,,,,,,,,,,,,,,,,,,,,,,,,,,,,,,,,,,,,,,,,,,,,,,,,,,,,,,,,,,,,,,,,,,,,,,,,,,,,,,,,,,,,,,,,,,,,,,,,,,,,,,,,,,,,,,,,,,,,,,,,,,,,,,,,,,,,,,,,,,,,,,,,,,,,,,,,,,,,,,,,,,,,,,,,,,,,,,,,,,,,,,,,,,,,,,,,,,,,,,,,,,,,,,,,,,,,,,,,,,,,,,,,,,,,,,,,,,,,,,,,,,,,,,,,,,,,,,,,,,,,,,,,,,,,,,,,,,,,,,
DataConstants,Qatar,2881053.00,0.0173,48986.00,248.00,11610.00,40000.00,1.90,32.00,38.00,0.00,1.2,0.2773853348,,,,35.1,15.3,17.15,,,,,,,,,,,,,,,,,,,,,,,,,,,,,,,,,,,,,,,,,,,,,,,,,,,,,,,,,,,,,,,,,,,,,,,,,,,,,,,,,,,,,,,,,,,,,,,,,,,,,,,,,,,,,,,,,,,,,,,,,,,,,,,,,,,,,,,,,,,,,,,,,,,,,,,,,,,,,,,,,,,,,,,,,,,,,,,,,,,,,,,,,,,,,,,,,,,,,,,,,,,,,,,,,,,,,,,,,,,,,,,,,,,,,,,,,,,,,,,,,,,,,,,,,,,,,,,,,,,,,,,,,,,,,,,,,,,,,,,,,,,,,,,,,,,,,,,,,,,,,,,,,,,,,,,,,,,,,,,,,,,,,,,,,,,,,,,,,,,,,,,,,,,,,,,,,,,,,,,,,,,,,,,,,,,,,,,,,,,,,,,,,,,,,,,,,,,,,,,,,,,,,,,,,,,,,,,,,,,,,,,,,,,,,,,,,,,,,,,,,,,,,,,,,,,,,,,,,,,,,,,,,,,,,,,,,,,,,,,,,,,,,,,,,,,,,,,,,,,,,,,,,,,,,,,,,,,,,,,,,,,,,,,,,,,,,,,,,,,,,,,,,,,,,,,,,,,,,,,,,,,,,,,,,,,,,,,,,,,,,,,,,,,,,,,,,,,,,,,,,,,,,,,,,,,,,,,,,,,,,,,,,,,,,,,,,,,,,,,,,,,,,,,,,,,,,,,,,,,,,,,,,,,,,,,,,,,,,,,,,,,,,,,,,,,,,,,,,,,,,,,,,,,,,,,,
DataConstants,Romania,19237691.00,-0.0066,-126866.00,84.00,230170.00,-73999.00,1.60,43.00,35.00,0.00,6.3,1.624481809,,,,22.5,21.4,37.35,,,,,,,,,,,,,,,,,,,,,,,,,,,,,,,,,,,,,,,,,,,,,,,,,,,,,,,,,,,,,,,,,,,,,,,,,,,,,,,,,,,,,,,,,,,,,,,,,,,,,,,,,,,,,,,,,,,,,,,,,,,,,,,,,,,,,,,,,,,,,,,,,,,,,,,,,,,,,,,,,,,,,,,,,,,,,,,,,,,,,,,,,,,,,,,,,,,,,,,,,,,,,,,,,,,,,,,,,,,,,,,,,,,,,,,,,,,,,,,,,,,,,,,,,,,,,,,,,,,,,,,,,,,,,,,,,,,,,,,,,,,,,,,,,,,,,,,,,,,,,,,,,,,,,,,,,,,,,,,,,,,,,,,,,,,,,,,,,,,,,,,,,,,,,,,,,,,,,,,,,,,,,,,,,,,,,,,,,,,,,,,,,,,,,,,,,,,,,,,,,,,,,,,,,,,,,,,,,,,,,,,,,,,,,,,,,,,,,,,,,,,,,,,,,,,,,,,,,,,,,,,,,,,,,,,,,,,,,,,,,,,,,,,,,,,,,,,,,,,,,,,,,,,,,,,,,,,,,,,,,,,,,,,,,,,,,,,,,,,,,,,,,,,,,,,,,,,,,,,,,,,,,,,,,,,,,,,,,,,,,,,,,,,,,,,,,,,,,,,,,,,,,,,,,,,,,,,,,,,,,,,,,,,,,,,,,,,,,,,,,,,,,,,,,,,,,,,,,,,,,,,,,,,,,,,,,,,,,,,,,,,,,,,,,,,,,,,,,,,,,,,,,,,,,,,,
DataConstants,Russia,145934462.00,0.0004,62206.00,9.00,16376870.00,182456.00,1.80,40.00,9.00,0.00,8.2,1.364938812,,,,23.1,25.4,29.35,,,,,,,,,,,,,,,,,,,,,,,,,,,,,,,,,,,,,,,,,,,,,,,,,,,,,,,,,,,,,,,,,,,,,,,,,,,,,,,,,,,,,,,,,,,,,,,,,,,,,,,,,,,,,,,,,,,,,,,,,,,,,,,,,,,,,,,,,,,,,,,,,,,,,,,,,,,,,,,,,,,,,,,,,,,,,,,,,,,,,,,,,,,,,,,,,,,,,,,,,,,,,,,,,,,,,,,,,,,,,,,,,,,,,,,,,,,,,,,,,,,,,,,,,,,,,,,,,,,,,,,,,,,,,,,,,,,,,,,,,,,,,,,,,,,,,,,,,,,,,,,,,,,,,,,,,,,,,,,,,,,,,,,,,,,,,,,,,,,,,,,,,,,,,,,,,,,,,,,,,,,,,,,,,,,,,,,,,,,,,,,,,,,,,,,,,,,,,,,,,,,,,,,,,,,,,,,,,,,,,,,,,,,,,,,,,,,,,,,,,,,,,,,,,,,,,,,,,,,,,,,,,,,,,,,,,,,,,,,,,,,,,,,,,,,,,,,,,,,,,,,,,,,,,,,,,,,,,,,,,,,,,,,,,,,,,,,,,,,,,,,,,,,,,,,,,,,,,,,,,,,,,,,,,,,,,,,,,,,,,,,,,,,,,,,,,,,,,,,,,,,,,,,,,,,,,,,,,,,,,,,,,,,,,,,,,,,,,,,,,,,,,,,,,,,,,,,,,,,,,,,,,,,,,,,,,,,,,,,,,,,,,,,,,,,,,,,,,,,,,,,,,,,,,,,,
DataConstants,Rwanda,12952218.00,0.0258,325268.00,525.00,24670.00,-9000.00,4.10,20.00,52.00,0.00,1.6,0.3305143767,,,,5.8,18.2,31.25,,,,,,,,,,,,,,,,,,,,,,,,,,,,,,,,,,,,,,,,,,,,,,,,,,,,,,,,,,,,,,,,,,,,,,,,,,,,,,,,,,,,,,,,,,,,,,,,,,,,,,,,,,,,,,,,,,,,,,,,,,,,,,,,,,,,,,,,,,,,,,,,,,,,,,,,,,,,,,,,,,,,,,,,,,,,,,,,,,,,,,,,,,,,,,,,,,,,,,,,,,,,,,,,,,,,,,,,,,,,,,,,,,,,,,,,,,,,,,,,,,,,,,,,,,,,,,,,,,,,,,,,,,,,,,,,,,,,,,,,,,,,,,,,,,,,,,,,,,,,,,,,,,,,,,,,,,,,,,,,,,,,,,,,,,,,,,,,,,,,,,,,,,,,,,,,,,,,,,,,,,,,,,,,,,,,,,,,,,,,,,,,,,,,,,,,,,,,,,,,,,,,,,,,,,,,,,,,,,,,,,,,,,,,,,,,,,,,,,,,,,,,,,,,,,,,,,,,,,,,,,,,,,,,,,,,,,,,,,,,,,,,,,,,,,,,,,,,,,,,,,,,,,,,,,,,,,,,,,,,,,,,,,,,,,,,,,,,,,,,,,,,,,,,,,,,,,,,,,,,,,,,,,,,,,,,,,,,,,,,,,,,,,,,,,,,,,,,,,,,,,,,,,,,,,,,,,,,,,,,,,,,,,,,,,,,,,,,,,,,,,,,,,,,,,,,,,,,,,,,,,,,,,,,,,,,,,,,,,,,,,,,,,,,,,,,,,,,,,,,,,,,,,,,,,,,
DataConstants,Samoa,198414.00,0.0067,1317.00,70.00,2830.00,-2803.00,3.90,22.00,,0.00,1,0.4990216562,,,,47.3,20.6,13.9,,,,,,,,,,,,,,,,,,,,,,,,,,,,,,,,,,,,,,,,,,,,,,,,,,,,,,,,,,,,,,,,,,,,,,,,,,,,,,,,,,,,,,,,,,,,,,,,,,,,,,,,,,,,,,,,,,,,,,,,,,,,,,,,,,,,,,,,,,,,,,,,,,,,,,,,,,,,,,,,,,,,,,,,,,,,,,,,,,,,,,,,,,,,,,,,,,,,,,,,,,,,,,,,,,,,,,,,,,,,,,,,,,,,,,,,,,,,,,,,,,,,,,,,,,,,,,,,,,,,,,,,,,,,,,,,,,,,,,,,,,,,,,,,,,,,,,,,,,,,,,,,,,,,,,,,,,,,,,,,,,,,,,,,,,,,,,,,,,,,,,,,,,,,,,,,,,,,,,,,,,,,,,,,,,,,,,,,,,,,,,,,,,,,,,,,,,,,,,,,,,,,,,,,,,,,,,,,,,,,,,,,,,,,,,,,,,,,,,,,,,,,,,,,,,,,,,,,,,,,,,,,,,,,,,,,,,,,,,,,,,,,,,,,,,,,,,,,,,,,,,,,,,,,,,,,,,,,,,,,,,,,,,,,,,,,,,,,,,,,,,,,,,,,,,,,,,,,,,,,,,,,,,,,,,,,,,,,,,,,,,,,,,,,,,,,,,,,,,,,,,,,,,,,,,,,,,,,,,,,,,,,,,,,,,,,,,,,,,,,,,,,,,,,,,,,,,,,,,,,,,,,,,,,,,,,,,,,,,,,,,,,,,,,,,,,,,,,,,,,,,,,,,,,,,,,
DataConstants,San Marino,33931.00,0.0021,71.00,566.00,60.00,,,,36.00,0.00,3.8,#VALUE!,,,,,,,,,,,,,,,,,,,,,,,,,,,,,,,,,,,,,,,,,,,,,,,,,,,,,,,,,,,,,,,,,,,,,,,,,,,,,,,,,,,,,,,,,,,,,,,,,,,,,,,,,,,,,,,,,,,,,,,,,,,,,,,,,,,,,,,,,,,,,,,,,,,,,,,,,,,,,,,,,,,,,,,,,,,,,,,,,,,,,,,,,,,,,,,,,,,,,,,,,,,,,,,,,,,,,,,,,,,,,,,,,,,,,,,,,,,,,,,,,,,,,,,,,,,,,,,,,,,,,,,,,,,,,,,,,,,,,,,,,,,,,,,,,,,,,,,,,,,,,,,,,,,,,,,,,,,,,,,,,,,,,,,,,,,,,,,,,,,,,,,,,,,,,,,,,,,,,,,,,,,,,,,,,,,,,,,,,,,,,,,,,,,,,,,,,,,,,,,,,,,,,,,,,,,,,,,,,,,,,,,,,,,,,,,,,,,,,,,,,,,,,,,,,,,,,,,,,,,,,,,,,,,,,,,,,,,,,,,,,,,,,,,,,,,,,,,,,,,,,,,,,,,,,,,,,,,,,,,,,,,,,,,,,,,,,,,,,,,,,,,,,,,,,,,,,,,,,,,,,,,,,,,,,,,,,,,,,,,,,,,,,,,,,,,,,,,,,,,,,,,,,,,,,,,,,,,,,,,,,,,,,,,,,,,,,,,,,,,,,,,,,,,,,,,,,,,,,,,,,,,,,,,,,,,,,,,,,,,,,,,,,,,,,,,,,,,,,,,,,,,,,,,,,,,,,,,,,,
DataConstants,SaudiArabia,34813871.00,0.0159,545343.00,16.00,2149690.00,134979.00,2.30,32.00,40.00,0.00,2.7,0.4207209896,,,,35.4,16.4,26.85,,,,,,,,,,,,,,,,,,,,,,,,,,,,,,,,,,,,,,,,,,,,,,,,,,,,,,,,,,,,,,,,,,,,,,,,,,,,,,,,,,,,,,,,,,,,,,,,,,,,,,,,,,,,,,,,,,,,,,,,,,,,,,,,,,,,,,,,,,,,,,,,,,,,,,,,,,,,,,,,,,,,,,,,,,,,,,,,,,,,,,,,,,,,,,,,,,,,,,,,,,,,,,,,,,,,,,,,,,,,,,,,,,,,,,,,,,,,,,,,,,,,,,,,,,,,,,,,,,,,,,,,,,,,,,,,,,,,,,,,,,,,,,,,,,,,,,,,,,,,,,,,,,,,,,,,,,,,,,,,,,,,,,,,,,,,,,,,,,,,,,,,,,,,,,,,,,,,,,,,,,,,,,,,,,,,,,,,,,,,,,,,,,,,,,,,,,,,,,,,,,,,,,,,,,,,,,,,,,,,,,,,,,,,,,,,,,,,,,,,,,,,,,,,,,,,,,,,,,,,,,,,,,,,,,,,,,,,,,,,,,,,,,,,,,,,,,,,,,,,,,,,,,,,,,,,,,,,,,,,,,,,,,,,,,,,,,,,,,,,,,,,,,,,,,,,,,,,,,,,,,,,,,,,,,,,,,,,,,,,,,,,,,,,,,,,,,,,,,,,,,,,,,,,,,,,,,,,,,,,,,,,,,,,,,,,,,,,,,,,,,,,,,,,,,,,,,,,,,,,,,,,,,,,,,,,,,,,,,,,,,,,,,,,,,,,,,,,,,,,,,,,,,,,,,,,
DataConstants,Senegal,16743927.00,0.0275,447563.00,87.00,192530.00,-20000.00,4.70,19.00,40.00,0.00,0.3,0.3286903459,,,,8.8,18.1,37.1,,,,,,,,,,,,,,,,,,,,,,,,,,,,,,,,,,,,,,,,,,,,,,,,,,,,,,,,,,,,,,,,,,,,,,,,,,,,,,,,,,,,,,,,,,,,,,,,,,,,,,,,,,,,,,,,,,,,,,,,,,,,,,,,,,,,,,,,,,,,,,,,,,,,,,,,,,,,,,,,,,,,,,,,,,,,,,,,,,,,,,,,,,,,,,,,,,,,,,,,,,,,,,,,,,,,,,,,,,,,,,,,,,,,,,,,,,,,,,,,,,,,,,,,,,,,,,,,,,,,,,,,,,,,,,,,,,,,,,,,,,,,,,,,,,,,,,,,,,,,,,,,,,,,,,,,,,,,,,,,,,,,,,,,,,,,,,,,,,,,,,,,,,,,,,,,,,,,,,,,,,,,,,,,,,,,,,,,,,,,,,,,,,,,,,,,,,,,,,,,,,,,,,,,,,,,,,,,,,,,,,,,,,,,,,,,,,,,,,,,,,,,,,,,,,,,,,,,,,,,,,,,,,,,,,,,,,,,,,,,,,,,,,,,,,,,,,,,,,,,,,,,,,,,,,,,,,,,,,,,,,,,,,,,,,,,,,,,,,,,,,,,,,,,,,,,,,,,,,,,,,,,,,,,,,,,,,,,,,,,,,,,,,,,,,,,,,,,,,,,,,,,,,,,,,,,,,,,,,,,,,,,,,,,,,,,,,,,,,,,,,,,,,,,,,,,,,,,,,,,,,,,,,,,,,,,,,,,,,,,,,,,,,,,,,,,,,,,,,,,,,,,,,,,,,,,
DataConstants,Serbia,8737371.00,-0.004,-34864.00,100.00,87460.00,4000.00,1.50,42.00,44.00,0.00,5.7,1.566477631,,,,21.5,19.1,7.75,,,,,,,,,,,,,,,,,,,,,,,,,,,,,,,,,,,,,,,,,,,,,,,,,,,,,,,,,,,,,,,,,,,,,,,,,,,,,,,,,,,,,,,,,,,,,,,,,,,,,,,,,,,,,,,,,,,,,,,,,,,,,,,,,,,,,,,,,,,,,,,,,,,,,,,,,,,,,,,,,,,,,,,,,,,,,,,,,,,,,,,,,,,,,,,,,,,,,,,,,,,,,,,,,,,,,,,,,,,,,,,,,,,,,,,,,,,,,,,,,,,,,,,,,,,,,,,,,,,,,,,,,,,,,,,,,,,,,,,,,,,,,,,,,,,,,,,,,,,,,,,,,,,,,,,,,,,,,,,,,,,,,,,,,,,,,,,,,,,,,,,,,,,,,,,,,,,,,,,,,,,,,,,,,,,,,,,,,,,,,,,,,,,,,,,,,,,,,,,,,,,,,,,,,,,,,,,,,,,,,,,,,,,,,,,,,,,,,,,,,,,,,,,,,,,,,,,,,,,,,,,,,,,,,,,,,,,,,,,,,,,,,,,,,,,,,,,,,,,,,,,,,,,,,,,,,,,,,,,,,,,,,,,,,,,,,,,,,,,,,,,,,,,,,,,,,,,,,,,,,,,,,,,,,,,,,,,,,,,,,,,,,,,,,,,,,,,,,,,,,,,,,,,,,,,,,,,,,,,,,,,,,,,,,,,,,,,,,,,,,,,,,,,,,,,,,,,,,,,,,,,,,,,,,,,,,,,,,,,,,,,,,,,,,,,,,,,,,,,,,,,,,,,,,,,,
DataConstants,Seychelles,98347.00,0.0062,608.00,214.00,460.00,-200.00,2.50,34.00,52.00,0.00,3.6,0.8198189235,,,,14,21.2,33.1,,,,,,,,,,,,,,,,,,,,,,,,,,,,,,,,,,,,,,,,,,,,,,,,,,,,,,,,,,,,,,,,,,,,,,,,,,,,,,,,,,,,,,,,,,,,,,,,,,,,,,,,,,,,,,,,,,,,,,,,,,,,,,,,,,,,,,,,,,,,,,,,,,,,,,,,,,,,,,,,,,,,,,,,,,,,,,,,,,,,,,,,,,,,,,,,,,,,,,,,,,,,,,,,,,,,,,,,,,,,,,,,,,,,,,,,,,,,,,,,,,,,,,,,,,,,,,,,,,,,,,,,,,,,,,,,,,,,,,,,,,,,,,,,,,,,,,,,,,,,,,,,,,,,,,,,,,,,,,,,,,,,,,,,,,,,,,,,,,,,,,,,,,,,,,,,,,,,,,,,,,,,,,,,,,,,,,,,,,,,,,,,,,,,,,,,,,,,,,,,,,,,,,,,,,,,,,,,,,,,,,,,,,,,,,,,,,,,,,,,,,,,,,,,,,,,,,,,,,,,,,,,,,,,,,,,,,,,,,,,,,,,,,,,,,,,,,,,,,,,,,,,,,,,,,,,,,,,,,,,,,,,,,,,,,,,,,,,,,,,,,,,,,,,,,,,,,,,,,,,,,,,,,,,,,,,,,,,,,,,,,,,,,,,,,,,,,,,,,,,,,,,,,,,,,,,,,,,,,,,,,,,,,,,,,,,,,,,,,,,,,,,,,,,,,,,,,,,,,,,,,,,,,,,,,,,,,,,,,,,,,,,,,,,,,,,,,,,,,,,,,,,,,,,,,,,
DataConstants,Sierra Leone,7976983.00,0.021,163768.00,111.00,72180.00,-4200.00,4.30,19.00,69.00,0.00,0.4,0.3240473585,,,,8.7,30.5,75.25,,,,,,,,,,,,,,,,,,,,,,,,,,,,,,,,,,,,,,,,,,,,,,,,,,,,,,,,,,,,,,,,,,,,,,,,,,,,,,,,,,,,,,,,,,,,,,,,,,,,,,,,,,,,,,,,,,,,,,,,,,,,,,,,,,,,,,,,,,,,,,,,,,,,,,,,,,,,,,,,,,,,,,,,,,,,,,,,,,,,,,,,,,,,,,,,,,,,,,,,,,,,,,,,,,,,,,,,,,,,,,,,,,,,,,,,,,,,,,,,,,,,,,,,,,,,,,,,,,,,,,,,,,,,,,,,,,,,,,,,,,,,,,,,,,,,,,,,,,,,,,,,,,,,,,,,,,,,,,,,,,,,,,,,,,,,,,,,,,,,,,,,,,,,,,,,,,,,,,,,,,,,,,,,,,,,,,,,,,,,,,,,,,,,,,,,,,,,,,,,,,,,,,,,,,,,,,,,,,,,,,,,,,,,,,,,,,,,,,,,,,,,,,,,,,,,,,,,,,,,,,,,,,,,,,,,,,,,,,,,,,,,,,,,,,,,,,,,,,,,,,,,,,,,,,,,,,,,,,,,,,,,,,,,,,,,,,,,,,,,,,,,,,,,,,,,,,,,,,,,,,,,,,,,,,,,,,,,,,,,,,,,,,,,,,,,,,,,,,,,,,,,,,,,,,,,,,,,,,,,,,,,,,,,,,,,,,,,,,,,,,,,,,,,,,,,,,,,,,,,,,,,,,,,,,,,,,,,,,,,,,,,,,,,,,,,,,,,,,,,,,,,,,,,,,,,
DataConstants,Singapore,5850342.00,0.0079,46005.00,8358.00,700.00,27028.00,1.20,42.00,1.00,0.00,2.4,1.097867542,,,,6.1,9.3,3.4,,,,,,,,,,,,,,,,,,,,,,,,,,,,,,,,,,,,,,,,,,,,,,,,,,,,,,,,,,,,,,,,,,,,,,,,,,,,,,,,,,,,,,,,,,,,,,,,,,,,,,,,,,,,,,,,,,,,,,,,,,,,,,,,,,,,,,,,,,,,,,,,,,,,,,,,,,,,,,,,,,,,,,,,,,,,,,,,,,,,,,,,,,,,,,,,,,,,,,,,,,,,,,,,,,,,,,,,,,,,,,,,,,,,,,,,,,,,,,,,,,,,,,,,,,,,,,,,,,,,,,,,,,,,,,,,,,,,,,,,,,,,,,,,,,,,,,,,,,,,,,,,,,,,,,,,,,,,,,,,,,,,,,,,,,,,,,,,,,,,,,,,,,,,,,,,,,,,,,,,,,,,,,,,,,,,,,,,,,,,,,,,,,,,,,,,,,,,,,,,,,,,,,,,,,,,,,,,,,,,,,,,,,,,,,,,,,,,,,,,,,,,,,,,,,,,,,,,,,,,,,,,,,,,,,,,,,,,,,,,,,,,,,,,,,,,,,,,,,,,,,,,,,,,,,,,,,,,,,,,,,,,,,,,,,,,,,,,,,,,,,,,,,,,,,,,,,,,,,,,,,,,,,,,,,,,,,,,,,,,,,,,,,,,,,,,,,,,,,,,,,,,,,,,,,,,,,,,,,,,,,,,,,,,,,,,,,,,,,,,,,,,,,,,,,,,,,,,,,,,,,,,,,,,,,,,,,,,,,,,,,,,,,,,,,,,,,,,,,,,,,,,,,,,,,,,
DataConstants,Slovakia,5459642.00,0.0005,2629.00,114.00,48088.00,1485.00,1.50,41.00,44.00,0.00,5.8,1.383013299,,,,20.5,17.2,26.8,,,,,,,,,,,,,,,,,,,,,,,,,,,,,,,,,,,,,,,,,,,,,,,,,,,,,,,,,,,,,,,,,,,,,,,,,,,,,,,,,,,,,,,,,,,,,,,,,,,,,,,,,,,,,,,,,,,,,,,,,,,,,,,,,,,,,,,,,,,,,,,,,,,,,,,,,,,,,,,,,,,,,,,,,,,,,,,,,,,,,,,,,,,,,,,,,,,,,,,,,,,,,,,,,,,,,,,,,,,,,,,,,,,,,,,,,,,,,,,,,,,,,,,,,,,,,,,,,,,,,,,,,,,,,,,,,,,,,,,,,,,,,,,,,,,,,,,,,,,,,,,,,,,,,,,,,,,,,,,,,,,,,,,,,,,,,,,,,,,,,,,,,,,,,,,,,,,,,,,,,,,,,,,,,,,,,,,,,,,,,,,,,,,,,,,,,,,,,,,,,,,,,,,,,,,,,,,,,,,,,,,,,,,,,,,,,,,,,,,,,,,,,,,,,,,,,,,,,,,,,,,,,,,,,,,,,,,,,,,,,,,,,,,,,,,,,,,,,,,,,,,,,,,,,,,,,,,,,,,,,,,,,,,,,,,,,,,,,,,,,,,,,,,,,,,,,,,,,,,,,,,,,,,,,,,,,,,,,,,,,,,,,,,,,,,,,,,,,,,,,,,,,,,,,,,,,,,,,,,,,,,,,,,,,,,,,,,,,,,,,,,,,,,,,,,,,,,,,,,,,,,,,,,,,,,,,,,,,,,,,,,,,,,,,,,,,,,,,,,,,,,,,,,,,,,,
DataConstants,Slovenia,2078938.00,0.0001,284.00,103.00,20140.00,2000.00,1.60,45.00,43.00,0.00,4.6,1.758763639,,,,20.2,12.7,19.95,,,,,,,,,,,,,,,,,,,,,,,,,,,,,,,,,,,,,,,,,,,,,,,,,,,,,,,,,,,,,,,,,,,,,,,,,,,,,,,,,,,,,,,,,,,,,,,,,,,,,,,,,,,,,,,,,,,,,,,,,,,,,,,,,,,,,,,,,,,,,,,,,,,,,,,,,,,,,,,,,,,,,,,,,,,,,,,,,,,,,,,,,,,,,,,,,,,,,,,,,,,,,,,,,,,,,,,,,,,,,,,,,,,,,,,,,,,,,,,,,,,,,,,,,,,,,,,,,,,,,,,,,,,,,,,,,,,,,,,,,,,,,,,,,,,,,,,,,,,,,,,,,,,,,,,,,,,,,,,,,,,,,,,,,,,,,,,,,,,,,,,,,,,,,,,,,,,,,,,,,,,,,,,,,,,,,,,,,,,,,,,,,,,,,,,,,,,,,,,,,,,,,,,,,,,,,,,,,,,,,,,,,,,,,,,,,,,,,,,,,,,,,,,,,,,,,,,,,,,,,,,,,,,,,,,,,,,,,,,,,,,,,,,,,,,,,,,,,,,,,,,,,,,,,,,,,,,,,,,,,,,,,,,,,,,,,,,,,,,,,,,,,,,,,,,,,,,,,,,,,,,,,,,,,,,,,,,,,,,,,,,,,,,,,,,,,,,,,,,,,,,,,,,,,,,,,,,,,,,,,,,,,,,,,,,,,,,,,,,,,,,,,,,,,,,,,,,,,,,,,,,,,,,,,,,,,,,,,,,,,,,,,,,,,,,,,,,,,,,,,,,,,,,,,,,,
DataConstants,Somalia,15893222.00,0.0292,450317.00,25.00,627340.00,-40000.00,6.10,17.00,54.00,0.00,0.9,0.3033529002,,,,8.3,21.8,41.6,,,,,,,,,,,,,,,,,,,,,,,,,,,,,,,,,,,,,,,,,,,,,,,,,,,,,,,,,,,,,,,,,,,,,,,,,,,,,,,,,,,,,,,,,,,,,,,,,,,,,,,,,,,,,,,,,,,,,,,,,,,,,,,,,,,,,,,,,,,,,,,,,,,,,,,,,,,,,,,,,,,,,,,,,,,,,,,,,,,,,,,,,,,,,,,,,,,,,,,,,,,,,,,,,,,,,,,,,,,,,,,,,,,,,,,,,,,,,,,,,,,,,,,,,,,,,,,,,,,,,,,,,,,,,,,,,,,,,,,,,,,,,,,,,,,,,,,,,,,,,,,,,,,,,,,,,,,,,,,,,,,,,,,,,,,,,,,,,,,,,,,,,,,,,,,,,,,,,,,,,,,,,,,,,,,,,,,,,,,,,,,,,,,,,,,,,,,,,,,,,,,,,,,,,,,,,,,,,,,,,,,,,,,,,,,,,,,,,,,,,,,,,,,,,,,,,,,,,,,,,,,,,,,,,,,,,,,,,,,,,,,,,,,,,,,,,,,,,,,,,,,,,,,,,,,,,,,,,,,,,,,,,,,,,,,,,,,,,,,,,,,,,,,,,,,,,,,,,,,,,,,,,,,,,,,,,,,,,,,,,,,,,,,,,,,,,,,,,,,,,,,,,,,,,,,,,,,,,,,,,,,,,,,,,,,,,,,,,,,,,,,,,,,,,,,,,,,,,,,,,,,,,,,,,,,,,,,,,,,,,,,,,,,,,,,,,,,,,,,,,,,,,,,,,,,,
DataConstants,SouthAfrica,59308690.00,0.0128,750420.00,49.00,1213090.00,145405.00,2.40,28.00,43.00,0.00,2.8,0.5402447518,141,231,600,28.3,26.2,19.4,,,,,,,,,,,,,,,,,,,,,,,,,,,,,,,,,,,,,,,,,,,,,,,,,,,,,,,,,,,,,,,,,,,,,,,,,,,,,,,,,,,,,,,,,,,,,,,,,,,,,,,,,,,,,,,,,,,,,,,,,,,,,,,,,,,,,,,,,,,,,,,,,,,,,,,,,,,,,,,,,,,,,,,,,,,,,,,,,,,,,,,,,,,,,,,,,,,,,,,,,,,,,,,,,,,,,,,,,,,,,,,,,,,,,,,,,,,,,,,,,,,,,,,,,,,,,,,,,,,,,,,,,,,,,,,,,,,,,,,,,,,,,,,,,,,,,,,,,,,,,,,,,,,,,,,,,,,,,,,,,,,,,,,,,,,,,,,,,,,,,,,,,,,,,,,,,,,,,,,,,,,,,,,,,,,,,,,,,,,,,,,,,,,,,,,,,,,,,,,,,,,,,,,,,,,,,,,,,,,,,,,,,,,,,,,,,,,,,,,,,,,,,,,,,,,,,,,,,,,,,,,,,,,,,,,,,,,,,,,,,,,,,,,,,,,,,,,,,,,,,,,,,,,,,,,,,,,,,,,,,,,,,,,,,,,,,,,,,,,,,,,,,,,,,,,,,,,,,,,,,,,,,,,,,,,,,,,,,,,,,,,,,,,,,,,,,,,,,,,,,,,,,,,,,,,,,,,,,,,,,,,,,,,,,,,,,,,,,,,,,,,,,,,,,,,,,,,,,,,,,,,,,,,,,,,,,,,,,,,,,,,,,,,,,,,,,,,,,,,,,,,,,,,,,,,,
DataConstants,SouthKorea,51269185.00,0.0009,43877.00,527.00,97230.00,11731.00,1.10,44.00,0.00,0.00,11.5,1.335489006,109,167,2215,4.7,7.8,11.5,,,,,,,,,,,,,,,,,,,,,,,,,,,,,,,,,,,,,,,,,,,,,,,,,,,,,,,,,,,,,,,,,,,,,,,,,,,,,,,,,,,,,,,,,,,,,,,,,,,,,,,,,,,,,,,,,,,,,,,,,,,,,,,,,,,,,,,,,,,,,,,,,,,,,,,,,,,,,,,,,,,,,,,,,,,,,,,,,,,,,,,,,,,,,,,,,,,,,,,,,,,,,,,,,,,,,,,,,,,,,,,,,,,,,,,,,,,,,,,,,,,,,,,,,,,,,,,,,,,,,,,,,,,,,,,,,,,,,,,,,,,,,,,,,,,,,,,,,,,,,,,,,,,,,,,,,,,,,,,,,,,,,,,,,,,,,,,,,,,,,,,,,,,,,,,,,,,,,,,,,,,,,,,,,,,,,,,,,,,,,,,,,,,,,,,,,,,,,,,,,,,,,,,,,,,,,,,,,,,,,,,,,,,,,,,,,,,,,,,,,,,,,,,,,,,,,,,,,,,,,,,,,,,,,,,,,,,,,,,,,,,,,,,,,,,,,,,,,,,,,,,,,,,,,,,,,,,,,,,,,,,,,,,,,,,,,,,,,,,,,,,,,,,,,,,,,,,,,,,,,,,,,,,,,,,,,,,,,,,,,,,,,,,,,,,,,,,,,,,,,,,,,,,,,,,,,,,,,,,,,,,,,,,,,,,,,,,,,,,,,,,,,,,,,,,,,,,,,,,,,,,,,,,,,,,,,,,,,,,,,,,,,,,,,,,,,,,,,,,,,,,,,,,,,,,,
DataConstants,SouthSudan,11193725.00,0.011899999999999999,131612.00,18.00,610952.00,-174200.00,4.70,19.00,74.00,0.00,,0.3550227175,,,,,19.8,29.45,,,,,,,,,,,,,,,,,,,,,,,,,,,,,,,,,,,,,,,,,,,,,,,,,,,,,,,,,,,,,,,,,,,,,,,,,,,,,,,,,,,,,,,,,,,,,,,,,,,,,,,,,,,,,,,,,,,,,,,,,,,,,,,,,,,,,,,,,,,,,,,,,,,,,,,,,,,,,,,,,,,,,,,,,,,,,,,,,,,,,,,,,,,,,,,,,,,,,,,,,,,,,,,,,,,,,,,,,,,,,,,,,,,,,,,,,,,,,,,,,,,,,,,,,,,,,,,,,,,,,,,,,,,,,,,,,,,,,,,,,,,,,,,,,,,,,,,,,,,,,,,,,,,,,,,,,,,,,,,,,,,,,,,,,,,,,,,,,,,,,,,,,,,,,,,,,,,,,,,,,,,,,,,,,,,,,,,,,,,,,,,,,,,,,,,,,,,,,,,,,,,,,,,,,,,,,,,,,,,,,,,,,,,,,,,,,,,,,,,,,,,,,,,,,,,,,,,,,,,,,,,,,,,,,,,,,,,,,,,,,,,,,,,,,,,,,,,,,,,,,,,,,,,,,,,,,,,,,,,,,,,,,,,,,,,,,,,,,,,,,,,,,,,,,,,,,,,,,,,,,,,,,,,,,,,,,,,,,,,,,,,,,,,,,,,,,,,,,,,,,,,,,,,,,,,,,,,,,,,,,,,,,,,,,,,,,,,,,,,,,,,,,,,,,,,,,,,,,,,,,,,,,,,,,,,,,,,,,,,,,,,,,,,,,,,,,,,,,,,,,,,,,,,,,,,,
DataConstants,Spain,46754778.00,0.0004,18002.00,94.00,498800.00,40000.00,1.30,45.00,10.00,0.00,3,1.799290286,153,243,17900,23.8,9.9,8.45,,,,,,,,,,,,,,,,,,,,,,,,,,,,,,,,,,,,,,,,,,,,,,,,,,,,,,,,,,,,,,,,,,,,,,,,,,,,,,,,,,,,,,,,,,,,,,,,,,,,,,,,,,,,,,,,,,,,,,,,,,,,,,,,,,,,,,,,,,,,,,,,,,,,,,,,,,,,,,,,,,,,,,,,,,,,,,,,,,,,,,,,,,,,,,,,,,,,,,,,,,,,,,,,,,,,,,,,,,,,,,,,,,,,,,,,,,,,,,,,,,,,,,,,,,,,,,,,,,,,,,,,,,,,,,,,,,,,,,,,,,,,,,,,,,,,,,,,,,,,,,,,,,,,,,,,,,,,,,,,,,,,,,,,,,,,,,,,,,,,,,,,,,,,,,,,,,,,,,,,,,,,,,,,,,,,,,,,,,,,,,,,,,,,,,,,,,,,,,,,,,,,,,,,,,,,,,,,,,,,,,,,,,,,,,,,,,,,,,,,,,,,,,,,,,,,,,,,,,,,,,,,,,,,,,,,,,,,,,,,,,,,,,,,,,,,,,,,,,,,,,,,,,,,,,,,,,,,,,,,,,,,,,,,,,,,,,,,,,,,,,,,,,,,,,,,,,,,,,,,,,,,,,,,,,,,,,,,,,,,,,,,,,,,,,,,,,,,,,,,,,,,,,,,,,,,,,,,,,,,,,,,,,,,,,,,,,,,,,,,,,,,,,,,,,,,,,,,,,,,,,,,,,,,,,,,,,,,,,,,,,,,,,,,,,,,,,,,,,,,,,,,,,,,,,,,
DataConstants,SriLanka,21413249.00,0.0042,89516.00,341.00,62710.00,-97986.00,2.20,34.00,5.00,0.00,3.6,0.9342685637,,,,5.2,17.4,33.55,,,,,,,,,,,,,,,,,,,,,,,,,,,,,,,,,,,,,,,,,,,,,,,,,,,,,,,,,,,,,,,,,,,,,,,,,,,,,,,,,,,,,,,,,,,,,,,,,,,,,,,,,,,,,,,,,,,,,,,,,,,,,,,,,,,,,,,,,,,,,,,,,,,,,,,,,,,,,,,,,,,,,,,,,,,,,,,,,,,,,,,,,,,,,,,,,,,,,,,,,,,,,,,,,,,,,,,,,,,,,,,,,,,,,,,,,,,,,,,,,,,,,,,,,,,,,,,,,,,,,,,,,,,,,,,,,,,,,,,,,,,,,,,,,,,,,,,,,,,,,,,,,,,,,,,,,,,,,,,,,,,,,,,,,,,,,,,,,,,,,,,,,,,,,,,,,,,,,,,,,,,,,,,,,,,,,,,,,,,,,,,,,,,,,,,,,,,,,,,,,,,,,,,,,,,,,,,,,,,,,,,,,,,,,,,,,,,,,,,,,,,,,,,,,,,,,,,,,,,,,,,,,,,,,,,,,,,,,,,,,,,,,,,,,,,,,,,,,,,,,,,,,,,,,,,,,,,,,,,,,,,,,,,,,,,,,,,,,,,,,,,,,,,,,,,,,,,,,,,,,,,,,,,,,,,,,,,,,,,,,,,,,,,,,,,,,,,,,,,,,,,,,,,,,,,,,,,,,,,,,,,,,,,,,,,,,,,,,,,,,,,,,,,,,,,,,,,,,,,,,,,,,,,,,,,,,,,,,,,,,,,,,,,,,,,,,,,,,,,,,,,,,,,,,,,,
DataConstants,Sudan,43849260.00,0.0242,1036022.00,25.00,1765048.00,-50000.00,4.40,20.00,51.00,0.00,0.8,0.3742579511,,,,,26,30.25,,,,,,,,,,,,,,,,,,,,,,,,,,,,,,,,,,,,,,,,,,,,,,,,,,,,,,,,,,,,,,,,,,,,,,,,,,,,,,,,,,,,,,,,,,,,,,,,,,,,,,,,,,,,,,,,,,,,,,,,,,,,,,,,,,,,,,,,,,,,,,,,,,,,,,,,,,,,,,,,,,,,,,,,,,,,,,,,,,,,,,,,,,,,,,,,,,,,,,,,,,,,,,,,,,,,,,,,,,,,,,,,,,,,,,,,,,,,,,,,,,,,,,,,,,,,,,,,,,,,,,,,,,,,,,,,,,,,,,,,,,,,,,,,,,,,,,,,,,,,,,,,,,,,,,,,,,,,,,,,,,,,,,,,,,,,,,,,,,,,,,,,,,,,,,,,,,,,,,,,,,,,,,,,,,,,,,,,,,,,,,,,,,,,,,,,,,,,,,,,,,,,,,,,,,,,,,,,,,,,,,,,,,,,,,,,,,,,,,,,,,,,,,,,,,,,,,,,,,,,,,,,,,,,,,,,,,,,,,,,,,,,,,,,,,,,,,,,,,,,,,,,,,,,,,,,,,,,,,,,,,,,,,,,,,,,,,,,,,,,,,,,,,,,,,,,,,,,,,,,,,,,,,,,,,,,,,,,,,,,,,,,,,,,,,,,,,,,,,,,,,,,,,,,,,,,,,,,,,,,,,,,,,,,,,,,,,,,,,,,,,,,,,,,,,,,,,,,,,,,,,,,,,,,,,,,,,,,,,,,,,,,,,,,,,,,,,,,,,,,,,,,,,,,,,,,
DataConstants,Suriname,586632.00,0.009000000000000001,5260.00,4.00,156000.00,-1000.00,2.40,29.00,52.00,0.00,3.1,0.6953536961,,,,26.4,21.7,27.1,,,,,,,,,,,,,,,,,,,,,,,,,,,,,,,,,,,,,,,,,,,,,,,,,,,,,,,,,,,,,,,,,,,,,,,,,,,,,,,,,,,,,,,,,,,,,,,,,,,,,,,,,,,,,,,,,,,,,,,,,,,,,,,,,,,,,,,,,,,,,,,,,,,,,,,,,,,,,,,,,,,,,,,,,,,,,,,,,,,,,,,,,,,,,,,,,,,,,,,,,,,,,,,,,,,,,,,,,,,,,,,,,,,,,,,,,,,,,,,,,,,,,,,,,,,,,,,,,,,,,,,,,,,,,,,,,,,,,,,,,,,,,,,,,,,,,,,,,,,,,,,,,,,,,,,,,,,,,,,,,,,,,,,,,,,,,,,,,,,,,,,,,,,,,,,,,,,,,,,,,,,,,,,,,,,,,,,,,,,,,,,,,,,,,,,,,,,,,,,,,,,,,,,,,,,,,,,,,,,,,,,,,,,,,,,,,,,,,,,,,,,,,,,,,,,,,,,,,,,,,,,,,,,,,,,,,,,,,,,,,,,,,,,,,,,,,,,,,,,,,,,,,,,,,,,,,,,,,,,,,,,,,,,,,,,,,,,,,,,,,,,,,,,,,,,,,,,,,,,,,,,,,,,,,,,,,,,,,,,,,,,,,,,,,,,,,,,,,,,,,,,,,,,,,,,,,,,,,,,,,,,,,,,,,,,,,,,,,,,,,,,,,,,,,,,,,,,,,,,,,,,,,,,,,,,,,,,,,,,,,,,,,,,,,,,,,,,,,,,,,,,,,,,,,,,,
DataConstants,Sweden,10099265.00,0.0063,62886.00,25.00,410340.00,40000.00,1.90,41.00,9.00,0.00,2.6,1.740888137,153,236,600,20.6,9.1,6.3,,,,,,,,,,,,,,,,,,,,,,,,,,,,,,,,,,,,,,,,,,,,,,,,,,,,,,,,,,,,,,,,,,,,,,,,,,,,,,,,,,,,,,,,,,,,,,,,,,,,,,,,,,,,,,,,,,,,,,,,,,,,,,,,,,,,,,,,,,,,,,,,,,,,,,,,,,,,,,,,,,,,,,,,,,,,,,,,,,,,,,,,,,,,,,,,,,,,,,,,,,,,,,,,,,,,,,,,,,,,,,,,,,,,,,,,,,,,,,,,,,,,,,,,,,,,,,,,,,,,,,,,,,,,,,,,,,,,,,,,,,,,,,,,,,,,,,,,,,,,,,,,,,,,,,,,,,,,,,,,,,,,,,,,,,,,,,,,,,,,,,,,,,,,,,,,,,,,,,,,,,,,,,,,,,,,,,,,,,,,,,,,,,,,,,,,,,,,,,,,,,,,,,,,,,,,,,,,,,,,,,,,,,,,,,,,,,,,,,,,,,,,,,,,,,,,,,,,,,,,,,,,,,,,,,,,,,,,,,,,,,,,,,,,,,,,,,,,,,,,,,,,,,,,,,,,,,,,,,,,,,,,,,,,,,,,,,,,,,,,,,,,,,,,,,,,,,,,,,,,,,,,,,,,,,,,,,,,,,,,,,,,,,,,,,,,,,,,,,,,,,,,,,,,,,,,,,,,,,,,,,,,,,,,,,,,,,,,,,,,,,,,,,,,,,,,,,,,,,,,,,,,,,,,,,,,,,,,,,,,,,,,,,,,,,,,,,,,,,,,,,,,,,,,,,,,
DataConstants,Switzerland,8654622.00,0.0074,63257.00,219.00,39516.00,52000.00,1.50,43.00,34.00,0.00,4.7,1.686100885,153,201,100,19.5,8.6,6.55,,,,,,,,,,,,,,,,,,,,,,,,,,,,,,,,,,,,,,,,,,,,,,,,,,,,,,,,,,,,,,,,,,,,,,,,,,,,,,,,,,,,,,,,,,,,,,,,,,,,,,,,,,,,,,,,,,,,,,,,,,,,,,,,,,,,,,,,,,,,,,,,,,,,,,,,,,,,,,,,,,,,,,,,,,,,,,,,,,,,,,,,,,,,,,,,,,,,,,,,,,,,,,,,,,,,,,,,,,,,,,,,,,,,,,,,,,,,,,,,,,,,,,,,,,,,,,,,,,,,,,,,,,,,,,,,,,,,,,,,,,,,,,,,,,,,,,,,,,,,,,,,,,,,,,,,,,,,,,,,,,,,,,,,,,,,,,,,,,,,,,,,,,,,,,,,,,,,,,,,,,,,,,,,,,,,,,,,,,,,,,,,,,,,,,,,,,,,,,,,,,,,,,,,,,,,,,,,,,,,,,,,,,,,,,,,,,,,,,,,,,,,,,,,,,,,,,,,,,,,,,,,,,,,,,,,,,,,,,,,,,,,,,,,,,,,,,,,,,,,,,,,,,,,,,,,,,,,,,,,,,,,,,,,,,,,,,,,,,,,,,,,,,,,,,,,,,,,,,,,,,,,,,,,,,,,,,,,,,,,,,,,,,,,,,,,,,,,,,,,,,,,,,,,,,,,,,,,,,,,,,,,,,,,,,,,,,,,,,,,,,,,,,,,,,,,,,,,,,,,,,,,,,,,,,,,,,,,,,,,,,,,,,,,,,,,,,,,,,,,,,,,,,,,,,,,
DataConstants,Syria,17500658.00,0.0252,430523.00,95.00,183630.00,-427391.00,2.80,26.00,60.00,0.00,1.5,0.4721918217,,,,27.8,21.8,15.3,,,,,,,,,,,,,,,,,,,,,,,,,,,,,,,,,,,,,,,,,,,,,,,,,,,,,,,,,,,,,,,,,,,,,,,,,,,,,,,,,,,,,,,,,,,,,,,,,,,,,,,,,,,,,,,,,,,,,,,,,,,,,,,,,,,,,,,,,,,,,,,,,,,,,,,,,,,,,,,,,,,,,,,,,,,,,,,,,,,,,,,,,,,,,,,,,,,,,,,,,,,,,,,,,,,,,,,,,,,,,,,,,,,,,,,,,,,,,,,,,,,,,,,,,,,,,,,,,,,,,,,,,,,,,,,,,,,,,,,,,,,,,,,,,,,,,,,,,,,,,,,,,,,,,,,,,,,,,,,,,,,,,,,,,,,,,,,,,,,,,,,,,,,,,,,,,,,,,,,,,,,,,,,,,,,,,,,,,,,,,,,,,,,,,,,,,,,,,,,,,,,,,,,,,,,,,,,,,,,,,,,,,,,,,,,,,,,,,,,,,,,,,,,,,,,,,,,,,,,,,,,,,,,,,,,,,,,,,,,,,,,,,,,,,,,,,,,,,,,,,,,,,,,,,,,,,,,,,,,,,,,,,,,,,,,,,,,,,,,,,,,,,,,,,,,,,,,,,,,,,,,,,,,,,,,,,,,,,,,,,,,,,,,,,,,,,,,,,,,,,,,,,,,,,,,,,,,,,,,,,,,,,,,,,,,,,,,,,,,,,,,,,,,,,,,,,,,,,,,,,,,,,,,,,,,,,,,,,,,,,,,,,,,,,,,,,,,,,,,,,,,,,,,,,,,,
DataConstants,Taiwan,23816775.00,0.0018,42899.00,673.00,35410.00,30001.00,1.20,42.00,0.00,0.00,#N/A,#N/A,,,,,,,,,,,,,,,,,,,,,,,,,,,,,,,,,,,,,,,,,,,,,,,,,,,,,,,,,,,,,,,,,,,,,,,,,,,,,,,,,,,,,,,,,,,,,,,,,,,,,,,,,,,,,,,,,,,,,,,,,,,,,,,,,,,,,,,,,,,,,,,,,,,,,,,,,,,,,,,,,,,,,,,,,,,,,,,,,,,,,,,,,,,,,,,,,,,,,,,,,,,,,,,,,,,,,,,,,,,,,,,,,,,,,,,,,,,,,,,,,,,,,,,,,,,,,,,,,,,,,,,,,,,,,,,,,,,,,,,,,,,,,,,,,,,,,,,,,,,,,,,,,,,,,,,,,,,,,,,,,,,,,,,,,,,,,,,,,,,,,,,,,,,,,,,,,,,,,,,,,,,,,,,,,,,,,,,,,,,,,,,,,,,,,,,,,,,,,,,,,,,,,,,,,,,,,,,,,,,,,,,,,,,,,,,,,,,,,,,,,,,,,,,,,,,,,,,,,,,,,,,,,,,,,,,,,,,,,,,,,,,,,,,,,,,,,,,,,,,,,,,,,,,,,,,,,,,,,,,,,,,,,,,,,,,,,,,,,,,,,,,,,,,,,,,,,,,,,,,,,,,,,,,,,,,,,,,,,,,,,,,,,,,,,,,,,,,,,,,,,,,,,,,,,,,,,,,,,,,,,,,,,,,,,,,,,,,,,,,,,,,,,,,,,,,,,,,,,,,,,,,,,,,,,,,,,,,,,,,,,,,,,,,,,,,,,,,,,,,,,,,,,,,,,,,,,,,,,,
DataConstants,Tajikistan,9537645.00,0.0232,216627.00,68.00,139960.00,-20000.00,3.60,22.00,99.00,0.00,4.8,0.3744901005,,,,14.2,25.3,34,,,,,,,,,,,,,,,,,,,,,,,,,,,,,,,,,,,,,,,,,,,,,,,,,,,,,,,,,,,,,,,,,,,,,,,,,,,,,,,,,,,,,,,,,,,,,,,,,,,,,,,,,,,,,,,,,,,,,,,,,,,,,,,,,,,,,,,,,,,,,,,,,,,,,,,,,,,,,,,,,,,,,,,,,,,,,,,,,,,,,,,,,,,,,,,,,,,,,,,,,,,,,,,,,,,,,,,,,,,,,,,,,,,,,,,,,,,,,,,,,,,,,,,,,,,,,,,,,,,,,,,,,,,,,,,,,,,,,,,,,,,,,,,,,,,,,,,,,,,,,,,,,,,,,,,,,,,,,,,,,,,,,,,,,,,,,,,,,,,,,,,,,,,,,,,,,,,,,,,,,,,,,,,,,,,,,,,,,,,,,,,,,,,,,,,,,,,,,,,,,,,,,,,,,,,,,,,,,,,,,,,,,,,,,,,,,,,,,,,,,,,,,,,,,,,,,,,,,,,,,,,,,,,,,,,,,,,,,,,,,,,,,,,,,,,,,,,,,,,,,,,,,,,,,,,,,,,,,,,,,,,,,,,,,,,,,,,,,,,,,,,,,,,,,,,,,,,,,,,,,,,,,,,,,,,,,,,,,,,,,,,,,,,,,,,,,,,,,,,,,,,,,,,,,,,,,,,,,,,,,,,,,,,,,,,,,,,,,,,,,,,,,,,,,,,,,,,,,,,,,,,,,,,,,,,,,,,,,,,,,,,,,,,,,,,,,,,,,,,,,,,,,,,,,,,,
DataConstants,Tanzania,59734218.00,0.0298,1728755.00,67.00,885800.00,-40076.00,4.90,18.00,54.00,0.00,0.7,0.2881305343,,,,10,14.5,23.75,,,,,,,,,,,,,,,,,,,,,,,,,,,,,,,,,,,,,,,,,,,,,,,,,,,,,,,,,,,,,,,,,,,,,,,,,,,,,,,,,,,,,,,,,,,,,,,,,,,,,,,,,,,,,,,,,,,,,,,,,,,,,,,,,,,,,,,,,,,,,,,,,,,,,,,,,,,,,,,,,,,,,,,,,,,,,,,,,,,,,,,,,,,,,,,,,,,,,,,,,,,,,,,,,,,,,,,,,,,,,,,,,,,,,,,,,,,,,,,,,,,,,,,,,,,,,,,,,,,,,,,,,,,,,,,,,,,,,,,,,,,,,,,,,,,,,,,,,,,,,,,,,,,,,,,,,,,,,,,,,,,,,,,,,,,,,,,,,,,,,,,,,,,,,,,,,,,,,,,,,,,,,,,,,,,,,,,,,,,,,,,,,,,,,,,,,,,,,,,,,,,,,,,,,,,,,,,,,,,,,,,,,,,,,,,,,,,,,,,,,,,,,,,,,,,,,,,,,,,,,,,,,,,,,,,,,,,,,,,,,,,,,,,,,,,,,,,,,,,,,,,,,,,,,,,,,,,,,,,,,,,,,,,,,,,,,,,,,,,,,,,,,,,,,,,,,,,,,,,,,,,,,,,,,,,,,,,,,,,,,,,,,,,,,,,,,,,,,,,,,,,,,,,,,,,,,,,,,,,,,,,,,,,,,,,,,,,,,,,,,,,,,,,,,,,,,,,,,,,,,,,,,,,,,,,,,,,,,,,,,,,,,,,,,,,,,,,,,,,,,,,,,,,,,,,,
DataConstants,Thailand,69799978.00,0.0025,174396.00,137.00,510890.00,19444.00,1.50,40.00,0.00,0.00,2.1,1.125294332,138,229,2316,8.4,17.9,31.05,,,,,,,,,,,,,,,,,,,,,,,,,,,,,,,,,,,,,,,,,,,,,,,,,,,,,,,,,,,,,,,,,,,,,,,,,,,,,,,,,,,,,,,,,,,,,,,,,,,,,,,,,,,,,,,,,,,,,,,,,,,,,,,,,,,,,,,,,,,,,,,,,,,,,,,,,,,,,,,,,,,,,,,,,,,,,,,,,,,,,,,,,,,,,,,,,,,,,,,,,,,,,,,,,,,,,,,,,,,,,,,,,,,,,,,,,,,,,,,,,,,,,,,,,,,,,,,,,,,,,,,,,,,,,,,,,,,,,,,,,,,,,,,,,,,,,,,,,,,,,,,,,,,,,,,,,,,,,,,,,,,,,,,,,,,,,,,,,,,,,,,,,,,,,,,,,,,,,,,,,,,,,,,,,,,,,,,,,,,,,,,,,,,,,,,,,,,,,,,,,,,,,,,,,,,,,,,,,,,,,,,,,,,,,,,,,,,,,,,,,,,,,,,,,,,,,,,,,,,,,,,,,,,,,,,,,,,,,,,,,,,,,,,,,,,,,,,,,,,,,,,,,,,,,,,,,,,,,,,,,,,,,,,,,,,,,,,,,,,,,,,,,,,,,,,,,,,,,,,,,,,,,,,,,,,,,,,,,,,,,,,,,,,,,,,,,,,,,,,,,,,,,,,,,,,,,,,,,,,,,,,,,,,,,,,,,,,,,,,,,,,,,,,,,,,,,,,,,,,,,,,,,,,,,,,,,,,,,,,,,,,,,,,,,,,,,,,,,,,,,,,,,,,,,,,,
DataConstants,Timor,1318445.00,0.0196,25326.00,89.00,14870.00,-5385.00,4.10,21.00,#N/A,0.00,#N/A,1.125294332,,,,8.4,17.9,31.05,,,,,,,,,,,,,,,,,,,,,,,,,,,,,,,,,,,,,,,,,,,,,,,,,,,,,,,,,,,,,,,,,,,,,,,,,,,,,,,,,,,,,,,,,,,,,,,,,,,,,,,,,,,,,,,,,,,,,,,,,,,,,,,,,,,,,,,,,,,,,,,,,,,,,,,,,,,,,,,,,,,,,,,,,,,,,,,,,,,,,,,,,,,,,,,,,,,,,,,,,,,,,,,,,,,,,,,,,,,,,,,,,,,,,,,,,,,,,,,,,,,,,,,,,,,,,,,,,,,,,,,,,,,,,,,,,,,,,,,,,,,,,,,,,,,,,,,,,,,,,,,,,,,,,,,,,,,,,,,,,,,,,,,,,,,,,,,,,,,,,,,,,,,,,,,,,,,,,,,,,,,,,,,,,,,,,,,,,,,,,,,,,,,,,,,,,,,,,,,,,,,,,,,,,,,,,,,,,,,,,,,,,,,,,,,,,,,,,,,,,,,,,,,,,,,,,,,,,,,,,,,,,,,,,,,,,,,,,,,,,,,,,,,,,,,,,,,,,,,,,,,,,,,,,,,,,,,,,,,,,,,,,,,,,,,,,,,,,,,,,,,,,,,,,,,,,,,,,,,,,,,,,,,,,,,,,,,,,,,,,,,,,,,,,,,,,,,,,,,,,,,,,,,,,,,,,,,,,,,,,,,,,,,,,,,,,,,,,,,,,,,,,,,,,,,,,,,,,,,,,,,,,,,,,,,,,,,,,,,,,,,,,,,,,,,,,,,,,,,,,,,,,,,,,,,,
DataConstants,Togo,8278724.00,0.024300000000000002,196358.00,152.00,54390.00,-2000.00,4.40,19.00,44.00,0.00,0.7,0.3145955626,,,,8.4,23.6,67.2,,,,,,,,,,,,,,,,,,,,,,,,,,,,,,,,,,,,,,,,,,,,,,,,,,,,,,,,,,,,,,,,,,,,,,,,,,,,,,,,,,,,,,,,,,,,,,,,,,,,,,,,,,,,,,,,,,,,,,,,,,,,,,,,,,,,,,,,,,,,,,,,,,,,,,,,,,,,,,,,,,,,,,,,,,,,,,,,,,,,,,,,,,,,,,,,,,,,,,,,,,,,,,,,,,,,,,,,,,,,,,,,,,,,,,,,,,,,,,,,,,,,,,,,,,,,,,,,,,,,,,,,,,,,,,,,,,,,,,,,,,,,,,,,,,,,,,,,,,,,,,,,,,,,,,,,,,,,,,,,,,,,,,,,,,,,,,,,,,,,,,,,,,,,,,,,,,,,,,,,,,,,,,,,,,,,,,,,,,,,,,,,,,,,,,,,,,,,,,,,,,,,,,,,,,,,,,,,,,,,,,,,,,,,,,,,,,,,,,,,,,,,,,,,,,,,,,,,,,,,,,,,,,,,,,,,,,,,,,,,,,,,,,,,,,,,,,,,,,,,,,,,,,,,,,,,,,,,,,,,,,,,,,,,,,,,,,,,,,,,,,,,,,,,,,,,,,,,,,,,,,,,,,,,,,,,,,,,,,,,,,,,,,,,,,,,,,,,,,,,,,,,,,,,,,,,,,,,,,,,,,,,,,,,,,,,,,,,,,,,,,,,,,,,,,,,,,,,,,,,,,,,,,,,,,,,,,,,,,,,,,,,,,,,,,,,,,,,,,,,,,,,,,,,,,,,
DataConstants,Tonga,105695.00,0.0115,1201.00,147.00,720.00,-800.00,3.60,22.00,,0.00,2.6,0.5948330183,,,,48.2,23.3,16.9,,,,,,,,,,,,,,,,,,,,,,,,,,,,,,,,,,,,,,,,,,,,,,,,,,,,,,,,,,,,,,,,,,,,,,,,,,,,,,,,,,,,,,,,,,,,,,,,,,,,,,,,,,,,,,,,,,,,,,,,,,,,,,,,,,,,,,,,,,,,,,,,,,,,,,,,,,,,,,,,,,,,,,,,,,,,,,,,,,,,,,,,,,,,,,,,,,,,,,,,,,,,,,,,,,,,,,,,,,,,,,,,,,,,,,,,,,,,,,,,,,,,,,,,,,,,,,,,,,,,,,,,,,,,,,,,,,,,,,,,,,,,,,,,,,,,,,,,,,,,,,,,,,,,,,,,,,,,,,,,,,,,,,,,,,,,,,,,,,,,,,,,,,,,,,,,,,,,,,,,,,,,,,,,,,,,,,,,,,,,,,,,,,,,,,,,,,,,,,,,,,,,,,,,,,,,,,,,,,,,,,,,,,,,,,,,,,,,,,,,,,,,,,,,,,,,,,,,,,,,,,,,,,,,,,,,,,,,,,,,,,,,,,,,,,,,,,,,,,,,,,,,,,,,,,,,,,,,,,,,,,,,,,,,,,,,,,,,,,,,,,,,,,,,,,,,,,,,,,,,,,,,,,,,,,,,,,,,,,,,,,,,,,,,,,,,,,,,,,,,,,,,,,,,,,,,,,,,,,,,,,,,,,,,,,,,,,,,,,,,,,,,,,,,,,,,,,,,,,,,,,,,,,,,,,,,,,,,,,,,,,,,,,,,,,,,,,,,,,,,,,,,,,,,,,,,
DataConstants,Trinidad,1399488.00,0.0032,4515.00,273.00,5130.00,-800.00,1.70,36.00,,0.00,3,0.9865685006,,,,18.6,21.3,9.65,,,,,,,,,,,,,,,,,,,,,,,,,,,,,,,,,,,,,,,,,,,,,,,,,,,,,,,,,,,,,,,,,,,,,,,,,,,,,,,,,,,,,,,,,,,,,,,,,,,,,,,,,,,,,,,,,,,,,,,,,,,,,,,,,,,,,,,,,,,,,,,,,,,,,,,,,,,,,,,,,,,,,,,,,,,,,,,,,,,,,,,,,,,,,,,,,,,,,,,,,,,,,,,,,,,,,,,,,,,,,,,,,,,,,,,,,,,,,,,,,,,,,,,,,,,,,,,,,,,,,,,,,,,,,,,,,,,,,,,,,,,,,,,,,,,,,,,,,,,,,,,,,,,,,,,,,,,,,,,,,,,,,,,,,,,,,,,,,,,,,,,,,,,,,,,,,,,,,,,,,,,,,,,,,,,,,,,,,,,,,,,,,,,,,,,,,,,,,,,,,,,,,,,,,,,,,,,,,,,,,,,,,,,,,,,,,,,,,,,,,,,,,,,,,,,,,,,,,,,,,,,,,,,,,,,,,,,,,,,,,,,,,,,,,,,,,,,,,,,,,,,,,,,,,,,,,,,,,,,,,,,,,,,,,,,,,,,,,,,,,,,,,,,,,,,,,,,,,,,,,,,,,,,,,,,,,,,,,,,,,,,,,,,,,,,,,,,,,,,,,,,,,,,,,,,,,,,,,,,,,,,,,,,,,,,,,,,,,,,,,,,,,,,,,,,,,,,,,,,,,,,,,,,,,,,,,,,,,,,,,,,,,,,,,,,,,,,,,,,,,,,,,,,,,,,,
DataConstants,Tunisia,11818619.00,0.0106,123900.00,76.00,155360.00,-4000.00,2.20,33.00,42.00,0.00,2.3,0.8263191059,,,,26.9,16.1,17.65,,,,,,,,,,,,,,,,,,,,,,,,,,,,,,,,,,,,,,,,,,,,,,,,,,,,,,,,,,,,,,,,,,,,,,,,,,,,,,,,,,,,,,,,,,,,,,,,,,,,,,,,,,,,,,,,,,,,,,,,,,,,,,,,,,,,,,,,,,,,,,,,,,,,,,,,,,,,,,,,,,,,,,,,,,,,,,,,,,,,,,,,,,,,,,,,,,,,,,,,,,,,,,,,,,,,,,,,,,,,,,,,,,,,,,,,,,,,,,,,,,,,,,,,,,,,,,,,,,,,,,,,,,,,,,,,,,,,,,,,,,,,,,,,,,,,,,,,,,,,,,,,,,,,,,,,,,,,,,,,,,,,,,,,,,,,,,,,,,,,,,,,,,,,,,,,,,,,,,,,,,,,,,,,,,,,,,,,,,,,,,,,,,,,,,,,,,,,,,,,,,,,,,,,,,,,,,,,,,,,,,,,,,,,,,,,,,,,,,,,,,,,,,,,,,,,,,,,,,,,,,,,,,,,,,,,,,,,,,,,,,,,,,,,,,,,,,,,,,,,,,,,,,,,,,,,,,,,,,,,,,,,,,,,,,,,,,,,,,,,,,,,,,,,,,,,,,,,,,,,,,,,,,,,,,,,,,,,,,,,,,,,,,,,,,,,,,,,,,,,,,,,,,,,,,,,,,,,,,,,,,,,,,,,,,,,,,,,,,,,,,,,,,,,,,,,,,,,,,,,,,,,,,,,,,,,,,,,,,,,,,,,,,,,,,,,,,,,,,,,,,,,,,,,,,,,
DataConstants,Turkey,84339067.00,0.0109,909452.00,110.00,769630.00,283922.00,2.10,32.00,49.00,0.00,2.7,0.8104002918,,,,32.1,16.1,10.85,,,,,,,,,,,,,,,,,,,,,,,,,,,,,,,,,,,,,,,,,,,,,,,,,,,,,,,,,,,,,,,,,,,,,,,,,,,,,,,,,,,,,,,,,,,,,,,,,,,,,,,,,,,,,,,,,,,,,,,,,,,,,,,,,,,,,,,,,,,,,,,,,,,,,,,,,,,,,,,,,,,,,,,,,,,,,,,,,,,,,,,,,,,,,,,,,,,,,,,,,,,,,,,,,,,,,,,,,,,,,,,,,,,,,,,,,,,,,,,,,,,,,,,,,,,,,,,,,,,,,,,,,,,,,,,,,,,,,,,,,,,,,,,,,,,,,,,,,,,,,,,,,,,,,,,,,,,,,,,,,,,,,,,,,,,,,,,,,,,,,,,,,,,,,,,,,,,,,,,,,,,,,,,,,,,,,,,,,,,,,,,,,,,,,,,,,,,,,,,,,,,,,,,,,,,,,,,,,,,,,,,,,,,,,,,,,,,,,,,,,,,,,,,,,,,,,,,,,,,,,,,,,,,,,,,,,,,,,,,,,,,,,,,,,,,,,,,,,,,,,,,,,,,,,,,,,,,,,,,,,,,,,,,,,,,,,,,,,,,,,,,,,,,,,,,,,,,,,,,,,,,,,,,,,,,,,,,,,,,,,,,,,,,,,,,,,,,,,,,,,,,,,,,,,,,,,,,,,,,,,,,,,,,,,,,,,,,,,,,,,,,,,,,,,,,,,,,,,,,,,,,,,,,,,,,,,,,,,,,,,,,,,,,,,,,,,,,,,,,,,,,,,,,,,,,,
DataConstants,Turkmenistan,6031200.00,0.015,89111.00,13.00,469930.00,-5000.00,2.80,27.00,,0.00,7.4,0.5042615992,,,,18.6,29.5,70.15,,,,,,,,,,,,,,,,,,,,,,,,,,,,,,,,,,,,,,,,,,,,,,,,,,,,,,,,,,,,,,,,,,,,,,,,,,,,,,,,,,,,,,,,,,,,,,,,,,,,,,,,,,,,,,,,,,,,,,,,,,,,,,,,,,,,,,,,,,,,,,,,,,,,,,,,,,,,,,,,,,,,,,,,,,,,,,,,,,,,,,,,,,,,,,,,,,,,,,,,,,,,,,,,,,,,,,,,,,,,,,,,,,,,,,,,,,,,,,,,,,,,,,,,,,,,,,,,,,,,,,,,,,,,,,,,,,,,,,,,,,,,,,,,,,,,,,,,,,,,,,,,,,,,,,,,,,,,,,,,,,,,,,,,,,,,,,,,,,,,,,,,,,,,,,,,,,,,,,,,,,,,,,,,,,,,,,,,,,,,,,,,,,,,,,,,,,,,,,,,,,,,,,,,,,,,,,,,,,,,,,,,,,,,,,,,,,,,,,,,,,,,,,,,,,,,,,,,,,,,,,,,,,,,,,,,,,,,,,,,,,,,,,,,,,,,,,,,,,,,,,,,,,,,,,,,,,,,,,,,,,,,,,,,,,,,,,,,,,,,,,,,,,,,,,,,,,,,,,,,,,,,,,,,,,,,,,,,,,,,,,,,,,,,,,,,,,,,,,,,,,,,,,,,,,,,,,,,,,,,,,,,,,,,,,,,,,,,,,,,,,,,,,,,,,,,,,,,,,,,,,,,,,,,,,,,,,,,,,,,,,,,,,,,,,,,,,,,,,,,,,,,,,,,,,,,
DataConstants,Tuvalu,11792.00,0.0125,146.00,393.00,30.00,,,,,0.00,5.6,#VALUE!,,,,51.6,,,,,,,,,,,,,,,,,,,,,,,,,,,,,,,,,,,,,,,,,,,,,,,,,,,,,,,,,,,,,,,,,,,,,,,,,,,,,,,,,,,,,,,,,,,,,,,,,,,,,,,,,,,,,,,,,,,,,,,,,,,,,,,,,,,,,,,,,,,,,,,,,,,,,,,,,,,,,,,,,,,,,,,,,,,,,,,,,,,,,,,,,,,,,,,,,,,,,,,,,,,,,,,,,,,,,,,,,,,,,,,,,,,,,,,,,,,,,,,,,,,,,,,,,,,,,,,,,,,,,,,,,,,,,,,,,,,,,,,,,,,,,,,,,,,,,,,,,,,,,,,,,,,,,,,,,,,,,,,,,,,,,,,,,,,,,,,,,,,,,,,,,,,,,,,,,,,,,,,,,,,,,,,,,,,,,,,,,,,,,,,,,,,,,,,,,,,,,,,,,,,,,,,,,,,,,,,,,,,,,,,,,,,,,,,,,,,,,,,,,,,,,,,,,,,,,,,,,,,,,,,,,,,,,,,,,,,,,,,,,,,,,,,,,,,,,,,,,,,,,,,,,,,,,,,,,,,,,,,,,,,,,,,,,,,,,,,,,,,,,,,,,,,,,,,,,,,,,,,,,,,,,,,,,,,,,,,,,,,,,,,,,,,,,,,,,,,,,,,,,,,,,,,,,,,,,,,,,,,,,,,,,,,,,,,,,,,,,,,,,,,,,,,,,,,,,,,,,,,,,,,,,,,,,,,,,,,,,,,,,,,,,,,,,,,,,,,,,,,,,,,,,,,,,,,,,,
DataConstants,UAE,9890402.00,0.0123,119873.00,118.00,83600.00,40000.00,1.40,33.00,7.00,0.00,1.2,0.2659768514,,,,31.7,16.8,11.55,,,,,,,,,,,,,,,,,,,,,,,,,,,,,,,,,,,,,,,,,,,,,,,,,,,,,,,,,,,,,,,,,,,,,,,,,,,,,,,,,,,,,,,,,,,,,,,,,,,,,,,,,,,,,,,,,,,,,,,,,,,,,,,,,,,,,,,,,,,,,,,,,,,,,,,,,,,,,,,,,,,,,,,,,,,,,,,,,,,,,,,,,,,,,,,,,,,,,,,,,,,,,,,,,,,,,,,,,,,,,,,,,,,,,,,,,,,,,,,,,,,,,,,,,,,,,,,,,,,,,,,,,,,,,,,,,,,,,,,,,,,,,,,,,,,,,,,,,,,,,,,,,,,,,,,,,,,,,,,,,,,,,,,,,,,,,,,,,,,,,,,,,,,,,,,,,,,,,,,,,,,,,,,,,,,,,,,,,,,,,,,,,,,,,,,,,,,,,,,,,,,,,,,,,,,,,,,,,,,,,,,,,,,,,,,,,,,,,,,,,,,,,,,,,,,,,,,,,,,,,,,,,,,,,,,,,,,,,,,,,,,,,,,,,,,,,,,,,,,,,,,,,,,,,,,,,,,,,,,,,,,,,,,,,,,,,,,,,,,,,,,,,,,,,,,,,,,,,,,,,,,,,,,,,,,,,,,,,,,,,,,,,,,,,,,,,,,,,,,,,,,,,,,,,,,,,,,,,,,,,,,,,,,,,,,,,,,,,,,,,,,,,,,,,,,,,,,,,,,,,,,,,,,,,,,,,,,,,,,,,,,,,,,,,,,,,,,,,,,,,,,,,,,,,,,,
DataConstants,Uganda,45741007.00,0.0332,1471413.00,229.00,199810.00,168694.00,5.00,17.00,59.00,0.00,0.5,0.2292309223,,,,5.3,21.9,37.45,,,,,,,,,,,,,,,,,,,,,,,,,,,,,,,,,,,,,,,,,,,,,,,,,,,,,,,,,,,,,,,,,,,,,,,,,,,,,,,,,,,,,,,,,,,,,,,,,,,,,,,,,,,,,,,,,,,,,,,,,,,,,,,,,,,,,,,,,,,,,,,,,,,,,,,,,,,,,,,,,,,,,,,,,,,,,,,,,,,,,,,,,,,,,,,,,,,,,,,,,,,,,,,,,,,,,,,,,,,,,,,,,,,,,,,,,,,,,,,,,,,,,,,,,,,,,,,,,,,,,,,,,,,,,,,,,,,,,,,,,,,,,,,,,,,,,,,,,,,,,,,,,,,,,,,,,,,,,,,,,,,,,,,,,,,,,,,,,,,,,,,,,,,,,,,,,,,,,,,,,,,,,,,,,,,,,,,,,,,,,,,,,,,,,,,,,,,,,,,,,,,,,,,,,,,,,,,,,,,,,,,,,,,,,,,,,,,,,,,,,,,,,,,,,,,,,,,,,,,,,,,,,,,,,,,,,,,,,,,,,,,,,,,,,,,,,,,,,,,,,,,,,,,,,,,,,,,,,,,,,,,,,,,,,,,,,,,,,,,,,,,,,,,,,,,,,,,,,,,,,,,,,,,,,,,,,,,,,,,,,,,,,,,,,,,,,,,,,,,,,,,,,,,,,,,,,,,,,,,,,,,,,,,,,,,,,,,,,,,,,,,,,,,,,,,,,,,,,,,,,,,,,,,,,,,,,,,,,,,,,,,,,,,,,,,,,,,,,,,,,,,,,,,,,,,,
DataConstants,UK,67886011.00,0.0053,355839.00,281.00,241930.00,260650.00,1.80,40.00,9.00,0.00,2.8,1.642058833,151,227,13000,27.8,10.9,11.3,,,,,,,,,,,,,,,,,,,,,,,,,,,,,,,,,,,,,,,,,,,,,,,,,,,,,,,,,,,,,,,,,,,,,,,,,,,,,,,,,,,,,,,,,,,,,,,,,,,,,,,,,,,,,,,,,,,,,,,,,,,,,,,,,,,,,,,,,,,,,,,,,,,,,,,,,,,,,,,,,,,,,,,,,,,,,,,,,,,,,,,,,,,,,,,,,,,,,,,,,,,,,,,,,,,,,,,,,,,,,,,,,,,,,,,,,,,,,,,,,,,,,,,,,,,,,,,,,,,,,,,,,,,,,,,,,,,,,,,,,,,,,,,,,,,,,,,,,,,,,,,,,,,,,,,,,,,,,,,,,,,,,,,,,,,,,,,,,,,,,,,,,,,,,,,,,,,,,,,,,,,,,,,,,,,,,,,,,,,,,,,,,,,,,,,,,,,,,,,,,,,,,,,,,,,,,,,,,,,,,,,,,,,,,,,,,,,,,,,,,,,,,,,,,,,,,,,,,,,,,,,,,,,,,,,,,,,,,,,,,,,,,,,,,,,,,,,,,,,,,,,,,,,,,,,,,,,,,,,,,,,,,,,,,,,,,,,,,,,,,,,,,,,,,,,,,,,,,,,,,,,,,,,,,,,,,,,,,,,,,,,,,,,,,,,,,,,,,,,,,,,,,,,,,,,,,,,,,,,,,,,,,,,,,,,,,,,,,,,,,,,,,,,,,,,,,,,,,,,,,,,,,,,,,,,,,,,,,,,,,,,,,,,,,,,,,,,,,,,,,,,,,,,,,,,,
DataConstants,Ukraine,43733762.00,-0.0059,-259876.00,75.00,579320.00,10000.00,1.40,41.00,41.00,0.00,8.8,1.496666998,,,,24.1,24.7,35.9,,,,,,,,,,,,,,,,,,,,,,,,,,,,,,,,,,,,,,,,,,,,,,,,,,,,,,,,,,,,,,,,,,,,,,,,,,,,,,,,,,,,,,,,,,,,,,,,,,,,,,,,,,,,,,,,,,,,,,,,,,,,,,,,,,,,,,,,,,,,,,,,,,,,,,,,,,,,,,,,,,,,,,,,,,,,,,,,,,,,,,,,,,,,,,,,,,,,,,,,,,,,,,,,,,,,,,,,,,,,,,,,,,,,,,,,,,,,,,,,,,,,,,,,,,,,,,,,,,,,,,,,,,,,,,,,,,,,,,,,,,,,,,,,,,,,,,,,,,,,,,,,,,,,,,,,,,,,,,,,,,,,,,,,,,,,,,,,,,,,,,,,,,,,,,,,,,,,,,,,,,,,,,,,,,,,,,,,,,,,,,,,,,,,,,,,,,,,,,,,,,,,,,,,,,,,,,,,,,,,,,,,,,,,,,,,,,,,,,,,,,,,,,,,,,,,,,,,,,,,,,,,,,,,,,,,,,,,,,,,,,,,,,,,,,,,,,,,,,,,,,,,,,,,,,,,,,,,,,,,,,,,,,,,,,,,,,,,,,,,,,,,,,,,,,,,,,,,,,,,,,,,,,,,,,,,,,,,,,,,,,,,,,,,,,,,,,,,,,,,,,,,,,,,,,,,,,,,,,,,,,,,,,,,,,,,,,,,,,,,,,,,,,,,,,,,,,,,,,,,,,,,,,,,,,,,,,,,,,,,,,,,,,,,,,,,,,,,,,,,,,,,,,,,,,,,
DataConstants,Uruguay,3473730.00,0.0034999999999999996,11996.00,20.00,175020.00,-3000.00,2.00,36.00,51.00,0.00,2.8,1.382482672,,,,27.9,16.7,6.65,,,,,,,,,,,,,,,,,,,,,,,,,,,,,,,,,,,,,,,,,,,,,,,,,,,,,,,,,,,,,,,,,,,,,,,,,,,,,,,,,,,,,,,,,,,,,,,,,,,,,,,,,,,,,,,,,,,,,,,,,,,,,,,,,,,,,,,,,,,,,,,,,,,,,,,,,,,,,,,,,,,,,,,,,,,,,,,,,,,,,,,,,,,,,,,,,,,,,,,,,,,,,,,,,,,,,,,,,,,,,,,,,,,,,,,,,,,,,,,,,,,,,,,,,,,,,,,,,,,,,,,,,,,,,,,,,,,,,,,,,,,,,,,,,,,,,,,,,,,,,,,,,,,,,,,,,,,,,,,,,,,,,,,,,,,,,,,,,,,,,,,,,,,,,,,,,,,,,,,,,,,,,,,,,,,,,,,,,,,,,,,,,,,,,,,,,,,,,,,,,,,,,,,,,,,,,,,,,,,,,,,,,,,,,,,,,,,,,,,,,,,,,,,,,,,,,,,,,,,,,,,,,,,,,,,,,,,,,,,,,,,,,,,,,,,,,,,,,,,,,,,,,,,,,,,,,,,,,,,,,,,,,,,,,,,,,,,,,,,,,,,,,,,,,,,,,,,,,,,,,,,,,,,,,,,,,,,,,,,,,,,,,,,,,,,,,,,,,,,,,,,,,,,,,,,,,,,,,,,,,,,,,,,,,,,,,,,,,,,,,,,,,,,,,,,,,,,,,,,,,,,,,,,,,,,,,,,,,,,,,,,,,,,,,,,,,,,,,,,,,,,,,,,,,,,,
DataConstants,USA,331002651.00,0.0059,1937734.00,36.00,9147420.00,954806.00,1.80,38.00,0.00,0.00,2.9,1.417172421,124,200,26986,36.2,14.6,14.85,,,,,,,,,,,,,,,,,,,,,,,,,,,,,,,,,,,,,,,,,,,,,,,,,,,,,,,,,,,,,,,,,,,,,,,,,,,,,,,,,,,,,,,,,,,,,,,,,,,,,,,,,,,,,,,,,,,,,,,,,,,,,,,,,,,,,,,,,,,,,,,,,,,,,,,,,,,,,,,,,,,,,,,,,,,,,,,,,,,,,,,,,,,,,,,,,,,,,,,,,,,,,,,,,,,,,,,,,,,,,,,,,,,,,,,,,,,,,,,,,,,,,,,,,,,,,,,,,,,,,,,,,,,,,,,,,,,,,,,,,,,,,,,,,,,,,,,,,,,,,,,,,,,,,,,,,,,,,,,,,,,,,,,,,,,,,,,,,,,,,,,,,,,,,,,,,,,,,,,,,,,,,,,,,,,,,,,,,,,,,,,,,,,,,,,,,,,,,,,,,,,,,,,,,,,,,,,,,,,,,,,,,,,,,,,,,,,,,,,,,,,,,,,,,,,,,,,,,,,,,,,,,,,,,,,,,,,,,,,,,,,,,,,,,,,,,,,,,,,,,,,,,,,,,,,,,,,,,,,,,,,,,,,,,,,,,,,,,,,,,,,,,,,,,,,,,,,,,,,,,,,,,,,,,,,,,,,,,,,,,,,,,,,,,,,,,,,,,,,,,,,,,,,,,,,,,,,,,,,,,,,,,,,,,,,,,,,,,,,,,,,,,,,,,,,,,,,,,,,,,,,,,,,,,,,,,,,,,,,,,,,,,,,,,,,,,,,,,,,,,,,,,,,,,,,,
DataConstants,Uzbekistan,33469203.00,0.0148,487487.00,79.00,425400.00,-8863.00,2.40,28.00,53.00,0.00,4,0.5146751567,,,,16.6,24.5,38.95,,,,,,,,,,,,,,,,,,,,,,,,,,,,,,,,,,,,,,,,,,,,,,,,,,,,,,,,,,,,,,,,,,,,,,,,,,,,,,,,,,,,,,,,,,,,,,,,,,,,,,,,,,,,,,,,,,,,,,,,,,,,,,,,,,,,,,,,,,,,,,,,,,,,,,,,,,,,,,,,,,,,,,,,,,,,,,,,,,,,,,,,,,,,,,,,,,,,,,,,,,,,,,,,,,,,,,,,,,,,,,,,,,,,,,,,,,,,,,,,,,,,,,,,,,,,,,,,,,,,,,,,,,,,,,,,,,,,,,,,,,,,,,,,,,,,,,,,,,,,,,,,,,,,,,,,,,,,,,,,,,,,,,,,,,,,,,,,,,,,,,,,,,,,,,,,,,,,,,,,,,,,,,,,,,,,,,,,,,,,,,,,,,,,,,,,,,,,,,,,,,,,,,,,,,,,,,,,,,,,,,,,,,,,,,,,,,,,,,,,,,,,,,,,,,,,,,,,,,,,,,,,,,,,,,,,,,,,,,,,,,,,,,,,,,,,,,,,,,,,,,,,,,,,,,,,,,,,,,,,,,,,,,,,,,,,,,,,,,,,,,,,,,,,,,,,,,,,,,,,,,,,,,,,,,,,,,,,,,,,,,,,,,,,,,,,,,,,,,,,,,,,,,,,,,,,,,,,,,,,,,,,,,,,,,,,,,,,,,,,,,,,,,,,,,,,,,,,,,,,,,,,,,,,,,,,,,,,,,,,,,,,,,,,,,,,,,,,,,,,,,,,,,,,,,,,
DataConstants,Vanuatu,307145.00,0.0242,7263.00,25.00,12190.00,120.00,3.80,21.00,,0.00,1.7,0.3974065599,,,,25.2,23.3,12.35,,,,,,,,,,,,,,,,,,,,,,,,,,,,,,,,,,,,,,,,,,,,,,,,,,,,,,,,,,,,,,,,,,,,,,,,,,,,,,,,,,,,,,,,,,,,,,,,,,,,,,,,,,,,,,,,,,,,,,,,,,,,,,,,,,,,,,,,,,,,,,,,,,,,,,,,,,,,,,,,,,,,,,,,,,,,,,,,,,,,,,,,,,,,,,,,,,,,,,,,,,,,,,,,,,,,,,,,,,,,,,,,,,,,,,,,,,,,,,,,,,,,,,,,,,,,,,,,,,,,,,,,,,,,,,,,,,,,,,,,,,,,,,,,,,,,,,,,,,,,,,,,,,,,,,,,,,,,,,,,,,,,,,,,,,,,,,,,,,,,,,,,,,,,,,,,,,,,,,,,,,,,,,,,,,,,,,,,,,,,,,,,,,,,,,,,,,,,,,,,,,,,,,,,,,,,,,,,,,,,,,,,,,,,,,,,,,,,,,,,,,,,,,,,,,,,,,,,,,,,,,,,,,,,,,,,,,,,,,,,,,,,,,,,,,,,,,,,,,,,,,,,,,,,,,,,,,,,,,,,,,,,,,,,,,,,,,,,,,,,,,,,,,,,,,,,,,,,,,,,,,,,,,,,,,,,,,,,,,,,,,,,,,,,,,,,,,,,,,,,,,,,,,,,,,,,,,,,,,,,,,,,,,,,,,,,,,,,,,,,,,,,,,,,,,,,,,,,,,,,,,,,,,,,,,,,,,,,,,,,,,,,,,,,,,,,,,,,,,,,,,,,,,,,,,,,
DataConstants,Venezuela,28435940.00,-0.0028000000000000004,-79889.00,32.00,882050.00,-653249.00,2.30,30.00,52.00,0.00,0.8,0.7028819686,,,,25.6,18.1,15,,,,,,,,,,,,,,,,,,,,,,,,,,,,,,,,,,,,,,,,,,,,,,,,,,,,,,,,,,,,,,,,,,,,,,,,,,,,,,,,,,,,,,,,,,,,,,,,,,,,,,,,,,,,,,,,,,,,,,,,,,,,,,,,,,,,,,,,,,,,,,,,,,,,,,,,,,,,,,,,,,,,,,,,,,,,,,,,,,,,,,,,,,,,,,,,,,,,,,,,,,,,,,,,,,,,,,,,,,,,,,,,,,,,,,,,,,,,,,,,,,,,,,,,,,,,,,,,,,,,,,,,,,,,,,,,,,,,,,,,,,,,,,,,,,,,,,,,,,,,,,,,,,,,,,,,,,,,,,,,,,,,,,,,,,,,,,,,,,,,,,,,,,,,,,,,,,,,,,,,,,,,,,,,,,,,,,,,,,,,,,,,,,,,,,,,,,,,,,,,,,,,,,,,,,,,,,,,,,,,,,,,,,,,,,,,,,,,,,,,,,,,,,,,,,,,,,,,,,,,,,,,,,,,,,,,,,,,,,,,,,,,,,,,,,,,,,,,,,,,,,,,,,,,,,,,,,,,,,,,,,,,,,,,,,,,,,,,,,,,,,,,,,,,,,,,,,,,,,,,,,,,,,,,,,,,,,,,,,,,,,,,,,,,,,,,,,,,,,,,,,,,,,,,,,,,,,,,,,,,,,,,,,,,,,,,,,,,,,,,,,,,,,,,,,,,,,,,,,,,,,,,,,,,,,,,,,,,,,,,,,,,,,,,,,,,,,,,,,,,,,,,,,,,,,,,
DataConstants,Vietnam,97338579.00,0.0091,876473.00,314.00,310070.00,-80000.00,2.10,32.00,1.00,0.00,2.6,0.781149471,,,,2.1,17.1,26.55,,,,,,,,,,,,,,,,,,,,,,,,,,,,,,,,,,,,,,,,,,,,,,,,,,,,,,,,,,,,,,,,,,,,,,,,,,,,,,,,,,,,,,,,,,,,,,,,,,,,,,,,,,,,,,,,,,,,,,,,,,,,,,,,,,,,,,,,,,,,,,,,,,,,,,,,,,,,,,,,,,,,,,,,,,,,,,,,,,,,,,,,,,,,,,,,,,,,,,,,,,,,,,,,,,,,,,,,,,,,,,,,,,,,,,,,,,,,,,,,,,,,,,,,,,,,,,,,,,,,,,,,,,,,,,,,,,,,,,,,,,,,,,,,,,,,,,,,,,,,,,,,,,,,,,,,,,,,,,,,,,,,,,,,,,,,,,,,,,,,,,,,,,,,,,,,,,,,,,,,,,,,,,,,,,,,,,,,,,,,,,,,,,,,,,,,,,,,,,,,,,,,,,,,,,,,,,,,,,,,,,,,,,,,,,,,,,,,,,,,,,,,,,,,,,,,,,,,,,,,,,,,,,,,,,,,,,,,,,,,,,,,,,,,,,,,,,,,,,,,,,,,,,,,,,,,,,,,,,,,,,,,,,,,,,,,,,,,,,,,,,,,,,,,,,,,,,,,,,,,,,,,,,,,,,,,,,,,,,,,,,,,,,,,,,,,,,,,,,,,,,,,,,,,,,,,,,,,,,,,,,,,,,,,,,,,,,,,,,,,,,,,,,,,,,,,,,,,,,,,,,,,,,,,,,,,,,,,,,,,,,,,,,,,,,,,,,,,,,,,,,,,,,,,,,,,
DataConstants,Yemen,29825964.00,0.022799999999999997,664042.00,56.00,527970.00,-30000.00,3.80,20.00,79.00,0.00,0.7,0.3113786356,,,,17.1,30.6,25.9,,,,,,,,,,,,,,,,,,,,,,,,,,,,,,,,,,,,,,,,,,,,,,,,,,,,,,,,,,,,,,,,,,,,,,,,,,,,,,,,,,,,,,,,,,,,,,,,,,,,,,,,,,,,,,,,,,,,,,,,,,,,,,,,,,,,,,,,,,,,,,,,,,,,,,,,,,,,,,,,,,,,,,,,,,,,,,,,,,,,,,,,,,,,,,,,,,,,,,,,,,,,,,,,,,,,,,,,,,,,,,,,,,,,,,,,,,,,,,,,,,,,,,,,,,,,,,,,,,,,,,,,,,,,,,,,,,,,,,,,,,,,,,,,,,,,,,,,,,,,,,,,,,,,,,,,,,,,,,,,,,,,,,,,,,,,,,,,,,,,,,,,,,,,,,,,,,,,,,,,,,,,,,,,,,,,,,,,,,,,,,,,,,,,,,,,,,,,,,,,,,,,,,,,,,,,,,,,,,,,,,,,,,,,,,,,,,,,,,,,,,,,,,,,,,,,,,,,,,,,,,,,,,,,,,,,,,,,,,,,,,,,,,,,,,,,,,,,,,,,,,,,,,,,,,,,,,,,,,,,,,,,,,,,,,,,,,,,,,,,,,,,,,,,,,,,,,,,,,,,,,,,,,,,,,,,,,,,,,,,,,,,,,,,,,,,,,,,,,,,,,,,,,,,,,,,,,,,,,,,,,,,,,,,,,,,,,,,,,,,,,,,,,,,,,,,,,,,,,,,,,,,,,,,,,,,,,,,,,,,,,,,,,,,,,,,,,,,,,,,,,,,,,,,,,,,
DataConstants,Zambia,18383955.00,0.029300000000000003,522925.00,25.00,743390.00,-8000.00,4.70,18.00,56.00,0.00,2,0.2452823931,,,,8.1,17.9,39.35,,,,,,,,,,,,,,,,,,,,,,,,,,,,,,,,,,,,,,,,,,,,,,,,,,,,,,,,,,,,,,,,,,,,,,,,,,,,,,,,,,,,,,,,,,,,,,,,,,,,,,,,,,,,,,,,,,,,,,,,,,,,,,,,,,,,,,,,,,,,,,,,,,,,,,,,,,,,,,,,,,,,,,,,,,,,,,,,,,,,,,,,,,,,,,,,,,,,,,,,,,,,,,,,,,,,,,,,,,,,,,,,,,,,,,,,,,,,,,,,,,,,,,,,,,,,,,,,,,,,,,,,,,,,,,,,,,,,,,,,,,,,,,,,,,,,,,,,,,,,,,,,,,,,,,,,,,,,,,,,,,,,,,,,,,,,,,,,,,,,,,,,,,,,,,,,,,,,,,,,,,,,,,,,,,,,,,,,,,,,,,,,,,,,,,,,,,,,,,,,,,,,,,,,,,,,,,,,,,,,,,,,,,,,,,,,,,,,,,,,,,,,,,,,,,,,,,,,,,,,,,,,,,,,,,,,,,,,,,,,,,,,,,,,,,,,,,,,,,,,,,,,,,,,,,,,,,,,,,,,,,,,,,,,,,,,,,,,,,,,,,,,,,,,,,,,,,,,,,,,,,,,,,,,,,,,,,,,,,,,,,,,,,,,,,,,,,,,,,,,,,,,,,,,,,,,,,,,,,,,,,,,,,,,,,,,,,,,,,,,,,,,,,,,,,,,,,,,,,,,,,,,,,,,,,,,,,,,,,,,,,,,,,,,,,,,,,,,,,,,,,,,,,,,,,,,
DataConstants,Zimbabwe,14862924.00,0.0148,217456.00,38.00,386850.00,-116858.00,3.60,19.00,,0.00,1.7,0.3184094452,,,,15.5,19.3,16.65,,,,,,,,,,,,,,,,,,,,,,,,,,,,,,,,,,,,,,,,,,,,,,,,,,,,,,,,,,,,,,,,,,,,,,,,,,,,,,,,,,,,,,,,,,,,,,,,,,,,,,,,,,,,,,,,,,,,,,,,,,,,,,,,,,,,,,,,,,,,,,,,,,,,,,,,,,,,,,,,,,,,,,,,,,,,,,,,,,,,,,,,,,,,,,,,,,,,,,,,,,,,,,,,,,,,,,,,,,,,,,,,,,,,,,,,,,,,,,,,,,,,,,,,,,,,,,,,,,,,,,,,,,,,,,,,,,,,,,,,,,,,,,,,,,,,,,,,,,,,,,,,,,,,,,,,,,,,,,,,,,,,,,,,,,,,,,,,,,,,,,,,,,,,,,,,,,,,,,,,,,,,,,,,,,,,,,,,,,,,,,,,,,,,,,,,,,,,,,,,,,,,,,,,,,,,,,,,,,,,,,,,,,,,,,,,,,,,,,,,,,,,,,,,,,,,,,,,,,,,,,,,,,,,,,,,,,,,,,,,,,,,,,,,,,,,,,,,,,,,,,,,,,,,,,,,,,,,,,,,,,,,,,,,,,,,,,,,,,,,,,,,,,,,,,,,,,,,,,,,,,,,,,,,,,,,,,,,,,,,,,,,,,,,,,,,,,,,,,,,,,,,,,,,,,,,,,,,,,,,,,,,,,,,,,,,,,,,,,,,,,,,,,,,,,,,,,,,,,,,,,,,,,,,,,,,,,,,,,,,,,,,,,,,,,,,,,,,,,,,,,,,,,,,,,,,
PseudoCFR,,,,,,,,,,,,,,,,,,,,,,,,,,,,,,,,,,,,,,,,,,,,,,,,,,,,,,,,,,,,,,,,,,,,,,,,,,,,,,,,,,,,,,,,,,,,,,,,,,,,0.03063063063,0.02752293578,0.02763018066,0.02928870293,0.02644003777,0.02801503246,0.02348512011,0.02156989945,0.02076754919,0.02145663342,0.02151520186,0.02156430571,0.02142749359,0.020592667,0.02040890176,0.02058842632,0.02094378095,0.02174910278,0.02260140698,0.02376428085,0.02491772449,0.02481907384,0.02277673484,0.02284488578,0.02423448978,0.02497565932,0.02565793088,0.02690564925,0.02828654456,0.02971030795,0.02952024677,0.03151222767,0.03150753191,0.03331050055,0.03394786712,0.03430016989,0.03426871059,0.034378936,0.03442330698,0.03412462908,0.03438033878,0.03424947605,0.03441808221,0.03439578314,0.03417221689,0.03380957367,0.03480661463,0.0352894247,0.036186056,0.03683431361,0.03768917569,0.03740750227,0.03744518883,0.03887699377,0.03953601629,0.04052937998,0.04106580743,0.04107078737,0.04204579726,0.04319921576,0.04404458211,0.04436744339,0.04552856041,0.046631348,0.04684101008,0.04769812822,0.04840436243,0.04924767827,0.0505914263,0.05182371885,0.05354714877,0.05547529102,0.05674309683,0.05782899537,0.05840854288,0.05966565069,0.06212668215,0.06312395416,0.06450811358,0.06528758957,0.06582107687,0.06538431348,0.06598571375,0.06711681584,0.06851887173,0.06884268169,0.07006788266,0.0706067522,0.07005845089,0.0701799285,0.07091052243,0.07141597501,0.07156749453,0.07160017468,0.07162811425,0.07110140874,0.0709898243,0.07135061008,0.07182612269,0.07170591357,0.07138344311,0.07118786858,0.07062828154,0.07026223219,0.07027616348,0.07030789521,0.07013106718,0.06983222642,0.06944865736,0.06896721488,0.06857006954,0.06855077186,0.06841189659,0.06809462779,0.06777725578,0.06731151331,0.06688697665,0.06634743732,0.06603215178,,,,,,,,,,,,,,,,,,,,,,,,,,,,,,,,,,,,,,,,,,,,,,,,,,,,,,,,,,,,,,,,,,,,,,,,,,,,,,,,,,,,,,,,,,,,,,,,,,,,,,,,,,,,,,,,,,,,,,,,,,,,,,,,,,,,,,,,,,,,,,,,,,,,,,,,,,,,,,,,,,,,,,,,,,,,,,,,,,,,,,,,,,,,,,,,,,,,,,,,,,,,,,,,,,,,,,,,,,,,,,,,,,,,,,,,,,,,,,,,,,,,,,,,,,,,,,,,,,,,,,,,,,,,,,,,,,,,,,,,,,,,,,,,,,,,,,,,,,,,,,,,,,,,,,,,,,,,,,,,,,,,,,,,,,,,,,,,,,,,,,,,,,,,,,,,,,,,,,,,,,,,,,,,,,,,,,,,,,,,,,,,,,,,,,,,,,,,,,,,,,,,,,,,,,,,,,,,,,,,,,,,,,,,,,,,,,,,,,,,,,,,,,,,,,,,,,,,,,,,,,,,,,,,,,,,,,,,,,,,,,,,,,,,,,,,,,,,,,,,,,,,,,,,,,,,,
DataConstants,Ticino,351471,0.0074,,125,2812,,,,,0,4.7,1.686100885,,,,,,,,,,,,,,,,,,,,,,,,,,,,,,,,,,,,,,,,,,,,,,,,,,,,,,,,,,,,,,,,,,,,,,,,,,,,,,,,,,,,,,,,,,,,,,,,,,,,,,,,,,,,,,,,,,,,,,,,,,,,,,,,,,,,,,,,,,,,,,,,,,,,,,,,,,,,,,,,,,,,,,,,,,,,,,,,,,,,,,,,,,,,,,,,,,,,,,,,,,,,,,,,,,,,,,,,,,,,,,,,,,,,,,,,,,,,,,,,,,,,,,,,,,,,,,,,,,,,,,,,,,,,,,,,,,,,,,,,,,,,,,,,,,,,,,,,,,,,,,,,,,,,,,,,,,,,,,,,,,,,,,,,,,,,,,,,,,,,,,,,,,,,,,,,,,,,,,,,,,,,,,,,,,,,,,,,,,,,,,,,,,,,,,,,,,,,,,,,,,,,,,,,,,,,,,,,,,,,,,,,,,,,,,,,,,,,,,,,,,,,,,,,,,,,,,,,,,,,,,,,,,,,,,,,,,,,,,,,,,,,,,,,,,,,,,,,,,,,,,,,,,,,,,,,,,,,,,,,,,,,,,,,,,,,,,,,,,,,,,,,,,,,,,,,,,,,,,,,,,,,,,,,,,,,,,,,,,,,,,,,,,,,,,,,,,,,,,,,,,,,,,,,,,,,,,,,,,,,,,,,,,,,,,,,,,,,,,,,,,,,,,,,,,,,,,,,,,,,,,,,,,,,,,,,,,,,,,,,,,,,,,,,,,,,,,,,,,,,,,,,,,,,,,,,,,,,,,
CRW,Afghanistan,0.839236,0.008377240000000001,0.838541,0.839806,0.840416,0.841159,0.840886,0.843666,0.846933,0.849515,0.856144,0.856692,0.857995,0.858211,0.859487,0.860984,0.863234,0.865662,0.86784,0.870549,0.874143,0.878448,0.880398,0.88072,0.884936,0.882073,0.884395,0.887314,0.891528,0.895114,0.900867,0.910619,0.912224,0.913728,0.915659,0.917984,0.920602,0.924372,0.929091,0.931161,0.9342,0.937702,0.939935,0.941877,0.943968,0.943156,0.930473,0.933082,0.936713,0.94057,0.940113,0.93967,0.938756,0.939159,0.939944,0.941822,0.9452,0.949045,0.949672,0.949498,0.950707,0.951787,0.951516,0.952445,0.95212,0.955119,0.956348,0.956832,0.957314,0.958023,0.958613,0.963024,0.970365,0.973856,0.974899,0.978019,0.98331,0.984132,0.986748,0.989347,0.992661,0.996069,1.001056,1.001172,1.000691,1.000209,1.001044,1.000507,1.002048,1.004064,1.000894,0.995651,0.996472,0.995169,0.993999,0.988281,0.985124,0.975754,0.970873,0.969465,0.968654,0.964135,0.96185,0.960187,0.961554,0.962208,0.961328,0.957961,0.955392,0.950165,0.949197,0.947129,0.948596,0.955681,0.953181,0.950441,0.949013,0.947057,0.944418,0.941162,0.938672,0.936291,0.933777,0.92871,0.92537,0.921909,0.918353,0.914357,0.897587,0.900313,0.894501,0.88942,0.88469,0.880092,0.878509,0.877524,0.873801,0.871772,0.870583,0.868288,0.867566,0.869686,0.868618,0.868575,0.864574,0.865677,0.866463,0.865225,0.864875,0.861655,0.858703,0.860927,0.86077,0.862483,0.868728,0.86736,0.864106,0.862517,0.86113,0.8607,0.863543,0.871176,0.873817,0.875152,0.877155,0.879182,0.881161,0.884811,0.886304,0.884865,0.88986,0.893749,0.898756,0.904556,0.912417,0.914547,0.912605,0.926406,0.926074,0.9266,0.931156,0.93189,0.931934,0.935552,0.941146,0.945173,0.947477,0.95067,0.953419,0.95275,0.953611,0.94863,0.921864,0.922578,0.92234,0.923191,0.92862,0.931907,0.92969,0.924799,0.925011,0.924367,0.922806,0.922845,0.921594,0.923978,0.923331,0.925072,0.926495,0.924083,0.922574,0.922134,0.921006,0.933404,0.931492,0.932298,0.934126,0.937138,0.939496,0.942854,0.944213,0.950722,0.955074,0.958839,0.963134,0.960589,0.954265,0.954777,0.942481,0.947816,0.950897,0.952948,0.951023,0.950709,0.951685,0.952784,0.953143,0.951646,0.951393,0.952238,0.956197,0.96368,0.969927,0.977559,0.980105,0.97871,0.977896,0.981435,0.982038,0.980942,0.978315,0.970989,0.969846,0.971342,0.969992,0.965618,0.964157,0.956032,0.946615,0.938652,0.934837,0.929207,0.923264,0.920323,0.917737,0.922004,0.928211,0.931151,0.932972,0.936044,0.936515,0.932706,0.92908,0.925926,0.927202,0.923834,0.920947,0.920651,0.923293,0.93014,0.923958,0.917776,0.914865,0.907875,0.904089,0.896537,0.894075,0.89136,0.888748,0.880831,0.883158,0.88716,0.886857,0.881443,0.875852,0.8805,0.883945,0.885402,0.898879,0.901234,0.904063,0.905552,0.911373,0.917127,0.926802,0.929414,0.931067,0.929599,0.92627,0.919215,0.917069,0.914707,0.913794,0.903965,0.904104,0.905655,0.907347,0.902988,0.902208,0.900543,0.898286,0.895643,0.896067,0.895687,0.896405,0.894217,0.892429,0.891737,0.892945,0.892269,0.889364,0.887809,0.88846,0.887277,0.886429,0.885377,0.883915,0.881991,0.879985,0.877261,0.874743,0.871367,0.867883,0.86487,0.860531,0.857828,0.864981,0.86237,0.862243,0.867191,0.864655,0.864171,0.862074,0.860804,0.860045,0.858688,0.857974,0.858194,0.858291,0.859172,0.860722,0.85531,0.854232,0.851959,0.838223,0.839236,0.837724,0.838541,0.839806,0.840416,0.841159,0.840886,0.843666,0.846933,0.849515,0.856144,0.856692,0.857995,0.858211,0.859487,0.860984,0.863234,0.865662,0.86784,0.870549,0.874143,0.878448,0.880398,0.88072,0.884936,0.882073,0.884395,0.887314,0.891528,0.895114,0.900867,0.910619,0.912224,0.913728,0.915659,0.917984,0.920602,0.924372,0.929091,0.931161,0.9342,0.937702,0.939935,0.941877,0.943968,0.943156,0.930473,0.933082,0.936713,0.94057,0.940113,0.93967,0.938756,0.939159,0.939944,0.941822,0.9452,0.949045,0.949672,0.949498,0.950707,0.951787,0.951516,0.952445,0.95212,0.955119,0.956348,0.956832,0.957314,0.958023,0.958613,0.963024,0.970365,0.973856,0.974899,0.978019,0.98331,0.984132,0.986748,0.989347,0.992661,0.996069,1.001056,1.001172,1.000691,1.000209,1.001044,1.000507,1.002048,1.004064,1.000894,0.995651,0.996472,0.995169,0.993999,0.988281,0.985124,0.975754,0.970873,0.969465,0.968654,0.964135,0.96185,0.960187,0.961554,0.962208,0.961328,0.957961,0.955392,0.950165,0.949197,0.947129,0.948596,0.955681,0.953181,0.950441,0.949013,0.947057,0.944418,0.941162,0.938672,0.936291,0.933777,0.92871,0.92537,0.921909,0.918353,0.914357,0.897587,0.900313,0.894501,0.88942,0.88469,0.880092,0.878509,0.877524,0.873801,0.871772,0.870583,0.868288,0.867566,0.869686,0.868618,0.868575,0.864574,0.865677,0.866463,0.865225,0.864875,0.861655,0.858703,0.860927,0.86077,0.862483,0.868728,0.86736,0.864106,0.862517,0.86113,0.8607,0.863543,0.871176,0.873817,0.875152,0.877155,0.879182,0.881161,0.884811,0.886304,0.884865,0.88986,0.893749,0.898756,0.904556,0.912417,0.914547,0.912605,0.926406,0.926074,0.9266,0.931156,0.93189,0.931934,0.935552,0.941146,0.945173,0.947477,0.95067,0.953419,0.95275,0.953611,0.94863,0.921864,0.922578,0.92234,0.923191,0.92862,0.931907,0.92969,0.924799,0.925011,0.924367,0.922806,0.922845,0.921594,0.923978,0.923331,0.925072,0.926495,0.924083,0.922574,0.922134,0.921006,0.933404,0.931492,0.932298,0.934126,0.937138,0.939496,0.942854,0.944213,0.950722,0.955074,0.958839,0.963134,0.960589,0.954265,0.954777,0.942481,0.947816,0.950897,0.952948,0.951023,0.950709,0.951685,0.952784,0.953143,0.951646,0.951393,0.952238,0.956197,0.96368,0.969927,0.977559,0.980105,0.97871,0.977896,0.981435,0.982038,0.980942,0.978315,0.970989,0.969846,0.971342,0.969992,0.965618,0.964157,0.956032,0.946615,0.938652,0.934837,0.929207,0.923264,0.920323,0.917737,0.922004,0.928211,0.931151,0.932972,0.936044,0.936515,0.932706,0.92908,0.925926,0.927202,0.923834,0.920947,0.920651,0.923293,0.93014,0.923958,0.917776,0.914865,0.907875,0.904089,0.896537,0.894075,0.89136,0.888748,0.880831,0.883158,0.88716,0.886857,0.881443,0.875852,0.8805,0.883945,0.885402,0.898879,0.901234,0.904063,0.905552,0.911373,0.917127,0.926802,0.929414,0.931067,0.929599,0.92627,0.919215,0.917069,0.914707,0.913794,0.903965,0.904104,0.905655,0.907347,0.902988,0.902208,0.900543,0.898286,0.895643,0.896067,0.895687,0.896405,0.894217,0.892429,0.891737,0.892945,0.892269,0.889364,0.887809,0.88846,0.887277,0.886429,0.885377,0.883915,0.881991,0.879985,0.877261,0.874743,0.871367,0.867883,0.86487,0.860531,0.857828,0.864981,0.86237,0.862243,0.867191,0.864655,0.864171,0.862074,0.860804,0.860045,0.858688,0.857974,0.858194,0.858291,0.859172,0.860722,0.85531,0.854232,0.851959,0.838223
CRW,Albania,0.825462,0.008261319999999999,0.831965,0.836452,0.835844,0.837377,0.840442,0.843293,0.84748,0.853532,0.860165,0.863354,0.869062,0.899254,0.902743,0.907054,0.927021,0.924903,0.921975,0.923956,0.924375,0.930198,0.932877,0.932919,0.934172,0.933387,0.938208,0.941389,0.942839,0.948419,0.948208,0.942538,0.947376,0.953688,0.948166,0.947163,0.939607,0.940258,0.946571,0.951467,0.953158,0.954785,0.954418,0.956245,0.954375,0.958831,0.966026,0.964973,0.962096,0.96463,0.967118,0.968279,0.969992,0.975388,0.974036,0.976668,0.975825,0.975944,0.973328,0.969138,0.972434,0.979675,0.980095,0.981213,0.982676,0.98499,0.989304,0.993035,0.994337,1.00198,1.005117,1.00905,1.01441,1.017113,1.018301,1.019879,0.998745,0.97989,0.984428,0.986191,0.987181,0.997279,0.999938,0.995079,0.98891,0.985378,0.982126,0.976796,0.975865,0.974946,0.973086,0.970181,0.966226,0.962877,0.962172,0.961087,0.950704,0.966168,0.966277,0.972174,0.972129,0.970893,0.968407,0.964419,0.962223,0.959312,0.961859,0.962334,0.963461,0.964407,0.964783,0.964304,0.949714,0.949329,0.940793,0.956623,0.955611,0.956983,0.956124,0.955288,0.951401,0.947288,0.944011,0.941492,0.936331,0.931181,0.926885,0.930512,0.936024,0.940254,0.92332,0.921138,0.916931,0.921291,0.926021,0.92377,0.91884,0.920578,0.918093,0.915937,0.91423,0.91494,0.910581,0.901586,0.893194,0.891129,0.890319,0.889994,0.887206,0.881536,0.881758,0.878226,0.862791,0.851402,0.852943,0.854929,0.855621,0.858208,0.861763,0.863297,0.86089,0.858693,0.856846,0.854934,0.851846,0.852244,0.852144,0.850784,0.847462,0.856238,0.853797,0.851756,0.852339,0.851374,0.850861,0.852979,0.854601,0.85525,0.853991,0.855655,0.856928,0.860068,0.862917,0.863362,0.860594,0.861926,0.861384,0.858479,0.858423,0.858117,0.852935,0.854445,0.85582,0.854852,0.8531,0.849508,0.854804,0.858937,0.856881,0.856233,0.85573,0.856148,0.857886,0.867034,0.868923,0.865763,0.864314,0.864664,0.863058,0.863645,0.864988,0.864138,0.86496,0.863139,0.860359,0.860439,0.859953,0.859821,0.853218,0.852584,0.857244,0.857621,0.85819,0.86114,0.863733,0.859721,0.859567,0.859922,0.860663,0.863366,0.864588,0.864975,0.864434,0.861697,0.857861,0.854561,0.853794,0.852839,0.847289,0.836151,0.837342,0.827678,0.822385,0.813365,0.805595,0.814142,0.814785,0.806629,0.801907,0.797722,0.79629,0.803369,0.802126,0.794267,0.783478,0.775147,0.7712,0.767514,0.764798,0.764798,0.751711,0.772791,0.787966,0.797428,0.809539,0.817314,0.82126,0.835303,0.848411,0.8539,0.852854,0.852128,0.851383,0.851919,0.851809,0.852808,0.846188,0.836281,0.832088,0.825252,0.823268,0.820775,0.805187,0.793555,0.785464,0.779975,0.780684,0.781035,0.783002,0.781584,0.778795,0.776139,0.769783,0.759531,0.744376,0.719966,0.707323,0.71148,0.71669,0.724423,0.725352,0.724866,0.72064,0.719524,0.720918,0.718438,0.727131,0.728702,0.735171,0.7407,0.745486,0.748277,0.741454,0.737709,0.731388,0.73428,0.734806,0.740393,0.745143,0.748196,0.756652,0.75799,0.77001,0.778047,0.7955,0.806628,0.818183,0.826235,0.829161,0.830006,0.826009,0.824507,0.828911,0.831303,0.833752,0.83562,0.84663,0.855214,0.853309,0.852462,0.849331,0.84549,0.841454,0.838201,0.835465,0.834299,0.842844,0.844025,0.84115,0.83726,0.835388,0.835124,0.83094,0.832531,0.83417,0.83934,0.841917,0.843985,0.84586,0.847722,0.84988,0.830941,0.819664,0.820706,0.822758,0.825462,0.826132,0.831965,0.836452,0.835844,0.837377,0.840442,0.843293,0.84748,0.853532,0.860165,0.863354,0.869062,0.899254,0.902743,0.907054,0.927021,0.924903,0.921975,0.923956,0.924375,0.930198,0.932877,0.932919,0.934172,0.933387,0.938208,0.941389,0.942839,0.948419,0.948208,0.942538,0.947376,0.953688,0.948166,0.947163,0.939607,0.940258,0.946571,0.951467,0.953158,0.954785,0.954418,0.956245,0.954375,0.958831,0.966026,0.964973,0.962096,0.96463,0.967118,0.968279,0.969992,0.975388,0.974036,0.976668,0.975825,0.975944,0.973328,0.969138,0.972434,0.979675,0.980095,0.981213,0.982676,0.98499,0.989304,0.993035,0.994337,1.00198,1.005117,1.00905,1.01441,1.017113,1.018301,1.019879,0.998745,0.97989,0.984428,0.986191,0.987181,0.997279,0.999938,0.995079,0.98891,0.985378,0.982126,0.976796,0.975865,0.974946,0.973086,0.970181,0.966226,0.962877,0.962172,0.961087,0.950704,0.966168,0.966277,0.972174,0.972129,0.970893,0.968407,0.964419,0.962223,0.959312,0.961859,0.962334,0.963461,0.964407,0.964783,0.964304,0.949714,0.949329,0.940793,0.956623,0.955611,0.956983,0.956124,0.955288,0.951401,0.947288,0.944011,0.941492,0.936331,0.931181,0.926885,0.930512,0.936024,0.940254,0.92332,0.921138,0.916931,0.921291,0.926021,0.92377,0.91884,0.920578,0.918093,0.915937,0.91423,0.91494,0.910581,0.901586,0.893194,0.891129,0.890319,0.889994,0.887206,0.881536,0.881758,0.878226,0.862791,0.851402,0.852943,0.854929,0.855621,0.858208,0.861763,0.863297,0.86089,0.858693,0.856846,0.854934,0.851846,0.852244,0.852144,0.850784,0.847462,0.856238,0.853797,0.851756,0.852339,0.851374,0.850861,0.852979,0.854601,0.85525,0.853991,0.855655,0.856928,0.860068,0.862917,0.863362,0.860594,0.861926,0.861384,0.858479,0.858423,0.858117,0.852935,0.854445,0.85582,0.854852,0.8531,0.849508,0.854804,0.858937,0.856881,0.856233,0.85573,0.856148,0.857886,0.867034,0.868923,0.865763,0.864314,0.864664,0.863058,0.863645,0.864988,0.864138,0.86496,0.863139,0.860359,0.860439,0.859953,0.859821,0.853218,0.852584,0.857244,0.857621,0.85819,0.86114,0.863733,0.859721,0.859567,0.859922,0.860663,0.863366,0.864588,0.864975,0.864434,0.861697,0.857861,0.854561,0.853794,0.852839,0.847289,0.836151,0.837342,0.827678,0.822385,0.813365,0.805595,0.814142,0.814785,0.806629,0.801907,0.797722,0.79629,0.803369,0.802126,0.794267,0.783478,0.775147,0.7712,0.767514,0.764798,0.764798,0.751711,0.772791,0.787966,0.797428,0.809539,0.817314,0.82126,0.835303,0.848411,0.8539,0.852854,0.852128,0.851383,0.851919,0.851809,0.852808,0.846188,0.836281,0.832088,0.825252,0.823268,0.820775,0.805187,0.793555,0.785464,0.779975,0.780684,0.781035,0.783002,0.781584,0.778795,0.776139,0.769783,0.759531,0.744376,0.719966,0.707323,0.71148,0.71669,0.724423,0.725352,0.724866,0.72064,0.719524,0.720918,0.718438,0.727131,0.728702,0.735171,0.7407,0.745486,0.748277,0.741454,0.737709,0.731388,0.73428,0.734806,0.740393,0.745143,0.748196,0.756652,0.75799,0.77001,0.778047,0.7955,0.806628,0.818183,0.826235,0.829161,0.830006,0.826009,0.824507,0.828911,0.831303,0.833752,0.83562,0.84663,0.855214,0.853309,0.852462,0.849331,0.84549,0.841454,0.838201,0.835465,0.834299,0.842844,0.844025,0.84115,0.83726,0.835388,0.835124,0.83094,0.832531,0.83417,0.83934,0.841917,0.843985,0.84586,0.847722,0.84988,0.830941,0.819664,0.820706,0.822758
CRW,Algeria,0.829399,0.00831477,0.835942,0.838664,0.841004,0.842066,0.841897,0.842606,0.84175,0.844402,0.847855,0.849454,0.85317,0.85518,0.857819,0.854764,0.856635,0.863692,0.868062,0.883059,0.892407,0.901029,0.904386,0.908362,0.914701,0.923132,0.931163,0.93604,0.939478,0.942398,0.943077,0.94513,0.944964,0.944613,0.937571,0.930542,0.924311,0.923422,0.922558,0.916303,0.907356,0.90205,0.896116,0.896608,0.897492,0.899473,0.901448,0.901377,0.90278,0.907036,0.911855,0.917493,0.923356,0.924407,0.926115,0.928289,0.929394,0.933108,0.932793,0.934383,0.932857,0.932499,0.926861,0.92627,0.924599,0.925392,0.923843,0.922197,0.924407,0.92821,0.930692,0.933557,0.931549,0.932524,0.933243,0.934523,0.93312,0.934776,0.937187,0.941201,0.948928,0.957471,0.965795,0.965922,0.965415,0.968,0.971519,0.972401,0.97195,0.976338,0.978112,0.979741,0.977844,0.9738,0.972149,0.96827,0.963388,0.954372,0.952643,0.949624,0.944044,0.937045,0.931675,0.927559,0.911709,0.905836,0.901452,0.901326,0.902312,0.90115,0.901843,0.898081,0.894256,0.890151,0.888604,0.891011,0.890777,0.89131,0.889393,0.890754,0.893156,0.893043,0.890521,0.888003,0.886838,0.88292,0.880515,0.880382,0.880696,0.879865,0.876017,0.873891,0.876916,0.884947,0.884073,0.880856,0.880351,0.88219,0.882214,0.884228,0.887818,0.889156,0.888422,0.885672,0.884687,0.890482,0.889824,0.887754,0.880976,0.878347,0.875008,0.871311,0.866269,0.866826,0.867055,0.868522,0.868123,0.867509,0.86998,0.872282,0.866601,0.866174,0.865055,0.866543,0.866029,0.866551,0.8658,0.867453,0.86983,0.867093,0.862074,0.860476,0.86122,0.859978,0.85823,0.864549,0.865565,0.868727,0.86975,0.870557,0.870698,0.87082,0.875679,0.87618,0.875747,0.88159,0.88066,0.881801,0.883973,0.885692,0.881665,0.881832,0.884048,0.883603,0.882961,0.884287,0.887583,0.889372,0.884617,0.87447,0.8736,0.875475,0.876179,0.87377,0.872157,0.87274,0.872704,0.865678,0.863063,0.862208,0.862741,0.865239,0.866444,0.868151,0.871109,0.874557,0.877428,0.875789,0.877901,0.878427,0.87763,0.877428,0.87985,0.882725,0.885465,0.888111,0.885536,0.883919,0.882867,0.884134,0.883813,0.877245,0.878535,0.87715,0.883479,0.884549,0.88505,0.886428,0.889734,0.891383,0.891437,0.893975,0.893596,0.893878,0.892737,0.891545,0.893623,0.897437,0.900038,0.902359,0.892284,0.879733,0.867847,0.855178,0.853762,0.854421,0.852154,0.844152,0.830966,0.830448,0.832374,0.833028,0.833846,0.827582,0.823376,0.830688,0.830835,0.832151,0.828404,0.822575,0.808865,0.796663,0.794197,0.794698,0.777972,0.76698,0.755755,0.748174,0.747336,0.749127,0.741119,0.7416,0.738138,0.737379,0.734339,0.736587,0.739235,0.737917,0.733554,0.730987,0.731631,0.732018,0.730967,0.727726,0.727176,0.733086,0.734356,0.733869,0.732871,0.726006,0.716967,0.716355,0.716634,0.724352,0.736711,0.744106,0.753169,0.757012,0.760596,0.752541,0.749935,0.7466,0.748426,0.753978,0.761542,0.770307,0.773685,0.778071,0.779206,0.780112,0.781792,0.780824,0.78436,0.788991,0.810948,0.822963,0.826887,0.820884,0.812812,0.808337,0.809658,0.805138,0.803754,0.801058,0.795033,0.792979,0.790224,0.787019,0.783988,0.774441,0.758126,0.749841,0.745945,0.74294,0.743807,0.756536,0.768681,0.76899,0.770197,0.773274,0.782701,0.791808,0.795683,0.80457,0.802949,0.80653,0.810291,0.813813,0.8189,0.819975,0.813882,0.813131,0.81448,0.816266,0.819051,0.829399,0.831477,0.835942,0.838664,0.841004,0.842066,0.841897,0.842606,0.84175,0.844402,0.847855,0.849454,0.85317,0.85518,0.857819,0.854764,0.856635,0.863692,0.868062,0.883059,0.892407,0.901029,0.904386,0.908362,0.914701,0.923132,0.931163,0.93604,0.939478,0.942398,0.943077,0.94513,0.944964,0.944613,0.937571,0.930542,0.924311,0.923422,0.922558,0.916303,0.907356,0.90205,0.896116,0.896608,0.897492,0.899473,0.901448,0.901377,0.90278,0.907036,0.911855,0.917493,0.923356,0.924407,0.926115,0.928289,0.929394,0.933108,0.932793,0.934383,0.932857,0.932499,0.926861,0.92627,0.924599,0.925392,0.923843,0.922197,0.924407,0.92821,0.930692,0.933557,0.931549,0.932524,0.933243,0.934523,0.93312,0.934776,0.937187,0.941201,0.948928,0.957471,0.965795,0.965922,0.965415,0.968,0.971519,0.972401,0.97195,0.976338,0.978112,0.979741,0.977844,0.9738,0.972149,0.96827,0.963388,0.954372,0.952643,0.949624,0.944044,0.937045,0.931675,0.927559,0.911709,0.905836,0.901452,0.901326,0.902312,0.90115,0.901843,0.898081,0.894256,0.890151,0.888604,0.891011,0.890777,0.89131,0.889393,0.890754,0.893156,0.893043,0.890521,0.888003,0.886838,0.88292,0.880515,0.880382,0.880696,0.879865,0.876017,0.873891,0.876916,0.884947,0.884073,0.880856,0.880351,0.88219,0.882214,0.884228,0.887818,0.889156,0.888422,0.885672,0.884687,0.890482,0.889824,0.887754,0.880976,0.878347,0.875008,0.871311,0.866269,0.866826,0.867055,0.868522,0.868123,0.867509,0.86998,0.872282,0.866601,0.866174,0.865055,0.866543,0.866029,0.866551,0.8658,0.867453,0.86983,0.867093,0.862074,0.860476,0.86122,0.859978,0.85823,0.864549,0.865565,0.868727,0.86975,0.870557,0.870698,0.87082,0.875679,0.87618,0.875747,0.88159,0.88066,0.881801,0.883973,0.885692,0.881665,0.881832,0.884048,0.883603,0.882961,0.884287,0.887583,0.889372,0.884617,0.87447,0.8736,0.875475,0.876179,0.87377,0.872157,0.87274,0.872704,0.865678,0.863063,0.862208,0.862741,0.865239,0.866444,0.868151,0.871109,0.874557,0.877428,0.875789,0.877901,0.878427,0.87763,0.877428,0.87985,0.882725,0.885465,0.888111,0.885536,0.883919,0.882867,0.884134,0.883813,0.877245,0.878535,0.87715,0.883479,0.884549,0.88505,0.886428,0.889734,0.891383,0.891437,0.893975,0.893596,0.893878,0.892737,0.891545,0.893623,0.897437,0.900038,0.902359,0.892284,0.879733,0.867847,0.855178,0.853762,0.854421,0.852154,0.844152,0.830966,0.830448,0.832374,0.833028,0.833846,0.827582,0.823376,0.830688,0.830835,0.832151,0.828404,0.822575,0.808865,0.796663,0.794197,0.794698,0.777972,0.76698,0.755755,0.748174,0.747336,0.749127,0.741119,0.7416,0.738138,0.737379,0.734339,0.736587,0.739235,0.737917,0.733554,0.730987,0.731631,0.732018,0.730967,0.727726,0.727176,0.733086,0.734356,0.733869,0.732871,0.726006,0.716967,0.716355,0.716634,0.724352,0.736711,0.744106,0.753169,0.757012,0.760596,0.752541,0.749935,0.7466,0.748426,0.753978,0.761542,0.770307,0.773685,0.778071,0.779206,0.780112,0.781792,0.780824,0.78436,0.788991,0.810948,0.822963,0.826887,0.820884,0.812812,0.808337,0.809658,0.805138,0.803754,0.801058,0.795033,0.792979,0.790224,0.787019,0.783988,0.774441,0.758126,0.749841,0.745945,0.74294,0.743807,0.756536,0.768681,0.76899,0.770197,0.773274,0.782701,0.791808,0.795683,0.80457,0.802949,0.80653,0.810291,0.813813,0.8189,0.819975,0.813882,0.813131,0.81448,0.816266,0.819051
CRW,Andorra,0.909196,0.00915692,0.922589,0.930109,0.932515,0.936864,0.93833,0.936252,0.934373,0.936281,0.937772,0.937232,0.942538,0.936609,0.936044,0.925095,0.920417,0.922842,0.923843,0.931509,0.939222,0.94631,0.952642,0.968309,0.974724,0.983369,0.992639,0.993888,1.003593,1.010157,1.010202,1.016428,1.018689,1.021214,1.017537,1.01351,1.007569,1.006877,0.993582,0.992128,0.993875,0.992881,0.991687,0.988245,0.987625,0.990302,0.985132,0.97786,0.984735,0.991973,0.998577,1.011221,1.030812,1.033859,1.034135,1.031749,1.03271,1.03095,1.032723,1.042469,1.037675,1.036031,1.036893,1.035994,1.031957,1.032537,1.035315,1.030362,1.03668,1.043936,1.048782,1.050222,1.053002,1.055348,1.031746,1.035139,1.020667,1.019034,1.017906,1.016777,1.027344,1.026402,1.02526,1.01964,1.013062,1.00842,1.00664,1.012781,1.012098,1.014001,1.015145,1.022961,1.051444,1.06651,1.066064,1.061291,1.054569,1.04998,1.046782,1.045967,1.042957,1.038698,1.033659,1.029225,1.019869,1.01409,1.010024,0.995051,0.951156,0.948992,0.943436,0.937735,0.934597,0.932292,0.928746,0.928909,0.9285,0.926074,0.923935,0.925102,0.923641,0.918969,0.916911,0.917559,0.916876,0.915219,0.915701,0.917522,0.92302,0.920717,0.91794,0.917273,0.947674,0.952793,0.952896,0.945097,0.944676,0.945971,0.942508,0.941352,0.941683,0.940062,0.935312,0.930733,0.928626,0.926835,0.932649,0.923962,0.91956,0.914458,0.915747,0.910633,0.902341,0.899779,0.896174,0.89455,0.895089,0.898497,0.900851,0.90432,0.907663,0.897157,0.894336,0.894111,0.897003,0.898217,0.897837,0.89975,0.901264,0.90004,0.898146,0.89616,0.894116,0.894391,0.895951,0.891067,0.889562,0.889642,0.889685,0.887106,0.886995,0.891224,0.892285,0.892157,0.892339,0.892335,0.899887,0.901321,0.901557,0.900062,0.900783,0.902885,0.904654,0.903832,0.903273,0.903701,0.905817,0.909061,0.910398,0.909886,0.901516,0.899828,0.902371,0.905238,0.908473,0.907593,0.906113,0.906485,0.907082,0.907038,0.905367,0.901976,0.901445,0.904394,0.910545,0.9128,0.914873,0.910484,0.90621,0.905145,0.906715,0.907642,0.907318,0.908662,0.910693,0.912636,0.916093,0.917652,0.917822,0.91311,0.906373,0.906126,0.915394,0.91797,0.918756,0.919004,0.916752,0.916536,0.914925,0.914735,0.914692,0.91293,0.911095,0.909139,0.907356,0.90804,0.913008,0.905581,0.907274,0.906871,0.90366,0.90644,0.908552,0.910294,0.915525,0.914291,0.91227,0.913402,0.916122,0.923888,0.928323,0.923386,0.921226,0.919391,0.917513,0.915482,0.915917,0.917506,0.915157,0.910132,0.909181,0.908595,0.906591,0.905655,0.901609,0.894215,0.894505,0.895902,0.897346,0.898508,0.894034,0.890631,0.886567,0.888687,0.888893,0.889422,0.887436,0.886881,0.884301,0.882272,0.879922,0.877478,0.874797,0.872447,0.869064,0.868918,0.868659,0.868275,0.864003,0.86491,0.864946,0.867858,0.889771,0.890331,0.892618,0.893123,0.892831,0.891666,0.889199,0.890877,0.888922,0.887658,0.887781,0.886282,0.883881,0.881787,0.883348,0.863232,0.862696,0.863166,0.864363,0.865408,0.864213,0.878704,0.880163,0.882655,0.883712,0.880132,0.883599,0.883342,0.883872,0.884956,0.884294,0.883418,0.879718,0.875321,0.874373,0.873941,0.863435,0.860036,0.85748,0.855651,0.856901,0.855092,0.855098,0.854723,0.848905,0.848357,0.845618,0.843065,0.842728,0.841672,0.842023,0.84262,0.844457,0.845015,0.846792,0.862163,0.866559,0.86776,0.869827,0.869649,0.870482,0.892758,0.894578,0.909196,0.915692,0.922589,0.930109,0.932515,0.936864,0.93833,0.936252,0.934373,0.936281,0.937772,0.937232,0.942538,0.936609,0.936044,0.925095,0.920417,0.922842,0.923843,0.931509,0.939222,0.94631,0.952642,0.968309,0.974724,0.983369,0.992639,0.993888,1.003593,1.010157,1.010202,1.016428,1.018689,1.021214,1.017537,1.01351,1.007569,1.006877,0.993582,0.992128,0.993875,0.992881,0.991687,0.988245,0.987625,0.990302,0.985132,0.97786,0.984735,0.991973,0.998577,1.011221,1.030812,1.033859,1.034135,1.031749,1.03271,1.03095,1.032723,1.042469,1.037675,1.036031,1.036893,1.035994,1.031957,1.032537,1.035315,1.030362,1.03668,1.043936,1.048782,1.050222,1.053002,1.055348,1.031746,1.035139,1.020667,1.019034,1.017906,1.016777,1.027344,1.026402,1.02526,1.01964,1.013062,1.00842,1.00664,1.012781,1.012098,1.014001,1.015145,1.022961,1.051444,1.06651,1.066064,1.061291,1.054569,1.04998,1.046782,1.045967,1.042957,1.038698,1.033659,1.029225,1.019869,1.01409,1.010024,0.995051,0.951156,0.948992,0.943436,0.937735,0.934597,0.932292,0.928746,0.928909,0.9285,0.926074,0.923935,0.925102,0.923641,0.918969,0.916911,0.917559,0.916876,0.915219,0.915701,0.917522,0.92302,0.920717,0.91794,0.917273,0.947674,0.952793,0.952896,0.945097,0.944676,0.945971,0.942508,0.941352,0.941683,0.940062,0.935312,0.930733,0.928626,0.926835,0.932649,0.923962,0.91956,0.914458,0.915747,0.910633,0.902341,0.899779,0.896174,0.89455,0.895089,0.898497,0.900851,0.90432,0.907663,0.897157,0.894336,0.894111,0.897003,0.898217,0.897837,0.89975,0.901264,0.90004,0.898146,0.89616,0.894116,0.894391,0.895951,0.891067,0.889562,0.889642,0.889685,0.887106,0.886995,0.891224,0.892285,0.892157,0.892339,0.892335,0.899887,0.901321,0.901557,0.900062,0.900783,0.902885,0.904654,0.903832,0.903273,0.903701,0.905817,0.909061,0.910398,0.909886,0.901516,0.899828,0.902371,0.905238,0.908473,0.907593,0.906113,0.906485,0.907082,0.907038,0.905367,0.901976,0.901445,0.904394,0.910545,0.9128,0.914873,0.910484,0.90621,0.905145,0.906715,0.907642,0.907318,0.908662,0.910693,0.912636,0.916093,0.917652,0.917822,0.91311,0.906373,0.906126,0.915394,0.91797,0.918756,0.919004,0.916752,0.916536,0.914925,0.914735,0.914692,0.91293,0.911095,0.909139,0.907356,0.90804,0.913008,0.905581,0.907274,0.906871,0.90366,0.90644,0.908552,0.910294,0.915525,0.914291,0.91227,0.913402,0.916122,0.923888,0.928323,0.923386,0.921226,0.919391,0.917513,0.915482,0.915917,0.917506,0.915157,0.910132,0.909181,0.908595,0.906591,0.905655,0.901609,0.894215,0.894505,0.895902,0.897346,0.898508,0.894034,0.890631,0.886567,0.888687,0.888893,0.889422,0.887436,0.886881,0.884301,0.882272,0.879922,0.877478,0.874797,0.872447,0.869064,0.868918,0.868659,0.868275,0.864003,0.86491,0.864946,0.867858,0.889771,0.890331,0.892618,0.893123,0.892831,0.891666,0.889199,0.890877,0.888922,0.887658,0.887781,0.886282,0.883881,0.881787,0.883348,0.863232,0.862696,0.863166,0.864363,0.865408,0.864213,0.878704,0.880163,0.882655,0.883712,0.880132,0.883599,0.883342,0.883872,0.884956,0.884294,0.883418,0.879718,0.875321,0.874373,0.873941,0.863435,0.860036,0.85748,0.855651,0.856901,0.855092,0.855098,0.854723,0.848905,0.848357,0.845618,0.843065,0.842728,0.841672,0.842023,0.84262,0.844457,0.845015,0.846792,0.862163,0.866559,0.86776,0.869827,0.869649,0.870482,0.892758,0.894578
CRW,Angola,1.105557,0.01101051,1.098936,1.098072,1.097257,1.092516,1.079916,1.066772,1.062217,1.06683,1.05642,1.054207,1.058717,1.062297,1.064982,1.062595,1.069242,1.071608,1.072041,1.070979,1.07199,1.084218,1.081993,1.080029,1.081609,1.087228,1.092335,1.089872,1.090246,1.092801,1.097994,1.102441,1.098273,1.099297,1.103303,1.104146,1.094018,1.092397,1.092128,1.077692,1.075032,1.07611,1.088636,1.088211,1.088859,1.086533,1.082317,1.083486,1.082343,1.076933,1.073057,1.07391,1.073334,1.072298,1.072886,1.075058,1.075022,1.064997,1.068512,1.069805,1.074357,1.074407,1.072458,1.069266,1.069418,1.074036,1.072984,1.077922,1.082195,1.084305,1.082036,1.08196,1.083138,1.083703,1.110048,1.114351,1.109798,1.11479,1.122868,1.132692,1.145085,1.157309,1.152389,1.149672,1.144617,1.142226,1.135023,1.130523,1.13106,1.101875,1.101426,1.101282,1.100493,1.095172,1.083927,1.06211,1.049385,1.051046,1.056016,1.058615,1.06575,1.089524,1.101846,1.110651,1.125375,1.131556,1.144471,1.144644,1.151378,1.154805,1.168015,1.174318,1.179017,1.177826,1.177147,1.169594,1.157432,1.165806,1.155479,1.14533,1.147112,1.137558,1.13597,1.129854,1.130615,1.11998,1.117301,1.111931,1.107014,1.115489,1.119226,1.112336,1.086075,1.07845,1.071555,1.053377,1.048465,1.044516,1.045888,1.03779,1.038978,1.042988,1.040766,1.038625,1.034072,1.032754,1.041629,1.049983,1.056691,1.057665,1.058723,1.061949,1.067147,1.064652,1.065131,1.066754,1.068023,1.073238,1.069898,1.06332,1.058822,1.045485,1.024106,1.007608,0.996153,0.981228,0.966102,0.949294,0.945231,0.937427,0.924481,0.909506,0.898605,0.894989,0.888878,0.878128,0.872814,0.874233,0.873395,0.87183,0.872356,0.868077,0.870476,0.861533,0.856805,0.852096,0.849713,0.843995,0.838338,0.835159,0.834248,0.830418,0.830473,0.828784,0.830459,0.826144,0.824519,0.818726,0.819912,0.818521,0.819407,0.818179,0.816477,0.815164,0.815705,0.813246,0.80536,0.800698,0.795216,0.792097,0.790843,0.79125,0.792084,0.787413,0.786342,0.784592,0.784611,0.782547,0.783799,0.784458,0.785164,0.791477,0.796922,0.798439,0.802563,0.809943,0.814036,0.818779,0.822023,0.823157,0.822298,0.823418,0.824879,0.8252,0.826381,0.827245,0.826763,0.82717,0.827186,0.82791,0.828901,0.829249,0.828386,0.82815,0.827376,0.82765,0.827019,0.82586,0.825582,0.825016,0.825551,0.826466,0.825914,0.825084,0.82336,0.822004,0.820546,0.820664,0.821428,0.823046,0.82614,0.828413,0.82992,0.831758,0.832939,0.833692,0.833906,0.835956,0.838414,0.841474,0.844325,0.847509,0.851273,0.853464,0.85523,0.855095,0.857337,0.859191,0.862544,0.866272,0.86952,0.872603,0.87495,0.876911,0.877732,0.880013,0.880895,0.880811,0.881171,0.881345,0.884209,0.885835,0.8893,0.890853,0.892315,0.893425,0.896113,0.898758,0.901707,0.906218,0.908009,0.910436,0.914716,0.919194,0.924805,0.92654,0.930572,0.934582,0.936605,0.938356,0.942339,0.947061,0.950053,0.954689,0.957409,0.958956,0.96661,0.971421,0.973333,0.977536,0.983199,0.983328,0.984883,0.990831,0.994509,0.998967,1.002948,1.010578,1.012688,1.021479,1.030616,1.033659,1.037555,1.04879,1.054641,1.056403,1.063509,1.068182,1.069799,1.070853,1.073958,1.07876,1.07609,1.082716,1.079599,1.078478,1.082063,1.087406,1.087428,1.090093,1.099518,1.099434,1.100546,1.099365,1.10572,1.110255,1.1171,1.126742,1.129579,1.129846,1.13249,1.129802,1.125728,1.120134,1.113098,1.105557,1.101051,1.098936,1.098072,1.097257,1.092516,1.079916,1.066772,1.062217,1.06683,1.05642,1.054207,1.058717,1.062297,1.064982,1.062595,1.069242,1.071608,1.072041,1.070979,1.07199,1.084218,1.081993,1.080029,1.081609,1.087228,1.092335,1.089872,1.090246,1.092801,1.097994,1.102441,1.098273,1.099297,1.103303,1.104146,1.094018,1.092397,1.092128,1.077692,1.075032,1.07611,1.088636,1.088211,1.088859,1.086533,1.082317,1.083486,1.082343,1.076933,1.073057,1.07391,1.073334,1.072298,1.072886,1.075058,1.075022,1.064997,1.068512,1.069805,1.074357,1.074407,1.072458,1.069266,1.069418,1.074036,1.072984,1.077922,1.082195,1.084305,1.082036,1.08196,1.083138,1.083703,1.110048,1.114351,1.109798,1.11479,1.122868,1.132692,1.145085,1.157309,1.152389,1.149672,1.144617,1.142226,1.135023,1.130523,1.13106,1.101875,1.101426,1.101282,1.100493,1.095172,1.083927,1.06211,1.049385,1.051046,1.056016,1.058615,1.06575,1.089524,1.101846,1.110651,1.125375,1.131556,1.144471,1.144644,1.151378,1.154805,1.168015,1.174318,1.179017,1.177826,1.177147,1.169594,1.157432,1.165806,1.155479,1.14533,1.147112,1.137558,1.13597,1.129854,1.130615,1.11998,1.117301,1.111931,1.107014,1.115489,1.119226,1.112336,1.086075,1.07845,1.071555,1.053377,1.048465,1.044516,1.045888,1.03779,1.038978,1.042988,1.040766,1.038625,1.034072,1.032754,1.041629,1.049983,1.056691,1.057665,1.058723,1.061949,1.067147,1.064652,1.065131,1.066754,1.068023,1.073238,1.069898,1.06332,1.058822,1.045485,1.024106,1.007608,0.996153,0.981228,0.966102,0.949294,0.945231,0.937427,0.924481,0.909506,0.898605,0.894989,0.888878,0.878128,0.872814,0.874233,0.873395,0.87183,0.872356,0.868077,0.870476,0.861533,0.856805,0.852096,0.849713,0.843995,0.838338,0.835159,0.834248,0.830418,0.830473,0.828784,0.830459,0.826144,0.824519,0.818726,0.819912,0.818521,0.819407,0.818179,0.816477,0.815164,0.815705,0.813246,0.80536,0.800698,0.795216,0.792097,0.790843,0.79125,0.792084,0.787413,0.786342,0.784592,0.784611,0.782547,0.783799,0.784458,0.785164,0.791477,0.796922,0.798439,0.802563,0.809943,0.814036,0.818779,0.822023,0.823157,0.822298,0.823418,0.824879,0.8252,0.826381,0.827245,0.826763,0.82717,0.827186,0.82791,0.828901,0.829249,0.828386,0.82815,0.827376,0.82765,0.827019,0.82586,0.825582,0.825016,0.825551,0.826466,0.825914,0.825084,0.82336,0.822004,0.820546,0.820664,0.821428,0.823046,0.82614,0.828413,0.82992,0.831758,0.832939,0.833692,0.833906,0.835956,0.838414,0.841474,0.844325,0.847509,0.851273,0.853464,0.85523,0.855095,0.857337,0.859191,0.862544,0.866272,0.86952,0.872603,0.87495,0.876911,0.877732,0.880013,0.880895,0.880811,0.881171,0.881345,0.884209,0.885835,0.8893,0.890853,0.892315,0.893425,0.896113,0.898758,0.901707,0.906218,0.908009,0.910436,0.914716,0.919194,0.924805,0.92654,0.930572,0.934582,0.936605,0.938356,0.942339,0.947061,0.950053,0.954689,0.957409,0.958956,0.96661,0.971421,0.973333,0.977536,0.983199,0.983328,0.984883,0.990831,0.994509,0.998967,1.002948,1.010578,1.012688,1.021479,1.030616,1.033659,1.037555,1.04879,1.054641,1.056403,1.063509,1.068182,1.069799,1.070853,1.073958,1.07876,1.07609,1.082716,1.079599,1.078478,1.082063,1.087406,1.087428,1.090093,1.099518,1.099434,1.100546,1.099365,1.10572,1.110255,1.1171,1.126742,1.129579,1.129846,1.13249,1.129802,1.125728,1.120134,1.113098
CRW,Antigua,0.787817,0.00785804,0.783765,0.781151,0.779892,0.780847,0.779287,0.777253,0.777206,0.780564,0.778545,0.768844,0.770611,0.764157,0.769491,0.767242,0.766208,0.770314,0.770012,0.773202,0.768545,0.767447,0.766421,0.767816,0.765473,0.766564,0.7633,0.758112,0.755225,0.745739,0.748731,0.751165,0.74758,0.747382,0.747575,0.7463,0.742857,0.740869,0.73699,0.73687,0.736449,0.736575,0.735788,0.7404,0.739806,0.736039,0.732358,0.738028,0.742025,0.743053,0.755645,0.762847,0.766876,0.771568,0.772135,0.779673,0.788364,0.792679,0.788811,0.792034,0.793586,0.797364,0.793811,0.793192,0.790605,0.780931,0.775846,0.777151,0.771966,0.771594,0.764801,0.758955,0.758627,0.762383,0.76116,0.768087,0.764572,0.764464,0.770876,0.776939,0.785442,0.790053,0.794125,0.804224,0.815446,0.818386,0.818779,0.818651,0.818379,0.822059,0.821876,0.823777,0.824337,0.82144,0.819225,0.815808,0.8158,0.813261,0.807027,0.796032,0.793526,0.794419,0.796215,0.797237,0.792,0.79148,0.794036,0.792307,0.795019,0.802027,0.805325,0.812416,0.81777,0.822022,0.825605,0.830713,0.833398,0.833884,0.835104,0.836108,0.836971,0.836372,0.835927,0.838283,0.837008,0.836813,0.836037,0.836001,0.834505,0.833569,0.83187,0.830405,0.831798,0.837745,0.84102,0.843755,0.847253,0.849721,0.846901,0.852531,0.855166,0.858348,0.863026,0.86565,0.865124,0.868032,0.874907,0.878453,0.878067,0.879539,0.885246,0.892184,0.906102,0.910167,0.918753,0.922617,0.924995,0.924196,0.926568,0.933295,0.938466,0.943679,0.947908,0.953578,0.956558,0.962581,0.969668,0.973073,0.975028,0.972414,0.980712,0.98547,0.996949,1.002907,1.00564,1.011523,1.016672,1.025366,1.025267,1.027105,1.024516,1.016675,1.002208,1.006983,1.004024,1.002968,1.004613,1.001561,1.003332,1.001789,0.999375,0.99656,1.00386,1.002713,1.00385,1.001141,1.002471,1.007093,1.007802,1.002781,1.000411,1.004383,1.00007,1.003631,1.00584,1.004095,0.988064,0.989296,0.990694,0.994388,0.988188,0.982368,0.985799,0.974166,0.972369,0.976602,0.96979,0.966495,0.958266,0.956347,0.951663,0.964184,0.978287,0.986959,0.990624,1.00047,0.994125,0.987379,0.992892,0.987509,0.978642,0.978013,0.977742,0.973149,0.961344,0.956292,0.936561,0.918837,0.90591,0.900549,0.888033,0.894341,0.892424,0.891874,0.897212,0.895392,0.896367,0.893474,0.901413,0.901202,0.8968,0.903282,0.904563,0.902875,0.900066,0.896661,0.901799,0.903573,0.899839,0.898536,0.898903,0.899819,0.906897,0.904723,0.908468,0.910734,0.905415,0.903824,0.906055,0.906627,0.90441,0.89551,0.894595,0.894436,0.892054,0.892285,0.891001,0.882388,0.880496,0.900131,0.905135,0.90828,0.910887,0.913546,0.918336,0.922597,0.925989,0.924457,0.922769,0.937629,0.936285,0.934335,0.944966,0.944356,0.9237,0.919494,0.918676,0.916019,0.90786,0.903615,0.913031,0.912612,0.91802,0.917915,0.903804,0.89835,0.89678,0.8829,0.883893,0.896587,0.902184,0.907581,0.90652,0.908062,0.90422,0.888411,0.882471,0.879643,0.875553,0.874067,0.875032,0.876779,0.878766,0.87413,0.860505,0.846103,0.828811,0.829324,0.828314,0.833419,0.834483,0.83451,0.83603,0.840119,0.84552,0.847647,0.848629,0.855198,0.856805,0.858429,0.860312,0.860929,0.855048,0.850288,0.841931,0.836443,0.828382,0.828524,0.820832,0.810911,0.805382,0.79808,0.786356,0.781043,0.773335,0.772622,0.773101,0.776769,0.776778,0.776495,0.776396,0.785059,0.777937,0.786784,0.789241,0.787817,0.785804,0.783765,0.781151,0.779892,0.780847,0.779287,0.777253,0.777206,0.780564,0.778545,0.768844,0.770611,0.764157,0.769491,0.767242,0.766208,0.770314,0.770012,0.773202,0.768545,0.767447,0.766421,0.767816,0.765473,0.766564,0.7633,0.758112,0.755225,0.745739,0.748731,0.751165,0.74758,0.747382,0.747575,0.7463,0.742857,0.740869,0.73699,0.73687,0.736449,0.736575,0.735788,0.7404,0.739806,0.736039,0.732358,0.738028,0.742025,0.743053,0.755645,0.762847,0.766876,0.771568,0.772135,0.779673,0.788364,0.792679,0.788811,0.792034,0.793586,0.797364,0.793811,0.793192,0.790605,0.780931,0.775846,0.777151,0.771966,0.771594,0.764801,0.758955,0.758627,0.762383,0.76116,0.768087,0.764572,0.764464,0.770876,0.776939,0.785442,0.790053,0.794125,0.804224,0.815446,0.818386,0.818779,0.818651,0.818379,0.822059,0.821876,0.823777,0.824337,0.82144,0.819225,0.815808,0.8158,0.813261,0.807027,0.796032,0.793526,0.794419,0.796215,0.797237,0.792,0.79148,0.794036,0.792307,0.795019,0.802027,0.805325,0.812416,0.81777,0.822022,0.825605,0.830713,0.833398,0.833884,0.835104,0.836108,0.836971,0.836372,0.835927,0.838283,0.837008,0.836813,0.836037,0.836001,0.834505,0.833569,0.83187,0.830405,0.831798,0.837745,0.84102,0.843755,0.847253,0.849721,0.846901,0.852531,0.855166,0.858348,0.863026,0.86565,0.865124,0.868032,0.874907,0.878453,0.878067,0.879539,0.885246,0.892184,0.906102,0.910167,0.918753,0.922617,0.924995,0.924196,0.926568,0.933295,0.938466,0.943679,0.947908,0.953578,0.956558,0.962581,0.969668,0.973073,0.975028,0.972414,0.980712,0.98547,0.996949,1.002907,1.00564,1.011523,1.016672,1.025366,1.025267,1.027105,1.024516,1.016675,1.002208,1.006983,1.004024,1.002968,1.004613,1.001561,1.003332,1.001789,0.999375,0.99656,1.00386,1.002713,1.00385,1.001141,1.002471,1.007093,1.007802,1.002781,1.000411,1.004383,1.00007,1.003631,1.00584,1.004095,0.988064,0.989296,0.990694,0.994388,0.988188,0.982368,0.985799,0.974166,0.972369,0.976602,0.96979,0.966495,0.958266,0.956347,0.951663,0.964184,0.978287,0.986959,0.990624,1.00047,0.994125,0.987379,0.992892,0.987509,0.978642,0.978013,0.977742,0.973149,0.961344,0.956292,0.936561,0.918837,0.90591,0.900549,0.888033,0.894341,0.892424,0.891874,0.897212,0.895392,0.896367,0.893474,0.901413,0.901202,0.8968,0.903282,0.904563,0.902875,0.900066,0.896661,0.901799,0.903573,0.899839,0.898536,0.898903,0.899819,0.906897,0.904723,0.908468,0.910734,0.905415,0.903824,0.906055,0.906627,0.90441,0.89551,0.894595,0.894436,0.892054,0.892285,0.891001,0.882388,0.880496,0.900131,0.905135,0.90828,0.910887,0.913546,0.918336,0.922597,0.925989,0.924457,0.922769,0.937629,0.936285,0.934335,0.944966,0.944356,0.9237,0.919494,0.918676,0.916019,0.90786,0.903615,0.913031,0.912612,0.91802,0.917915,0.903804,0.89835,0.89678,0.8829,0.883893,0.896587,0.902184,0.907581,0.90652,0.908062,0.90422,0.888411,0.882471,0.879643,0.875553,0.874067,0.875032,0.876779,0.878766,0.87413,0.860505,0.846103,0.828811,0.829324,0.828314,0.833419,0.834483,0.83451,0.83603,0.840119,0.84552,0.847647,0.848629,0.855198,0.856805,0.858429,0.860312,0.860929,0.855048,0.850288,0.841931,0.836443,0.828382,0.828524,0.820832,0.810911,0.805382,0.79808,0.786356,0.781043,0.773335,0.772622,0.773101,0.776769,0.776778,0.776495,0.776396,0.785059,0.777937,0.786784,0.789241
CRW,Argentina,0.952334,0.00952761,0.952168,0.954393,0.954904,0.943761,0.947124,0.943992,0.942245,0.942545,0.937588,0.942227,0.940468,0.943341,0.941029,0.943353,0.946987,0.949614,0.953639,0.955553,0.956449,0.957758,0.970754,0.973597,0.97752,0.981561,0.980248,0.982032,0.983225,0.990099,1.005097,1.016256,1.027903,1.039357,1.053047,1.058248,1.057538,1.05293,1.057094,1.056601,1.058176,1.063108,1.063053,1.063415,1.060474,1.050534,1.040959,1.030372,1.023402,1.0132,1.009949,1.014188,1.016299,1.018413,1.022742,1.018319,1.017087,1.021195,1.028089,1.043111,1.044447,1.046208,1.053369,1.057035,1.061603,1.064833,1.085721,1.096359,1.108604,1.12355,1.133687,1.141111,1.145182,1.145834,1.142789,1.152008,1.155768,1.149859,1.150128,1.139378,1.133129,1.118839,1.107456,1.089884,1.058848,1.048271,1.052348,1.050058,1.050444,1.045161,1.041036,1.036809,1.042012,1.046392,1.039896,1.025871,1.015751,1.017062,1.007132,1.011339,1.005706,0.991444,0.977624,0.964528,0.955928,0.950287,0.950998,0.94673,0.949565,0.96173,0.980636,0.99908,0.994481,0.993832,0.99026,0.979793,0.967241,0.960462,0.972645,0.98191,0.98529,0.988374,0.981381,0.971025,0.960946,0.949364,0.936887,0.932174,0.926261,0.917674,0.91485,0.912103,0.906115,0.876496,0.863371,0.859931,0.852335,0.845532,0.821309,0.813738,0.82033,0.825315,0.814573,0.807015,0.806257,0.825797,0.84095,0.851913,0.848125,0.843344,0.83927,0.837826,0.836751,0.836051,0.832547,0.832208,0.830544,0.83132,0.82618,0.822899,0.817479,0.818007,0.810297,0.807644,0.806457,0.808848,0.810307,0.809336,0.809605,0.810335,0.806724,0.803246,0.806389,0.808344,0.808688,0.807953,0.808496,0.808259,0.81016,0.809665,0.801367,0.799936,0.800051,0.799322,0.800511,0.803615,0.807541,0.8109,0.812243,0.812529,0.811604,0.811131,0.812766,0.814441,0.815113,0.817207,0.817076,0.818318,0.82061,0.822862,0.822262,0.816598,0.820081,0.823267,0.828064,0.828827,0.82834,0.829498,0.833619,0.837606,0.841643,0.848042,0.851503,0.855342,0.853433,0.855186,0.854034,0.852488,0.851873,0.851678,0.854417,0.856469,0.857864,0.858169,0.856577,0.85676,0.849199,0.845938,0.852867,0.854482,0.855939,0.858044,0.863614,0.873502,0.874644,0.872334,0.8762,0.882774,0.884748,0.887505,0.888877,0.890232,0.892251,0.888556,0.883972,0.88207,0.889412,0.890943,0.889861,0.887357,0.887357,0.884821,0.882118,0.878172,0.874404,0.875973,0.878983,0.883921,0.887387,0.891239,0.947531,0.96381,0.965003,0.968433,0.969855,0.981984,0.985809,0.988937,0.986873,0.981224,0.977026,0.967326,0.969504,0.967913,0.967795,0.971417,0.978754,0.983325,0.981386,0.982966,0.980206,0.974545,0.963569,0.963289,0.966627,0.963397,0.967533,0.96061,0.957247,0.952332,0.949603,0.950558,0.945523,0.943432,0.94452,0.938953,0.956031,0.95888,0.957125,0.964512,0.962195,0.961307,0.962429,0.965003,0.968421,0.967456,0.95754,0.95544,0.951704,0.947417,0.941414,0.928499,0.925931,0.925686,0.908528,0.908591,0.908383,0.908041,0.906883,0.903972,0.897377,0.894665,0.910866,0.910219,0.906184,0.906401,0.90888,0.906278,0.903877,0.904171,0.89975,0.895513,0.891491,0.89022,0.890792,0.894413,0.897756,0.882521,0.884152,0.885047,0.88551,0.883962,0.884453,0.886358,0.907493,0.907889,0.911719,0.916014,0.915032,0.915182,0.913264,0.914629,0.919552,0.921089,0.920591,0.932261,0.933604,0.938456,0.944855,0.943223,0.945749,0.944356,0.948593,0.949343,0.951417,0.952334,0.952761,0.952168,0.954393,0.954904,0.943761,0.947124,0.943992,0.942245,0.942545,0.937588,0.942227,0.940468,0.943341,0.941029,0.943353,0.946987,0.949614,0.953639,0.955553,0.956449,0.957758,0.970754,0.973597,0.97752,0.981561,0.980248,0.982032,0.983225,0.990099,1.005097,1.016256,1.027903,1.039357,1.053047,1.058248,1.057538,1.05293,1.057094,1.056601,1.058176,1.063108,1.063053,1.063415,1.060474,1.050534,1.040959,1.030372,1.023402,1.0132,1.009949,1.014188,1.016299,1.018413,1.022742,1.018319,1.017087,1.021195,1.028089,1.043111,1.044447,1.046208,1.053369,1.057035,1.061603,1.064833,1.085721,1.096359,1.108604,1.12355,1.133687,1.141111,1.145182,1.145834,1.142789,1.152008,1.155768,1.149859,1.150128,1.139378,1.133129,1.118839,1.107456,1.089884,1.058848,1.048271,1.052348,1.050058,1.050444,1.045161,1.041036,1.036809,1.042012,1.046392,1.039896,1.025871,1.015751,1.017062,1.007132,1.011339,1.005706,0.991444,0.977624,0.964528,0.955928,0.950287,0.950998,0.94673,0.949565,0.96173,0.980636,0.99908,0.994481,0.993832,0.99026,0.979793,0.967241,0.960462,0.972645,0.98191,0.98529,0.988374,0.981381,0.971025,0.960946,0.949364,0.936887,0.932174,0.926261,0.917674,0.91485,0.912103,0.906115,0.876496,0.863371,0.859931,0.852335,0.845532,0.821309,0.813738,0.82033,0.825315,0.814573,0.807015,0.806257,0.825797,0.84095,0.851913,0.848125,0.843344,0.83927,0.837826,0.836751,0.836051,0.832547,0.832208,0.830544,0.83132,0.82618,0.822899,0.817479,0.818007,0.810297,0.807644,0.806457,0.808848,0.810307,0.809336,0.809605,0.810335,0.806724,0.803246,0.806389,0.808344,0.808688,0.807953,0.808496,0.808259,0.81016,0.809665,0.801367,0.799936,0.800051,0.799322,0.800511,0.803615,0.807541,0.8109,0.812243,0.812529,0.811604,0.811131,0.812766,0.814441,0.815113,0.817207,0.817076,0.818318,0.82061,0.822862,0.822262,0.816598,0.820081,0.823267,0.828064,0.828827,0.82834,0.829498,0.833619,0.837606,0.841643,0.848042,0.851503,0.855342,0.853433,0.855186,0.854034,0.852488,0.851873,0.851678,0.854417,0.856469,0.857864,0.858169,0.856577,0.85676,0.849199,0.845938,0.852867,0.854482,0.855939,0.858044,0.863614,0.873502,0.874644,0.872334,0.8762,0.882774,0.884748,0.887505,0.888877,0.890232,0.892251,0.888556,0.883972,0.88207,0.889412,0.890943,0.889861,0.887357,0.887357,0.884821,0.882118,0.878172,0.874404,0.875973,0.878983,0.883921,0.887387,0.891239,0.947531,0.96381,0.965003,0.968433,0.969855,0.981984,0.985809,0.988937,0.986873,0.981224,0.977026,0.967326,0.969504,0.967913,0.967795,0.971417,0.978754,0.983325,0.981386,0.982966,0.980206,0.974545,0.963569,0.963289,0.966627,0.963397,0.967533,0.96061,0.957247,0.952332,0.949603,0.950558,0.945523,0.943432,0.94452,0.938953,0.956031,0.95888,0.957125,0.964512,0.962195,0.961307,0.962429,0.965003,0.968421,0.967456,0.95754,0.95544,0.951704,0.947417,0.941414,0.928499,0.925931,0.925686,0.908528,0.908591,0.908383,0.908041,0.906883,0.903972,0.897377,0.894665,0.910866,0.910219,0.906184,0.906401,0.90888,0.906278,0.903877,0.904171,0.89975,0.895513,0.891491,0.89022,0.890792,0.894413,0.897756,0.882521,0.884152,0.885047,0.88551,0.883962,0.884453,0.886358,0.907493,0.907889,0.911719,0.916014,0.915032,0.915182,0.913264,0.914629,0.919552,0.921089,0.920591,0.932261,0.933604,0.938456,0.944855,0.943223,0.945749,0.944356,0.948593,0.949343,0.951417
CRW,Armenia,0.845138,0.00845534,0.845917,0.846139,0.847436,0.849917,0.850274,0.850924,0.84944,0.85058,0.851866,0.86268,0.866679,0.869449,0.872702,0.876597,0.880209,0.881469,0.883689,0.885764,0.888375,0.89244,0.895214,0.898965,0.901767,0.90651,0.898407,0.900988,0.9036,0.905315,0.909059,0.913456,0.917498,0.920768,0.92342,0.925961,0.926258,0.926465,0.925514,0.928482,0.938002,0.943728,0.943546,0.942125,0.944559,0.943965,0.944282,0.943332,0.943034,0.943504,0.942521,0.943734,0.944792,0.946924,0.946898,0.943308,0.935882,0.933918,0.935408,0.929822,0.929799,0.929016,0.929524,0.930307,0.931002,0.931463,0.929099,0.928547,0.929863,0.932411,0.932978,0.934162,0.936453,0.941563,0.943796,0.945443,0.948877,0.951951,0.953713,0.954888,0.957086,0.962521,0.966029,0.973153,0.975011,0.97928,0.982494,0.983408,0.982323,0.982007,0.981958,0.981488,0.982882,0.982509,0.987625,0.988482,0.987698,0.988293,0.981679,0.979321,0.977034,0.973106,0.980691,0.977854,0.974895,0.974715,0.971533,0.965362,0.966745,0.965143,0.970421,0.971331,0.97157,0.973627,0.976129,0.976038,0.979364,0.976361,0.975538,0.974358,0.968964,0.964062,0.960747,0.953191,0.945892,0.929808,0.929185,0.923675,0.91667,0.904787,0.896722,0.890487,0.8852,0.88032,0.876063,0.87365,0.872625,0.872572,0.871962,0.870271,0.87083,0.860689,0.857411,0.854059,0.853828,0.852769,0.849272,0.854556,0.854389,0.858929,0.858027,0.8581,0.85641,0.855978,0.854091,0.851932,0.851521,0.852547,0.854644,0.859454,0.858803,0.859643,0.857934,0.857401,0.853231,0.854656,0.854645,0.853969,0.853322,0.852239,0.85178,0.851153,0.849944,0.847203,0.834978,0.834916,0.835253,0.835168,0.835459,0.834696,0.833187,0.832395,0.833995,0.834417,0.836251,0.838069,0.839932,0.841295,0.842307,0.842469,0.841608,0.841486,0.841035,0.840629,0.84003,0.851814,0.85258,0.852585,0.853129,0.854109,0.852379,0.852277,0.852435,0.852643,0.854007,0.85521,0.85535,0.857283,0.858904,0.84774,0.846658,0.845181,0.845975,0.846099,0.847068,0.851932,0.85221,0.852254,0.854225,0.85638,0.8574,0.856917,0.856807,0.858159,0.859454,0.864673,0.872587,0.875064,0.877196,0.87818,0.878755,0.884366,0.901916,0.8956,0.889647,0.888394,0.892184,0.88955,0.887373,0.891254,0.897413,0.901504,0.907014,0.910993,0.914678,0.908935,0.898929,0.883436,0.883519,0.8807,0.879251,0.883387,0.89409,0.90258,0.906579,0.90776,0.906061,0.898013,0.890244,0.893095,0.895072,0.895585,0.896642,0.88507,0.882062,0.883887,0.87068,0.852869,0.839925,0.828296,0.817862,0.814715,0.810814,0.80443,0.790095,0.779139,0.772304,0.772043,0.777527,0.781863,0.781144,0.773852,0.769288,0.759326,0.757276,0.760563,0.75914,0.756674,0.761992,0.769788,0.780044,0.791411,0.791197,0.789032,0.787093,0.782071,0.788539,0.788099,0.792957,0.79442,0.79124,0.785437,0.786305,0.782309,0.773716,0.76552,0.753658,0.749768,0.75119,0.75277,0.751406,0.748777,0.760208,0.774408,0.783349,0.800138,0.806884,0.811353,0.818173,0.824456,0.831892,0.852203,0.85049,0.847506,0.845035,0.843108,0.842405,0.842033,0.840108,0.841395,0.836284,0.836849,0.837017,0.834488,0.834126,0.833151,0.817598,0.817133,0.817398,0.816366,0.816766,0.816854,0.815996,0.815235,0.81362,0.81513,0.815895,0.81746,0.818611,0.819085,0.818363,0.818306,0.82002,0.821763,0.822734,0.823367,0.825364,0.827645,0.831107,0.833155,0.834443,0.836489,0.837274,0.839893,0.843381,0.845138,0.845534,0.845917,0.846139,0.847436,0.849917,0.850274,0.850924,0.84944,0.85058,0.851866,0.86268,0.866679,0.869449,0.872702,0.876597,0.880209,0.881469,0.883689,0.885764,0.888375,0.89244,0.895214,0.898965,0.901767,0.90651,0.898407,0.900988,0.9036,0.905315,0.909059,0.913456,0.917498,0.920768,0.92342,0.925961,0.926258,0.926465,0.925514,0.928482,0.938002,0.943728,0.943546,0.942125,0.944559,0.943965,0.944282,0.943332,0.943034,0.943504,0.942521,0.943734,0.944792,0.946924,0.946898,0.943308,0.935882,0.933918,0.935408,0.929822,0.929799,0.929016,0.929524,0.930307,0.931002,0.931463,0.929099,0.928547,0.929863,0.932411,0.932978,0.934162,0.936453,0.941563,0.943796,0.945443,0.948877,0.951951,0.953713,0.954888,0.957086,0.962521,0.966029,0.973153,0.975011,0.97928,0.982494,0.983408,0.982323,0.982007,0.981958,0.981488,0.982882,0.982509,0.987625,0.988482,0.987698,0.988293,0.981679,0.979321,0.977034,0.973106,0.980691,0.977854,0.974895,0.974715,0.971533,0.965362,0.966745,0.965143,0.970421,0.971331,0.97157,0.973627,0.976129,0.976038,0.979364,0.976361,0.975538,0.974358,0.968964,0.964062,0.960747,0.953191,0.945892,0.929808,0.929185,0.923675,0.91667,0.904787,0.896722,0.890487,0.8852,0.88032,0.876063,0.87365,0.872625,0.872572,0.871962,0.870271,0.87083,0.860689,0.857411,0.854059,0.853828,0.852769,0.849272,0.854556,0.854389,0.858929,0.858027,0.8581,0.85641,0.855978,0.854091,0.851932,0.851521,0.852547,0.854644,0.859454,0.858803,0.859643,0.857934,0.857401,0.853231,0.854656,0.854645,0.853969,0.853322,0.852239,0.85178,0.851153,0.849944,0.847203,0.834978,0.834916,0.835253,0.835168,0.835459,0.834696,0.833187,0.832395,0.833995,0.834417,0.836251,0.838069,0.839932,0.841295,0.842307,0.842469,0.841608,0.841486,0.841035,0.840629,0.84003,0.851814,0.85258,0.852585,0.853129,0.854109,0.852379,0.852277,0.852435,0.852643,0.854007,0.85521,0.85535,0.857283,0.858904,0.84774,0.846658,0.845181,0.845975,0.846099,0.847068,0.851932,0.85221,0.852254,0.854225,0.85638,0.8574,0.856917,0.856807,0.858159,0.859454,0.864673,0.872587,0.875064,0.877196,0.87818,0.878755,0.884366,0.901916,0.8956,0.889647,0.888394,0.892184,0.88955,0.887373,0.891254,0.897413,0.901504,0.907014,0.910993,0.914678,0.908935,0.898929,0.883436,0.883519,0.8807,0.879251,0.883387,0.89409,0.90258,0.906579,0.90776,0.906061,0.898013,0.890244,0.893095,0.895072,0.895585,0.896642,0.88507,0.882062,0.883887,0.87068,0.852869,0.839925,0.828296,0.817862,0.814715,0.810814,0.80443,0.790095,0.779139,0.772304,0.772043,0.777527,0.781863,0.781144,0.773852,0.769288,0.759326,0.757276,0.760563,0.75914,0.756674,0.761992,0.769788,0.780044,0.791411,0.791197,0.789032,0.787093,0.782071,0.788539,0.788099,0.792957,0.79442,0.79124,0.785437,0.786305,0.782309,0.773716,0.76552,0.753658,0.749768,0.75119,0.75277,0.751406,0.748777,0.760208,0.774408,0.783349,0.800138,0.806884,0.811353,0.818173,0.824456,0.831892,0.852203,0.85049,0.847506,0.845035,0.843108,0.842405,0.842033,0.840108,0.841395,0.836284,0.836849,0.837017,0.834488,0.834126,0.833151,0.817598,0.817133,0.817398,0.816366,0.816766,0.816854,0.815996,0.815235,0.81362,0.81513,0.815895,0.81746,0.818611,0.819085,0.818363,0.818306,0.82002,0.821763,0.822734,0.823367,0.825364,0.827645,0.831107,0.833155,0.834443,0.836489,0.837274,0.839893,0.843381
CRW,Australia,0.8735,0.008710329999999999,0.870859,0.872285,0.869676,0.866168,0.869016,0.870832,0.876167,0.875271,0.872997,0.875102,0.879479,0.88434,0.88612,0.886512,0.8891,0.891307,0.893696,0.896012,0.899742,0.902208,0.903307,0.903066,0.905609,0.907256,0.910866,0.91287,0.91198,0.914943,0.920268,0.925008,0.929676,0.933215,0.935606,0.936381,0.938986,0.942377,0.947772,0.956947,0.962055,0.957901,0.958142,0.959221,0.957869,0.956479,0.95598,0.956931,0.960102,0.963005,0.966427,0.964859,0.963105,0.959912,0.956115,0.956493,0.962827,0.968101,0.974448,0.982861,0.991409,0.998051,0.998596,1.001364,1.004808,1.00842,1.013141,1.018578,1.016766,1.015379,1.014949,1.015022,1.01384,1.012791,1.013654,1.01571,1.019153,1.019915,1.019767,1.017246,1.024024,1.028434,1.031352,1.034365,1.039457,1.046338,1.048889,1.049665,1.054793,1.046612,1.038372,1.033096,1.031942,1.033006,1.031108,1.025905,1.021213,1.017077,1.013932,1.011088,1.009609,1.010158,1.012558,1.004428,1.002866,1.010311,1.017068,1.023907,1.024802,1.02517,1.032871,1.031538,1.025993,1.02282,1.017837,1.007468,0.997739,0.984127,0.974517,0.969038,0.963031,0.955556,0.947129,0.941074,0.93717,0.921567,0.914941,0.91331,0.904208,0.894464,0.890943,0.888124,0.887171,0.885325,0.890206,0.896935,0.895736,0.894503,0.892564,0.893836,0.89106,0.889664,0.888154,0.887258,0.886811,0.886771,0.884389,0.88397,0.882656,0.87921,0.867499,0.864832,0.862779,0.862142,0.855764,0.852275,0.850526,0.849393,0.84515,0.842792,0.838639,0.834772,0.831665,0.82987,0.828662,0.829024,0.830045,0.828289,0.823685,0.823531,0.823911,0.822894,0.821065,0.82167,0.819334,0.819928,0.821656,0.820968,0.821501,0.82173,0.822156,0.821926,0.823263,0.825108,0.825292,0.823821,0.823728,0.824583,0.82516,0.826057,0.827621,0.828935,0.831297,0.833571,0.835939,0.83695,0.838368,0.839995,0.843194,0.84627,0.85335,0.855457,0.85656,0.858754,0.860884,0.861521,0.865029,0.867196,0.868503,0.868636,0.867923,0.868155,0.870604,0.874201,0.874342,0.870569,0.871123,0.877913,0.881647,0.886016,0.890489,0.891163,0.893136,0.896758,0.901948,0.909812,0.915173,0.918742,0.924791,0.927218,0.928574,0.928996,0.927417,0.92765,0.92562,0.922481,0.922127,0.922736,0.922134,0.916804,0.909257,0.906817,0.908347,0.909747,0.915836,0.920457,0.924506,0.92628,0.926266,0.929892,0.940341,0.942315,0.943054,0.942555,0.94424,0.947634,0.948046,0.945938,0.9451,0.938668,0.935004,0.931736,0.931042,0.929178,0.929149,0.926725,0.92787,0.926618,0.926159,0.923525,0.921224,0.916809,0.915978,0.913382,0.913625,0.914553,0.915843,0.9168,0.919181,0.916072,0.912836,0.916893,0.919842,0.921902,0.92485,0.924052,0.922706,0.922214,0.921753,0.92039,0.922673,0.925117,0.928654,0.92959,0.930872,0.931167,0.927219,0.924055,0.920839,0.91482,0.91436,0.914599,0.915566,0.913778,0.913038,0.912119,0.909944,0.907657,0.910256,0.912247,0.912452,0.915405,0.916559,0.913414,0.913211,0.909907,0.905996,0.902411,0.900002,0.900465,0.899659,0.89932,0.900574,0.899757,0.896903,0.89285,0.885805,0.878748,0.877466,0.879264,0.897335,0.899706,0.899272,0.8985,0.896656,0.896661,0.894972,0.89402,0.892888,0.890835,0.890378,0.891175,0.889557,0.887273,0.884345,0.873168,0.866483,0.866375,0.866463,0.864,0.861174,0.862609,0.861919,0.860046,0.863291,0.865483,0.8651,0.86598,0.864718,0.865323,0.866353,0.867992,0.869033,0.869415,0.870888,0.8735,0.871033,0.870859,0.872285,0.869676,0.866168,0.869016,0.870832,0.876167,0.875271,0.872997,0.875102,0.879479,0.88434,0.88612,0.886512,0.8891,0.891307,0.893696,0.896012,0.899742,0.902208,0.903307,0.903066,0.905609,0.907256,0.910866,0.91287,0.91198,0.914943,0.920268,0.925008,0.929676,0.933215,0.935606,0.936381,0.938986,0.942377,0.947772,0.956947,0.962055,0.957901,0.958142,0.959221,0.957869,0.956479,0.95598,0.956931,0.960102,0.963005,0.966427,0.964859,0.963105,0.959912,0.956115,0.956493,0.962827,0.968101,0.974448,0.982861,0.991409,0.998051,0.998596,1.001364,1.004808,1.00842,1.013141,1.018578,1.016766,1.015379,1.014949,1.015022,1.01384,1.012791,1.013654,1.01571,1.019153,1.019915,1.019767,1.017246,1.024024,1.028434,1.031352,1.034365,1.039457,1.046338,1.048889,1.049665,1.054793,1.046612,1.038372,1.033096,1.031942,1.033006,1.031108,1.025905,1.021213,1.017077,1.013932,1.011088,1.009609,1.010158,1.012558,1.004428,1.002866,1.010311,1.017068,1.023907,1.024802,1.02517,1.032871,1.031538,1.025993,1.02282,1.017837,1.007468,0.997739,0.984127,0.974517,0.969038,0.963031,0.955556,0.947129,0.941074,0.93717,0.921567,0.914941,0.91331,0.904208,0.894464,0.890943,0.888124,0.887171,0.885325,0.890206,0.896935,0.895736,0.894503,0.892564,0.893836,0.89106,0.889664,0.888154,0.887258,0.886811,0.886771,0.884389,0.88397,0.882656,0.87921,0.867499,0.864832,0.862779,0.862142,0.855764,0.852275,0.850526,0.849393,0.84515,0.842792,0.838639,0.834772,0.831665,0.82987,0.828662,0.829024,0.830045,0.828289,0.823685,0.823531,0.823911,0.822894,0.821065,0.82167,0.819334,0.819928,0.821656,0.820968,0.821501,0.82173,0.822156,0.821926,0.823263,0.825108,0.825292,0.823821,0.823728,0.824583,0.82516,0.826057,0.827621,0.828935,0.831297,0.833571,0.835939,0.83695,0.838368,0.839995,0.843194,0.84627,0.85335,0.855457,0.85656,0.858754,0.860884,0.861521,0.865029,0.867196,0.868503,0.868636,0.867923,0.868155,0.870604,0.874201,0.874342,0.870569,0.871123,0.877913,0.881647,0.886016,0.890489,0.891163,0.893136,0.896758,0.901948,0.909812,0.915173,0.918742,0.924791,0.927218,0.928574,0.928996,0.927417,0.92765,0.92562,0.922481,0.922127,0.922736,0.922134,0.916804,0.909257,0.906817,0.908347,0.909747,0.915836,0.920457,0.924506,0.92628,0.926266,0.929892,0.940341,0.942315,0.943054,0.942555,0.94424,0.947634,0.948046,0.945938,0.9451,0.938668,0.935004,0.931736,0.931042,0.929178,0.929149,0.926725,0.92787,0.926618,0.926159,0.923525,0.921224,0.916809,0.915978,0.913382,0.913625,0.914553,0.915843,0.9168,0.919181,0.916072,0.912836,0.916893,0.919842,0.921902,0.92485,0.924052,0.922706,0.922214,0.921753,0.92039,0.922673,0.925117,0.928654,0.92959,0.930872,0.931167,0.927219,0.924055,0.920839,0.91482,0.91436,0.914599,0.915566,0.913778,0.913038,0.912119,0.909944,0.907657,0.910256,0.912247,0.912452,0.915405,0.916559,0.913414,0.913211,0.909907,0.905996,0.902411,0.900002,0.900465,0.899659,0.89932,0.900574,0.899757,0.896903,0.89285,0.885805,0.878748,0.877466,0.879264,0.897335,0.899706,0.899272,0.8985,0.896656,0.896661,0.894972,0.89402,0.892888,0.890835,0.890378,0.891175,0.889557,0.887273,0.884345,0.873168,0.866483,0.866375,0.866463,0.864,0.861174,0.862609,0.861919,0.860046,0.863291,0.865483,0.8651,0.86598,0.864718,0.865323,0.866353,0.867992,0.869033,0.869415,0.870888
CRW,Austria,0.897991,0.008997459999999999,0.899266,0.900028,0.901453,0.902398,0.911005,0.914033,0.917481,0.917608,0.925088,0.927374,0.931696,0.934503,0.945237,0.947108,0.947466,0.948761,0.952294,0.954294,0.959376,0.963601,0.981683,0.982061,0.981936,0.979024,0.982245,0.984903,0.9897,0.995005,0.996379,1.000172,1.005697,1.008623,1.008389,1.005144,0.99933,0.975256,0.975742,0.980159,0.984434,0.987096,0.990817,0.994185,0.990262,0.989312,0.993847,0.993994,0.992594,0.99787,1.002873,1.009143,1.011468,1.011732,1.007777,1.003477,1.002742,0.998453,0.996539,0.993804,1.006961,0.998002,1.007306,1.012096,1.013928,1.014405,1.018317,1.027164,1.033152,1.03951,1.047261,1.048415,1.049833,1.051587,1.055477,1.052763,1.05773,1.045367,1.042531,1.030211,1.026677,1.026649,1.018922,1.01117,1.002786,0.996962,0.99426,0.993767,0.997302,0.998054,0.999932,0.999203,1.000109,1.001033,1.000999,0.999316,0.994104,0.992101,0.992787,0.991914,0.988679,0.986292,0.981156,0.978712,0.983853,0.978093,0.979084,0.979482,0.977906,0.977031,0.977797,0.975932,0.97849,0.982093,0.983173,0.981977,0.982644,0.98292,0.977576,0.967848,0.96703,0.962899,0.960129,0.957001,0.957274,0.95792,0.954286,0.948777,0.941474,0.938791,0.936739,0.935851,0.939452,0.940072,0.940301,0.938293,0.939686,0.936983,0.936374,0.931809,0.927955,0.927161,0.92326,0.921495,0.919433,0.921451,0.922959,0.918151,0.916029,0.911515,0.907188,0.905862,0.907573,0.910999,0.915115,0.916701,0.920048,0.920938,0.918848,0.916616,0.916138,0.914766,0.91386,0.915058,0.916236,0.916754,0.902157,0.89663,0.888278,0.880199,0.873499,0.867728,0.867059,0.866927,0.865527,0.870124,0.867627,0.867266,0.865838,0.865075,0.864046,0.865232,0.864407,0.861775,0.86888,0.871053,0.869887,0.86634,0.864683,0.864361,0.859856,0.871991,0.872651,0.869723,0.86839,0.865317,0.869246,0.870905,0.873741,0.87239,0.872579,0.873695,0.874141,0.875541,0.877778,0.875934,0.875641,0.874782,0.874792,0.87541,0.868933,0.863741,0.864585,0.865492,0.866341,0.86613,0.8648,0.861226,0.856622,0.853927,0.852703,0.852448,0.855524,0.85552,0.854628,0.854026,0.853964,0.848161,0.842257,0.842416,0.844814,0.846185,0.846383,0.84535,0.845162,0.841712,0.839917,0.835741,0.834772,0.836614,0.840192,0.846354,0.846801,0.852815,0.860309,0.858998,0.85698,0.856703,0.858649,0.857253,0.857976,0.858396,0.856321,0.85494,0.854509,0.854694,0.852517,0.852247,0.848734,0.833825,0.830725,0.831504,0.83237,0.84411,0.849533,0.850206,0.850157,0.852934,0.853405,0.855199,0.855002,0.855933,0.855802,0.855749,0.855698,0.855126,0.8549,0.854453,0.85252,0.849178,0.846942,0.846939,0.844562,0.840068,0.850761,0.853584,0.852898,0.853267,0.852996,0.85507,0.85637,0.855572,0.857644,0.855033,0.855415,0.85587,0.856398,0.857023,0.856616,0.849268,0.846462,0.846139,0.847666,0.848617,0.845315,0.841718,0.841458,0.838721,0.838589,0.835043,0.834962,0.833722,0.833797,0.825101,0.819208,0.837267,0.83975,0.83899,0.83927,0.840004,0.847074,0.849113,0.857351,0.85881,0.860656,0.863928,0.865665,0.866598,0.867954,0.87042,0.869353,0.870667,0.872789,0.875104,0.878078,0.877027,0.877893,0.856557,0.856644,0.857009,0.85663,0.860619,0.86041,0.861323,0.860936,0.864932,0.8668,0.866447,0.870707,0.870467,0.869747,0.871465,0.876539,0.880549,0.883963,0.887526,0.887134,0.890422,0.893301,0.900168,0.901668,0.901092,0.901119,0.896224,0.897178,0.897991,0.899746,0.899266,0.900028,0.901453,0.902398,0.911005,0.914033,0.917481,0.917608,0.925088,0.927374,0.931696,0.934503,0.945237,0.947108,0.947466,0.948761,0.952294,0.954294,0.959376,0.963601,0.981683,0.982061,0.981936,0.979024,0.982245,0.984903,0.9897,0.995005,0.996379,1.000172,1.005697,1.008623,1.008389,1.005144,0.99933,0.975256,0.975742,0.980159,0.984434,0.987096,0.990817,0.994185,0.990262,0.989312,0.993847,0.993994,0.992594,0.99787,1.002873,1.009143,1.011468,1.011732,1.007777,1.003477,1.002742,0.998453,0.996539,0.993804,1.006961,0.998002,1.007306,1.012096,1.013928,1.014405,1.018317,1.027164,1.033152,1.03951,1.047261,1.048415,1.049833,1.051587,1.055477,1.052763,1.05773,1.045367,1.042531,1.030211,1.026677,1.026649,1.018922,1.01117,1.002786,0.996962,0.99426,0.993767,0.997302,0.998054,0.999932,0.999203,1.000109,1.001033,1.000999,0.999316,0.994104,0.992101,0.992787,0.991914,0.988679,0.986292,0.981156,0.978712,0.983853,0.978093,0.979084,0.979482,0.977906,0.977031,0.977797,0.975932,0.97849,0.982093,0.983173,0.981977,0.982644,0.98292,0.977576,0.967848,0.96703,0.962899,0.960129,0.957001,0.957274,0.95792,0.954286,0.948777,0.941474,0.938791,0.936739,0.935851,0.939452,0.940072,0.940301,0.938293,0.939686,0.936983,0.936374,0.931809,0.927955,0.927161,0.92326,0.921495,0.919433,0.921451,0.922959,0.918151,0.916029,0.911515,0.907188,0.905862,0.907573,0.910999,0.915115,0.916701,0.920048,0.920938,0.918848,0.916616,0.916138,0.914766,0.91386,0.915058,0.916236,0.916754,0.902157,0.89663,0.888278,0.880199,0.873499,0.867728,0.867059,0.866927,0.865527,0.870124,0.867627,0.867266,0.865838,0.865075,0.864046,0.865232,0.864407,0.861775,0.86888,0.871053,0.869887,0.86634,0.864683,0.864361,0.859856,0.871991,0.872651,0.869723,0.86839,0.865317,0.869246,0.870905,0.873741,0.87239,0.872579,0.873695,0.874141,0.875541,0.877778,0.875934,0.875641,0.874782,0.874792,0.87541,0.868933,0.863741,0.864585,0.865492,0.866341,0.86613,0.8648,0.861226,0.856622,0.853927,0.852703,0.852448,0.855524,0.85552,0.854628,0.854026,0.853964,0.848161,0.842257,0.842416,0.844814,0.846185,0.846383,0.84535,0.845162,0.841712,0.839917,0.835741,0.834772,0.836614,0.840192,0.846354,0.846801,0.852815,0.860309,0.858998,0.85698,0.856703,0.858649,0.857253,0.857976,0.858396,0.856321,0.85494,0.854509,0.854694,0.852517,0.852247,0.848734,0.833825,0.830725,0.831504,0.83237,0.84411,0.849533,0.850206,0.850157,0.852934,0.853405,0.855199,0.855002,0.855933,0.855802,0.855749,0.855698,0.855126,0.8549,0.854453,0.85252,0.849178,0.846942,0.846939,0.844562,0.840068,0.850761,0.853584,0.852898,0.853267,0.852996,0.85507,0.85637,0.855572,0.857644,0.855033,0.855415,0.85587,0.856398,0.857023,0.856616,0.849268,0.846462,0.846139,0.847666,0.848617,0.845315,0.841718,0.841458,0.838721,0.838589,0.835043,0.834962,0.833722,0.833797,0.825101,0.819208,0.837267,0.83975,0.83899,0.83927,0.840004,0.847074,0.849113,0.857351,0.85881,0.860656,0.863928,0.865665,0.866598,0.867954,0.87042,0.869353,0.870667,0.872789,0.875104,0.878078,0.877027,0.877893,0.856557,0.856644,0.857009,0.85663,0.860619,0.86041,0.861323,0.860936,0.864932,0.8668,0.866447,0.870707,0.870467,0.869747,0.871465,0.876539,0.880549,0.883963,0.887526,0.887134,0.890422,0.893301,0.900168,0.901668,0.901092,0.901119,0.896224,0.897178
CRW,Azerbaijan,0.839988,0.00840944,0.840683,0.841733,0.842928,0.841779,0.840436,0.839249,0.838782,0.848923,0.85929,0.875613,0.882911,0.89343,0.899297,0.905581,0.909986,0.915368,0.919954,0.924478,0.928605,0.931232,0.933582,0.938863,0.941726,0.946214,0.937416,0.937114,0.925773,0.925413,0.930962,0.937317,0.941905,0.952175,0.959692,0.962362,0.96666,0.970918,0.970277,0.966894,0.962584,0.963895,0.964623,0.967128,0.969877,0.968723,0.966395,0.964493,0.969423,0.964728,0.96395,0.962973,0.964562,0.966227,0.967777,0.968909,0.969605,0.972153,0.9727,0.97053,0.969362,0.968688,0.966941,0.950159,0.950613,0.951061,0.949398,0.946418,0.946464,0.947356,0.955304,0.953773,0.954294,0.957647,0.959966,0.966611,0.968403,0.972754,0.972439,0.975361,0.978045,0.983306,0.987257,1.001127,1.00177,1.004402,1.010079,1.008779,1.008488,1.008071,1.006734,1.009212,1.01078,1.013066,1.016339,1.018948,1.018747,1.018167,1.003436,1.001724,0.99329,0.987,0.991302,0.988516,0.985897,0.981202,0.976982,0.974439,0.971379,0.963391,0.970196,0.971167,0.973622,0.974974,0.975574,0.978221,0.979357,0.974965,0.974001,0.975209,0.973463,0.970537,0.965622,0.964265,0.962726,0.947238,0.939906,0.933037,0.928534,0.92481,0.917171,0.913623,0.929105,0.928296,0.924023,0.921655,0.918523,0.917713,0.917243,0.916334,0.916001,0.915594,0.912678,0.908831,0.905406,0.903693,0.901917,0.883763,0.877664,0.879468,0.876713,0.877408,0.875773,0.871648,0.86955,0.866774,0.865399,0.86512,0.863669,0.862189,0.860689,0.856686,0.854718,0.853536,0.8492,0.850674,0.849294,0.849481,0.850874,0.848249,0.845854,0.84207,0.838211,0.837351,0.837345,0.836644,0.83783,0.832837,0.831787,0.832298,0.833435,0.839066,0.839442,0.841319,0.850093,0.854462,0.857879,0.861425,0.863236,0.865935,0.865397,0.865409,0.867621,0.867327,0.865618,0.865379,0.863003,0.861685,0.849837,0.847747,0.847943,0.846729,0.845108,0.84462,0.844263,0.84359,0.841903,0.839862,0.838654,0.835297,0.834344,0.834583,0.835133,0.834218,0.832073,0.831233,0.836203,0.839743,0.838701,0.838245,0.838764,0.844289,0.845237,0.845703,0.846368,0.844301,0.843841,0.844293,0.847249,0.850866,0.85174,0.842489,0.829678,0.821498,0.816856,0.813649,0.803707,0.802205,0.802563,0.801875,0.802949,0.801402,0.80201,0.799301,0.792043,0.781841,0.775955,0.77338,0.775531,0.76904,0.764569,0.776682,0.807444,0.812786,0.816087,0.817,0.817721,0.817926,0.820342,0.826224,0.83189,0.834825,0.833091,0.830947,0.846475,0.856305,0.8473,0.816922,0.816284,0.811761,0.812954,0.812244,0.810204,0.806068,0.807674,0.808972,0.812517,0.815674,0.817602,0.810804,0.798282,0.787903,0.779439,0.771254,0.773359,0.772152,0.769839,0.776391,0.784153,0.787074,0.790022,0.800006,0.797514,0.800924,0.801229,0.806775,0.813336,0.822868,0.828011,0.823465,0.816628,0.815076,0.805252,0.791667,0.778268,0.760262,0.736692,0.729749,0.723916,0.722758,0.722473,0.724253,0.728097,0.735297,0.741081,0.748329,0.755012,0.761,0.767952,0.776676,0.792279,0.800618,0.803017,0.801828,0.802945,0.803143,0.802881,0.803249,0.801226,0.801727,0.803216,0.8019,0.801946,0.803812,0.805513,0.814066,0.821443,0.820518,0.820816,0.819346,0.818577,0.820614,0.822377,0.822513,0.822865,0.823406,0.823742,0.823765,0.824113,0.823438,0.818342,0.810543,0.812421,0.81422,0.815028,0.818687,0.820297,0.822385,0.825952,0.828508,0.83065,0.833393,0.834845,0.836948,0.839494,0.839988,0.840944,0.840683,0.841733,0.842928,0.841779,0.840436,0.839249,0.838782,0.848923,0.85929,0.875613,0.882911,0.89343,0.899297,0.905581,0.909986,0.915368,0.919954,0.924478,0.928605,0.931232,0.933582,0.938863,0.941726,0.946214,0.937416,0.937114,0.925773,0.925413,0.930962,0.937317,0.941905,0.952175,0.959692,0.962362,0.96666,0.970918,0.970277,0.966894,0.962584,0.963895,0.964623,0.967128,0.969877,0.968723,0.966395,0.964493,0.969423,0.964728,0.96395,0.962973,0.964562,0.966227,0.967777,0.968909,0.969605,0.972153,0.9727,0.97053,0.969362,0.968688,0.966941,0.950159,0.950613,0.951061,0.949398,0.946418,0.946464,0.947356,0.955304,0.953773,0.954294,0.957647,0.959966,0.966611,0.968403,0.972754,0.972439,0.975361,0.978045,0.983306,0.987257,1.001127,1.00177,1.004402,1.010079,1.008779,1.008488,1.008071,1.006734,1.009212,1.01078,1.013066,1.016339,1.018948,1.018747,1.018167,1.003436,1.001724,0.99329,0.987,0.991302,0.988516,0.985897,0.981202,0.976982,0.974439,0.971379,0.963391,0.970196,0.971167,0.973622,0.974974,0.975574,0.978221,0.979357,0.974965,0.974001,0.975209,0.973463,0.970537,0.965622,0.964265,0.962726,0.947238,0.939906,0.933037,0.928534,0.92481,0.917171,0.913623,0.929105,0.928296,0.924023,0.921655,0.918523,0.917713,0.917243,0.916334,0.916001,0.915594,0.912678,0.908831,0.905406,0.903693,0.901917,0.883763,0.877664,0.879468,0.876713,0.877408,0.875773,0.871648,0.86955,0.866774,0.865399,0.86512,0.863669,0.862189,0.860689,0.856686,0.854718,0.853536,0.8492,0.850674,0.849294,0.849481,0.850874,0.848249,0.845854,0.84207,0.838211,0.837351,0.837345,0.836644,0.83783,0.832837,0.831787,0.832298,0.833435,0.839066,0.839442,0.841319,0.850093,0.854462,0.857879,0.861425,0.863236,0.865935,0.865397,0.865409,0.867621,0.867327,0.865618,0.865379,0.863003,0.861685,0.849837,0.847747,0.847943,0.846729,0.845108,0.84462,0.844263,0.84359,0.841903,0.839862,0.838654,0.835297,0.834344,0.834583,0.835133,0.834218,0.832073,0.831233,0.836203,0.839743,0.838701,0.838245,0.838764,0.844289,0.845237,0.845703,0.846368,0.844301,0.843841,0.844293,0.847249,0.850866,0.85174,0.842489,0.829678,0.821498,0.816856,0.813649,0.803707,0.802205,0.802563,0.801875,0.802949,0.801402,0.80201,0.799301,0.792043,0.781841,0.775955,0.77338,0.775531,0.76904,0.764569,0.776682,0.807444,0.812786,0.816087,0.817,0.817721,0.817926,0.820342,0.826224,0.83189,0.834825,0.833091,0.830947,0.846475,0.856305,0.8473,0.816922,0.816284,0.811761,0.812954,0.812244,0.810204,0.806068,0.807674,0.808972,0.812517,0.815674,0.817602,0.810804,0.798282,0.787903,0.779439,0.771254,0.773359,0.772152,0.769839,0.776391,0.784153,0.787074,0.790022,0.800006,0.797514,0.800924,0.801229,0.806775,0.813336,0.822868,0.828011,0.823465,0.816628,0.815076,0.805252,0.791667,0.778268,0.760262,0.736692,0.729749,0.723916,0.722758,0.722473,0.724253,0.728097,0.735297,0.741081,0.748329,0.755012,0.761,0.767952,0.776676,0.792279,0.800618,0.803017,0.801828,0.802945,0.803143,0.802881,0.803249,0.801226,0.801727,0.803216,0.8019,0.801946,0.803812,0.805513,0.814066,0.821443,0.820518,0.820816,0.819346,0.818577,0.820614,0.822377,0.822513,0.822865,0.823406,0.823742,0.823765,0.824113,0.823438,0.818342,0.810543,0.812421,0.81422,0.815028,0.818687,0.820297,0.822385,0.825952,0.828508,0.83065,0.833393,0.834845,0.836948,0.839494
CRW,Bahamas,0.748927,0.0074731400000000005,0.745634,0.749039,0.757775,0.742152,0.738078,0.732051,0.733277,0.741294,0.746148,0.755023,0.746336,0.747057,0.751329,0.760374,0.772968,0.775868,0.778458,0.779616,0.787319,0.790175,0.801192,0.801136,0.793114,0.787746,0.79155,0.799415,0.801702,0.802867,0.802738,0.803117,0.804992,0.803431,0.800621,0.798467,0.800349,0.798211,0.800099,0.803412,0.803983,0.798932,0.802831,0.801912,0.802396,0.801766,0.800862,0.801726,0.804714,0.811954,0.814984,0.818501,0.821134,0.819077,0.819129,0.818533,0.819087,0.817113,0.8208,0.827915,0.829996,0.830448,0.832757,0.834282,0.83239,0.833396,0.832754,0.833968,0.836084,0.836308,0.836825,0.835866,0.834433,0.833323,0.825725,0.822095,0.821395,0.820363,0.813356,0.816586,0.818965,0.821718,0.821005,0.822043,0.822624,0.822812,0.824865,0.827691,0.829757,0.831686,0.831359,0.831647,0.832549,0.832498,0.827475,0.82363,0.81658,0.814124,0.811874,0.809001,0.809429,0.809287,0.806866,0.806191,0.805309,0.807734,0.805199,0.802181,0.79792,0.796314,0.798665,0.803683,0.802987,0.802504,0.8031,0.800913,0.79988,0.799547,0.795119,0.793677,0.792074,0.792285,0.789598,0.798146,0.805025,0.804319,0.803174,0.805833,0.810711,0.814358,0.818627,0.823431,0.828311,0.832476,0.833511,0.834299,0.835849,0.844512,0.844898,0.847878,0.853872,0.857047,0.860259,0.859088,0.859693,0.860067,0.863295,0.863367,0.865253,0.870943,0.876697,0.881069,0.87931,0.878366,0.87538,0.873105,0.871324,0.872744,0.875767,0.879735,0.881784,0.877729,0.88374,0.887824,0.89012,0.892344,0.894688,0.893206,0.894534,0.899619,0.906519,0.920337,0.941985,0.945629,0.945421,0.951168,0.958679,0.957167,0.95616,0.954134,0.954995,0.954398,0.965235,0.962069,0.95465,0.952059,0.949671,0.938008,0.933478,0.934744,0.935718,0.943338,0.948787,0.948968,0.948082,0.942744,0.943191,0.938269,0.942291,0.935873,0.930534,0.927257,0.927828,0.925796,0.91999,0.906297,0.906097,0.906549,0.905994,0.906183,0.89658,0.893546,0.900788,0.904996,0.910434,0.920479,0.923827,0.922676,0.928015,0.926343,0.925157,0.902282,0.897483,0.893357,0.893235,0.893625,0.897313,0.891854,0.888839,0.882178,0.866964,0.861163,0.865471,0.860505,0.855619,0.853531,0.852934,0.848053,0.848781,0.856888,0.851676,0.84879,0.845682,0.842768,0.838316,0.846522,0.85665,0.849116,0.84718,0.855955,0.854251,0.850551,0.857567,0.848103,0.837809,0.844791,0.842185,0.843603,0.843052,0.848895,0.837185,0.827682,0.83087,0.828959,0.829437,0.827996,0.834479,0.827118,0.83487,0.836399,0.834543,0.836132,0.835931,0.838494,0.834849,0.839633,0.839858,0.847829,0.845393,0.836074,0.836261,0.839484,0.842768,0.846515,0.853039,0.849256,0.847494,0.843375,0.847647,0.854194,0.851535,0.854553,0.851605,0.850117,0.850281,0.851075,0.846409,0.849227,0.838238,0.831242,0.834056,0.835779,0.839938,0.845829,0.861182,0.859812,0.857361,0.849248,0.849272,0.846066,0.848867,0.855789,0.847451,0.856976,0.857948,0.86092,0.864466,0.862632,0.851892,0.83098,0.829726,0.823945,0.82972,0.835662,0.845753,0.859662,0.857546,0.859021,0.851368,0.847646,0.842631,0.837734,0.84179,0.843514,0.852913,0.856172,0.868248,0.860746,0.8496,0.845135,0.833314,0.823563,0.831157,0.831028,0.834924,0.84353,0.848416,0.852276,0.858031,0.856078,0.85068,0.835273,0.832355,0.8299,0.82038,0.822599,0.823326,0.813525,0.81715,0.808807,0.797193,0.787484,0.783446,0.770765,0.75587,0.748927,0.747314,0.745634,0.749039,0.757775,0.742152,0.738078,0.732051,0.733277,0.741294,0.746148,0.755023,0.746336,0.747057,0.751329,0.760374,0.772968,0.775868,0.778458,0.779616,0.787319,0.790175,0.801192,0.801136,0.793114,0.787746,0.79155,0.799415,0.801702,0.802867,0.802738,0.803117,0.804992,0.803431,0.800621,0.798467,0.800349,0.798211,0.800099,0.803412,0.803983,0.798932,0.802831,0.801912,0.802396,0.801766,0.800862,0.801726,0.804714,0.811954,0.814984,0.818501,0.821134,0.819077,0.819129,0.818533,0.819087,0.817113,0.8208,0.827915,0.829996,0.830448,0.832757,0.834282,0.83239,0.833396,0.832754,0.833968,0.836084,0.836308,0.836825,0.835866,0.834433,0.833323,0.825725,0.822095,0.821395,0.820363,0.813356,0.816586,0.818965,0.821718,0.821005,0.822043,0.822624,0.822812,0.824865,0.827691,0.829757,0.831686,0.831359,0.831647,0.832549,0.832498,0.827475,0.82363,0.81658,0.814124,0.811874,0.809001,0.809429,0.809287,0.806866,0.806191,0.805309,0.807734,0.805199,0.802181,0.79792,0.796314,0.798665,0.803683,0.802987,0.802504,0.8031,0.800913,0.79988,0.799547,0.795119,0.793677,0.792074,0.792285,0.789598,0.798146,0.805025,0.804319,0.803174,0.805833,0.810711,0.814358,0.818627,0.823431,0.828311,0.832476,0.833511,0.834299,0.835849,0.844512,0.844898,0.847878,0.853872,0.857047,0.860259,0.859088,0.859693,0.860067,0.863295,0.863367,0.865253,0.870943,0.876697,0.881069,0.87931,0.878366,0.87538,0.873105,0.871324,0.872744,0.875767,0.879735,0.881784,0.877729,0.88374,0.887824,0.89012,0.892344,0.894688,0.893206,0.894534,0.899619,0.906519,0.920337,0.941985,0.945629,0.945421,0.951168,0.958679,0.957167,0.95616,0.954134,0.954995,0.954398,0.965235,0.962069,0.95465,0.952059,0.949671,0.938008,0.933478,0.934744,0.935718,0.943338,0.948787,0.948968,0.948082,0.942744,0.943191,0.938269,0.942291,0.935873,0.930534,0.927257,0.927828,0.925796,0.91999,0.906297,0.906097,0.906549,0.905994,0.906183,0.89658,0.893546,0.900788,0.904996,0.910434,0.920479,0.923827,0.922676,0.928015,0.926343,0.925157,0.902282,0.897483,0.893357,0.893235,0.893625,0.897313,0.891854,0.888839,0.882178,0.866964,0.861163,0.865471,0.860505,0.855619,0.853531,0.852934,0.848053,0.848781,0.856888,0.851676,0.84879,0.845682,0.842768,0.838316,0.846522,0.85665,0.849116,0.84718,0.855955,0.854251,0.850551,0.857567,0.848103,0.837809,0.844791,0.842185,0.843603,0.843052,0.848895,0.837185,0.827682,0.83087,0.828959,0.829437,0.827996,0.834479,0.827118,0.83487,0.836399,0.834543,0.836132,0.835931,0.838494,0.834849,0.839633,0.839858,0.847829,0.845393,0.836074,0.836261,0.839484,0.842768,0.846515,0.853039,0.849256,0.847494,0.843375,0.847647,0.854194,0.851535,0.854553,0.851605,0.850117,0.850281,0.851075,0.846409,0.849227,0.838238,0.831242,0.834056,0.835779,0.839938,0.845829,0.861182,0.859812,0.857361,0.849248,0.849272,0.846066,0.848867,0.855789,0.847451,0.856976,0.857948,0.86092,0.864466,0.862632,0.851892,0.83098,0.829726,0.823945,0.82972,0.835662,0.845753,0.859662,0.857546,0.859021,0.851368,0.847646,0.842631,0.837734,0.84179,0.843514,0.852913,0.856172,0.868248,0.860746,0.8496,0.845135,0.833314,0.823563,0.831157,0.831028,0.834924,0.84353,0.848416,0.852276,0.858031,0.856078,0.85068,0.835273,0.832355,0.8299,0.82038,0.822599,0.823326,0.813525,0.81715,0.808807,0.797193,0.787484,0.783446,0.770765,0.75587
CRW,Bahrain,0.697948,0.00697937,0.694571,0.695023,0.698829,0.699213,0.699462,0.698686,0.699327,0.697848,0.697004,0.699104,0.699533,0.701106,0.699434,0.709775,0.714614,0.721412,0.725111,0.729051,0.737028,0.746269,0.756363,0.76579,0.775549,0.780984,0.783856,0.799455,0.836145,0.855688,0.872509,0.874382,0.878923,0.885863,0.887958,0.891197,0.893649,0.893113,0.891553,0.894611,0.896497,0.897886,0.896237,0.875456,0.873043,0.867427,0.865731,0.865964,0.865741,0.88123,0.883458,0.883893,0.886989,0.888268,0.890586,0.888605,0.88859,0.889891,0.893153,0.895479,0.902508,0.907354,0.910979,0.918239,0.916277,0.915127,0.913039,0.913764,0.912617,0.906102,0.900255,0.898324,0.900437,0.90016,0.89641,0.90771,0.909074,0.90858,0.906761,0.905417,0.904036,0.908001,0.910552,0.917136,0.913936,0.917865,0.92436,0.920176,0.918143,0.918827,0.905348,0.901084,0.897788,0.900848,0.900603,0.904381,0.909911,0.910082,0.90543,0.900828,0.895864,0.891738,0.896338,0.895604,0.897319,0.89863,0.900709,0.898555,0.891351,0.887845,0.886914,0.878967,0.876336,0.878184,0.881691,0.882877,0.882945,0.88018,0.877947,0.875384,0.871814,0.869293,0.869961,0.86953,0.869393,0.867702,0.866833,0.862809,0.861978,0.861026,0.858714,0.856482,0.854876,0.858741,0.863963,0.871382,0.873461,0.878527,0.877993,0.877596,0.879743,0.882699,0.884682,0.884872,0.885482,0.887478,0.88689,0.887333,0.886024,0.885207,0.8825,0.893113,0.893235,0.89777,0.895748,0.891329,0.888806,0.888818,0.887794,0.889863,0.890954,0.894517,0.896552,0.904074,0.910138,0.915337,0.917709,0.927218,0.932907,0.942852,0.956306,0.967682,0.978061,0.977571,0.977398,0.981027,0.990375,0.996322,0.996521,0.988724,0.980437,0.973654,0.969086,0.979444,0.995213,0.998064,1.003194,1.005417,1.012868,1.020921,1.027196,1.028523,1.032417,1.034435,1.036333,1.041291,1.038899,1.03991,0.998536,0.985613,0.97627,0.968012,0.965647,0.952331,0.938907,0.918066,0.899261,0.891161,0.885577,0.881316,0.876581,0.866817,0.862838,0.859889,0.852124,0.847033,0.837494,0.823284,0.818265,0.808221,0.80379,0.800412,0.790623,0.782855,0.772084,0.760895,0.753641,0.74428,0.732299,0.723277,0.714503,0.701346,0.692036,0.68241,0.683835,0.687613,0.691071,0.695112,0.697682,0.704935,0.710557,0.714075,0.715666,0.721424,0.734188,0.733358,0.745127,0.75575,0.755309,0.754133,0.748557,0.742371,0.735409,0.725643,0.724349,0.724435,0.719423,0.720984,0.719644,0.711518,0.717279,0.715146,0.715213,0.718775,0.719928,0.721587,0.726488,0.730791,0.738235,0.731275,0.736341,0.740735,0.738954,0.740263,0.739921,0.739121,0.74351,0.747258,0.748237,0.747302,0.749196,0.750258,0.75205,0.74757,0.758451,0.752821,0.749299,0.749049,0.747367,0.75159,0.757351,0.762986,0.759126,0.764195,0.765895,0.764816,0.767588,0.767378,0.770053,0.764542,0.761752,0.76039,0.756194,0.753978,0.750061,0.744079,0.737093,0.7376,0.733728,0.730816,0.73172,0.727827,0.719939,0.715174,0.710186,0.708571,0.706561,0.707508,0.707265,0.700715,0.696936,0.693446,0.689365,0.686848,0.685188,0.681069,0.679234,0.684893,0.68263,0.683532,0.686104,0.687718,0.686737,0.688362,0.689866,0.687896,0.692839,0.692362,0.690831,0.689749,0.686231,0.686557,0.684097,0.686049,0.682474,0.68134,0.68128,0.680651,0.677077,0.679366,0.679475,0.678851,0.682253,0.682661,0.680878,0.682545,0.678525,0.678635,0.677169,0.681008,0.685771,0.689767,0.693624,0.696862,0.699193,0.697948,0.697937,0.694571,0.695023,0.698829,0.699213,0.699462,0.698686,0.699327,0.697848,0.697004,0.699104,0.699533,0.701106,0.699434,0.709775,0.714614,0.721412,0.725111,0.729051,0.737028,0.746269,0.756363,0.76579,0.775549,0.780984,0.783856,0.799455,0.836145,0.855688,0.872509,0.874382,0.878923,0.885863,0.887958,0.891197,0.893649,0.893113,0.891553,0.894611,0.896497,0.897886,0.896237,0.875456,0.873043,0.867427,0.865731,0.865964,0.865741,0.88123,0.883458,0.883893,0.886989,0.888268,0.890586,0.888605,0.88859,0.889891,0.893153,0.895479,0.902508,0.907354,0.910979,0.918239,0.916277,0.915127,0.913039,0.913764,0.912617,0.906102,0.900255,0.898324,0.900437,0.90016,0.89641,0.90771,0.909074,0.90858,0.906761,0.905417,0.904036,0.908001,0.910552,0.917136,0.913936,0.917865,0.92436,0.920176,0.918143,0.918827,0.905348,0.901084,0.897788,0.900848,0.900603,0.904381,0.909911,0.910082,0.90543,0.900828,0.895864,0.891738,0.896338,0.895604,0.897319,0.89863,0.900709,0.898555,0.891351,0.887845,0.886914,0.878967,0.876336,0.878184,0.881691,0.882877,0.882945,0.88018,0.877947,0.875384,0.871814,0.869293,0.869961,0.86953,0.869393,0.867702,0.866833,0.862809,0.861978,0.861026,0.858714,0.856482,0.854876,0.858741,0.863963,0.871382,0.873461,0.878527,0.877993,0.877596,0.879743,0.882699,0.884682,0.884872,0.885482,0.887478,0.88689,0.887333,0.886024,0.885207,0.8825,0.893113,0.893235,0.89777,0.895748,0.891329,0.888806,0.888818,0.887794,0.889863,0.890954,0.894517,0.896552,0.904074,0.910138,0.915337,0.917709,0.927218,0.932907,0.942852,0.956306,0.967682,0.978061,0.977571,0.977398,0.981027,0.990375,0.996322,0.996521,0.988724,0.980437,0.973654,0.969086,0.979444,0.995213,0.998064,1.003194,1.005417,1.012868,1.020921,1.027196,1.028523,1.032417,1.034435,1.036333,1.041291,1.038899,1.03991,0.998536,0.985613,0.97627,0.968012,0.965647,0.952331,0.938907,0.918066,0.899261,0.891161,0.885577,0.881316,0.876581,0.866817,0.862838,0.859889,0.852124,0.847033,0.837494,0.823284,0.818265,0.808221,0.80379,0.800412,0.790623,0.782855,0.772084,0.760895,0.753641,0.74428,0.732299,0.723277,0.714503,0.701346,0.692036,0.68241,0.683835,0.687613,0.691071,0.695112,0.697682,0.704935,0.710557,0.714075,0.715666,0.721424,0.734188,0.733358,0.745127,0.75575,0.755309,0.754133,0.748557,0.742371,0.735409,0.725643,0.724349,0.724435,0.719423,0.720984,0.719644,0.711518,0.717279,0.715146,0.715213,0.718775,0.719928,0.721587,0.726488,0.730791,0.738235,0.731275,0.736341,0.740735,0.738954,0.740263,0.739921,0.739121,0.74351,0.747258,0.748237,0.747302,0.749196,0.750258,0.75205,0.74757,0.758451,0.752821,0.749299,0.749049,0.747367,0.75159,0.757351,0.762986,0.759126,0.764195,0.765895,0.764816,0.767588,0.767378,0.770053,0.764542,0.761752,0.76039,0.756194,0.753978,0.750061,0.744079,0.737093,0.7376,0.733728,0.730816,0.73172,0.727827,0.719939,0.715174,0.710186,0.708571,0.706561,0.707508,0.707265,0.700715,0.696936,0.693446,0.689365,0.686848,0.685188,0.681069,0.679234,0.684893,0.68263,0.683532,0.686104,0.687718,0.686737,0.688362,0.689866,0.687896,0.692839,0.692362,0.690831,0.689749,0.686231,0.686557,0.684097,0.686049,0.682474,0.68134,0.68128,0.680651,0.677077,0.679366,0.679475,0.678851,0.682253,0.682661,0.680878,0.682545,0.678525,0.678635,0.677169,0.681008,0.685771,0.689767,0.693624,0.696862,0.699193
CRW,Bangladesh,0.724148,0.00718101,0.737181,0.752978,0.761866,0.764923,0.771127,0.773998,0.775034,0.776872,0.778722,0.779325,0.781817,0.783722,0.78376,0.779923,0.781677,0.765115,0.761905,0.765242,0.767676,0.766251,0.764256,0.76039,0.757723,0.755454,0.75502,0.755076,0.756188,0.760991,0.767586,0.769983,0.770581,0.762567,0.740286,0.734544,0.733108,0.732381,0.734776,0.738143,0.744733,0.752965,0.758635,0.764986,0.765225,0.769981,0.776068,0.779864,0.781956,0.785931,0.796433,0.806457,0.815439,0.82606,0.827163,0.826632,0.827076,0.829446,0.830475,0.831072,0.832218,0.833162,0.835094,0.836357,0.837796,0.83787,0.840579,0.839967,0.839383,0.840061,0.843691,0.84363,0.841888,0.844998,0.846129,0.845372,0.842592,0.840043,0.839075,0.837096,0.836899,0.834471,0.832091,0.829607,0.826737,0.822055,0.821209,0.820875,0.816422,0.812974,0.81148,0.812647,0.812862,0.811953,0.811628,0.810155,0.810916,0.810903,0.811853,0.81395,0.815578,0.815625,0.816854,0.820461,0.823515,0.825357,0.825863,0.827297,0.828835,0.832246,0.834398,0.83628,0.838928,0.841156,0.841945,0.842051,0.842697,0.841887,0.840621,0.838752,0.837431,0.8373,0.837072,0.837452,0.836374,0.835314,0.835264,0.836525,0.833509,0.828437,0.819845,0.81517,0.812647,0.811883,0.824178,0.826972,0.82733,0.838718,0.841708,0.841709,0.839065,0.835561,0.827587,0.819984,0.818194,0.820698,0.822695,0.821794,0.821561,0.807557,0.801367,0.794068,0.789103,0.791363,0.790446,0.792048,0.787071,0.784007,0.784784,0.777162,0.770554,0.760669,0.774446,0.781737,0.785091,0.788878,0.790167,0.788148,0.783445,0.781545,0.780581,0.784604,0.78676,0.787488,0.791673,0.79146,0.795291,0.791529,0.785848,0.784516,0.779455,0.778136,0.772994,0.771232,0.76743,0.763192,0.754633,0.750415,0.74688,0.74442,0.746252,0.753322,0.757139,0.76183,0.768339,0.804758,0.810258,0.813766,0.81631,0.811011,0.81118,0.811573,0.812678,0.821479,0.826861,0.826063,0.824254,0.815986,0.805566,0.784435,0.778127,0.77451,0.771518,0.772696,0.778228,0.782833,0.782068,0.77509,0.769001,0.759774,0.747306,0.740349,0.745656,0.747458,0.75174,0.758805,0.765877,0.771595,0.772649,0.776765,0.776986,0.774873,0.777069,0.776864,0.779172,0.789651,0.793854,0.791525,0.791637,0.784534,0.777055,0.771705,0.765749,0.766952,0.761111,0.755802,0.762968,0.768254,0.776968,0.786261,0.779328,0.774433,0.780658,0.784167,0.795712,0.797706,0.800454,0.810987,0.818434,0.826699,0.834318,0.840921,0.851015,0.858002,0.866133,0.879552,0.886609,0.881361,0.879807,0.870546,0.86975,0.86452,0.856836,0.848452,0.843095,0.846146,0.843354,0.843752,0.843891,0.837103,0.8355,0.837782,0.848293,0.85477,0.858975,0.861828,0.866071,0.868533,0.870969,0.876393,0.883619,0.881464,0.870963,0.862179,0.863392,0.859982,0.868339,0.865462,0.866906,0.865174,0.864214,0.862781,0.859724,0.85465,0.844034,0.830618,0.836595,0.841379,0.840613,0.839209,0.835315,0.821682,0.816816,0.808071,0.813388,0.812209,0.814296,0.816499,0.821476,0.829534,0.832117,0.829393,0.825643,0.826271,0.824635,0.840884,0.842238,0.844522,0.844787,0.844279,0.880071,0.877153,0.87343,0.867119,0.860147,0.85748,0.848537,0.84465,0.842992,0.843431,0.821551,0.821077,0.830351,0.833731,0.827297,0.794695,0.796132,0.798839,0.800359,0.798476,0.794191,0.795498,0.792419,0.78908,0.785623,0.78234,0.77405,0.759626,0.753755,0.748396,0.743376,0.739685,0.733013,0.728447,0.727422,0.724148,0.718101,0.737181,0.752978,0.761866,0.764923,0.771127,0.773998,0.775034,0.776872,0.778722,0.779325,0.781817,0.783722,0.78376,0.779923,0.781677,0.765115,0.761905,0.765242,0.767676,0.766251,0.764256,0.76039,0.757723,0.755454,0.75502,0.755076,0.756188,0.760991,0.767586,0.769983,0.770581,0.762567,0.740286,0.734544,0.733108,0.732381,0.734776,0.738143,0.744733,0.752965,0.758635,0.764986,0.765225,0.769981,0.776068,0.779864,0.781956,0.785931,0.796433,0.806457,0.815439,0.82606,0.827163,0.826632,0.827076,0.829446,0.830475,0.831072,0.832218,0.833162,0.835094,0.836357,0.837796,0.83787,0.840579,0.839967,0.839383,0.840061,0.843691,0.84363,0.841888,0.844998,0.846129,0.845372,0.842592,0.840043,0.839075,0.837096,0.836899,0.834471,0.832091,0.829607,0.826737,0.822055,0.821209,0.820875,0.816422,0.812974,0.81148,0.812647,0.812862,0.811953,0.811628,0.810155,0.810916,0.810903,0.811853,0.81395,0.815578,0.815625,0.816854,0.820461,0.823515,0.825357,0.825863,0.827297,0.828835,0.832246,0.834398,0.83628,0.838928,0.841156,0.841945,0.842051,0.842697,0.841887,0.840621,0.838752,0.837431,0.8373,0.837072,0.837452,0.836374,0.835314,0.835264,0.836525,0.833509,0.828437,0.819845,0.81517,0.812647,0.811883,0.824178,0.826972,0.82733,0.838718,0.841708,0.841709,0.839065,0.835561,0.827587,0.819984,0.818194,0.820698,0.822695,0.821794,0.821561,0.807557,0.801367,0.794068,0.789103,0.791363,0.790446,0.792048,0.787071,0.784007,0.784784,0.777162,0.770554,0.760669,0.774446,0.781737,0.785091,0.788878,0.790167,0.788148,0.783445,0.781545,0.780581,0.784604,0.78676,0.787488,0.791673,0.79146,0.795291,0.791529,0.785848,0.784516,0.779455,0.778136,0.772994,0.771232,0.76743,0.763192,0.754633,0.750415,0.74688,0.74442,0.746252,0.753322,0.757139,0.76183,0.768339,0.804758,0.810258,0.813766,0.81631,0.811011,0.81118,0.811573,0.812678,0.821479,0.826861,0.826063,0.824254,0.815986,0.805566,0.784435,0.778127,0.77451,0.771518,0.772696,0.778228,0.782833,0.782068,0.77509,0.769001,0.759774,0.747306,0.740349,0.745656,0.747458,0.75174,0.758805,0.765877,0.771595,0.772649,0.776765,0.776986,0.774873,0.777069,0.776864,0.779172,0.789651,0.793854,0.791525,0.791637,0.784534,0.777055,0.771705,0.765749,0.766952,0.761111,0.755802,0.762968,0.768254,0.776968,0.786261,0.779328,0.774433,0.780658,0.784167,0.795712,0.797706,0.800454,0.810987,0.818434,0.826699,0.834318,0.840921,0.851015,0.858002,0.866133,0.879552,0.886609,0.881361,0.879807,0.870546,0.86975,0.86452,0.856836,0.848452,0.843095,0.846146,0.843354,0.843752,0.843891,0.837103,0.8355,0.837782,0.848293,0.85477,0.858975,0.861828,0.866071,0.868533,0.870969,0.876393,0.883619,0.881464,0.870963,0.862179,0.863392,0.859982,0.868339,0.865462,0.866906,0.865174,0.864214,0.862781,0.859724,0.85465,0.844034,0.830618,0.836595,0.841379,0.840613,0.839209,0.835315,0.821682,0.816816,0.808071,0.813388,0.812209,0.814296,0.816499,0.821476,0.829534,0.832117,0.829393,0.825643,0.826271,0.824635,0.840884,0.842238,0.844522,0.844787,0.844279,0.880071,0.877153,0.87343,0.867119,0.860147,0.85748,0.848537,0.84465,0.842992,0.843431,0.821551,0.821077,0.830351,0.833731,0.827297,0.794695,0.796132,0.798839,0.800359,0.798476,0.794191,0.795498,0.792419,0.78908,0.785623,0.78234,0.77405,0.759626,0.753755,0.748396,0.743376,0.739685,0.733013,0.728447,0.727422
CRW,Barbados,0.817717,0.00811171,0.804962,0.801148,0.79632,0.795253,0.791324,0.788305,0.785274,0.783398,0.775957,0.775964,0.772835,0.768682,0.766526,0.77171,0.772861,0.773833,0.779515,0.784531,0.784079,0.785512,0.786267,0.788663,0.787627,0.787439,0.785538,0.786109,0.783725,0.78495,0.778179,0.777528,0.77661,0.777743,0.771077,0.777813,0.776337,0.774069,0.769872,0.769304,0.768534,0.767626,0.763619,0.769389,0.767952,0.769267,0.771093,0.776363,0.77299,0.782351,0.783212,0.792837,0.794388,0.799945,0.800808,0.803011,0.805205,0.807487,0.809317,0.809219,0.807333,0.809454,0.804326,0.797934,0.797706,0.790337,0.784954,0.785781,0.782671,0.781318,0.785245,0.785053,0.785611,0.780684,0.78004,0.780188,0.777925,0.780247,0.781369,0.778463,0.777896,0.779362,0.783507,0.789332,0.795543,0.791987,0.793452,0.793799,0.795335,0.797772,0.799649,0.799762,0.801291,0.802423,0.802425,0.804651,0.801935,0.799454,0.79475,0.7912,0.793885,0.796802,0.801381,0.803521,0.805037,0.811211,0.813436,0.817879,0.825243,0.830439,0.833033,0.840044,0.847045,0.84866,0.856593,0.858355,0.859151,0.859103,0.864775,0.867965,0.869496,0.875374,0.872954,0.870718,0.871168,0.875587,0.876224,0.881277,0.887179,0.882926,0.884405,0.889746,0.894753,0.893322,0.896629,0.896817,0.905009,0.909313,0.915729,0.921139,0.922731,0.923567,0.923431,0.928166,0.940828,0.9457,0.947224,0.947244,0.949531,0.949657,0.949322,0.943077,0.944132,0.942386,0.944264,0.944569,0.948332,0.949181,0.946069,0.937958,0.935712,0.935682,0.945796,0.95404,0.960095,0.966064,0.975339,0.982765,0.997495,1.006745,1.016651,1.027199,1.028221,1.037854,1.042494,1.043869,1.044061,1.034244,1.028707,1.025327,1.022646,1.01205,1.007547,0.99805,0.982215,0.971988,0.956562,0.957516,0.953156,0.948436,0.949643,0.955289,0.959176,0.960999,0.959659,0.958498,0.961001,0.956729,0.950485,0.952035,0.954291,0.946599,0.943579,0.949,0.944584,0.935876,0.931865,0.93331,0.928736,0.923639,0.914284,0.911234,0.907608,0.903711,0.897765,0.894533,0.895646,0.895114,0.890068,0.903239,0.909563,0.919831,0.918125,0.9193,0.919814,0.920974,0.921796,0.923724,0.923607,0.923183,0.925765,0.92499,0.921251,0.918955,0.907973,0.909441,0.893777,0.888086,0.89349,0.89371,0.902965,0.905676,0.908947,0.91654,0.934449,0.939018,0.94187,0.937598,0.937111,0.934472,0.92489,0.925205,0.930286,0.927645,0.926583,0.918898,0.914889,0.915337,0.91163,0.899758,0.89727,0.895676,0.903416,0.906692,0.913923,0.919017,0.924415,0.917438,0.910677,0.907584,0.906829,0.90999,0.904391,0.903551,0.902039,0.899608,0.896147,0.894094,0.891564,0.88865,0.885129,0.880985,0.882058,0.891021,0.894896,0.894579,0.893594,0.897437,0.896007,0.910646,0.911395,0.912776,0.918497,0.922665,0.925153,0.925969,0.926722,0.927191,0.920508,0.937558,0.938461,0.938336,0.935316,0.936164,0.935415,0.932455,0.930926,0.921946,0.923582,0.928979,0.929736,0.928542,0.928287,0.925094,0.91053,0.906988,0.905724,0.909669,0.912287,0.898829,0.904146,0.899002,0.89887,0.890207,0.875626,0.870757,0.866688,0.863617,0.864345,0.883972,0.892331,0.895935,0.893756,0.892813,0.900515,0.916482,0.920312,0.915868,0.916203,0.911312,0.911122,0.905937,0.904663,0.902779,0.896341,0.892103,0.888768,0.88291,0.878558,0.87079,0.846929,0.841433,0.844211,0.83999,0.83883,0.830977,0.830379,0.830411,0.830483,0.829231,0.830601,0.826091,0.828109,0.829156,0.827688,0.817717,0.811171,0.804962,0.801148,0.79632,0.795253,0.791324,0.788305,0.785274,0.783398,0.775957,0.775964,0.772835,0.768682,0.766526,0.77171,0.772861,0.773833,0.779515,0.784531,0.784079,0.785512,0.786267,0.788663,0.787627,0.787439,0.785538,0.786109,0.783725,0.78495,0.778179,0.777528,0.77661,0.777743,0.771077,0.777813,0.776337,0.774069,0.769872,0.769304,0.768534,0.767626,0.763619,0.769389,0.767952,0.769267,0.771093,0.776363,0.77299,0.782351,0.783212,0.792837,0.794388,0.799945,0.800808,0.803011,0.805205,0.807487,0.809317,0.809219,0.807333,0.809454,0.804326,0.797934,0.797706,0.790337,0.784954,0.785781,0.782671,0.781318,0.785245,0.785053,0.785611,0.780684,0.78004,0.780188,0.777925,0.780247,0.781369,0.778463,0.777896,0.779362,0.783507,0.789332,0.795543,0.791987,0.793452,0.793799,0.795335,0.797772,0.799649,0.799762,0.801291,0.802423,0.802425,0.804651,0.801935,0.799454,0.79475,0.7912,0.793885,0.796802,0.801381,0.803521,0.805037,0.811211,0.813436,0.817879,0.825243,0.830439,0.833033,0.840044,0.847045,0.84866,0.856593,0.858355,0.859151,0.859103,0.864775,0.867965,0.869496,0.875374,0.872954,0.870718,0.871168,0.875587,0.876224,0.881277,0.887179,0.882926,0.884405,0.889746,0.894753,0.893322,0.896629,0.896817,0.905009,0.909313,0.915729,0.921139,0.922731,0.923567,0.923431,0.928166,0.940828,0.9457,0.947224,0.947244,0.949531,0.949657,0.949322,0.943077,0.944132,0.942386,0.944264,0.944569,0.948332,0.949181,0.946069,0.937958,0.935712,0.935682,0.945796,0.95404,0.960095,0.966064,0.975339,0.982765,0.997495,1.006745,1.016651,1.027199,1.028221,1.037854,1.042494,1.043869,1.044061,1.034244,1.028707,1.025327,1.022646,1.01205,1.007547,0.99805,0.982215,0.971988,0.956562,0.957516,0.953156,0.948436,0.949643,0.955289,0.959176,0.960999,0.959659,0.958498,0.961001,0.956729,0.950485,0.952035,0.954291,0.946599,0.943579,0.949,0.944584,0.935876,0.931865,0.93331,0.928736,0.923639,0.914284,0.911234,0.907608,0.903711,0.897765,0.894533,0.895646,0.895114,0.890068,0.903239,0.909563,0.919831,0.918125,0.9193,0.919814,0.920974,0.921796,0.923724,0.923607,0.923183,0.925765,0.92499,0.921251,0.918955,0.907973,0.909441,0.893777,0.888086,0.89349,0.89371,0.902965,0.905676,0.908947,0.91654,0.934449,0.939018,0.94187,0.937598,0.937111,0.934472,0.92489,0.925205,0.930286,0.927645,0.926583,0.918898,0.914889,0.915337,0.91163,0.899758,0.89727,0.895676,0.903416,0.906692,0.913923,0.919017,0.924415,0.917438,0.910677,0.907584,0.906829,0.90999,0.904391,0.903551,0.902039,0.899608,0.896147,0.894094,0.891564,0.88865,0.885129,0.880985,0.882058,0.891021,0.894896,0.894579,0.893594,0.897437,0.896007,0.910646,0.911395,0.912776,0.918497,0.922665,0.925153,0.925969,0.926722,0.927191,0.920508,0.937558,0.938461,0.938336,0.935316,0.936164,0.935415,0.932455,0.930926,0.921946,0.923582,0.928979,0.929736,0.928542,0.928287,0.925094,0.91053,0.906988,0.905724,0.909669,0.912287,0.898829,0.904146,0.899002,0.89887,0.890207,0.875626,0.870757,0.866688,0.863617,0.864345,0.883972,0.892331,0.895935,0.893756,0.892813,0.900515,0.916482,0.920312,0.915868,0.916203,0.911312,0.911122,0.905937,0.904663,0.902779,0.896341,0.892103,0.888768,0.88291,0.878558,0.87079,0.846929,0.841433,0.844211,0.83999,0.83883,0.830977,0.830379,0.830411,0.830483,0.829231,0.830601,0.826091,0.828109,0.829156,0.827688
CRW,Belarus,0.959071,0.00957951,0.957278,0.947625,0.944444,0.946028,0.946314,0.949294,0.954804,0.961874,0.966743,0.973714,0.977426,0.978879,0.988644,0.991299,0.993366,0.996161,1.004734,1.005204,1.010043,1.01453,1.016235,1.015524,1.013137,1.012665,1.010342,1.013749,1.0196,1.020427,1.029306,1.039603,1.048381,1.046643,1.056799,1.05285,1.052487,1.055691,1.059377,1.060666,1.065081,1.068987,1.071571,1.074053,1.0739,1.070452,1.064578,1.057489,1.050742,1.042242,1.039182,1.040137,1.038944,1.03747,1.040787,1.037051,1.033347,1.028402,1.027354,1.02716,1.02235,1.0248,1.020276,1.01883,1.020448,1.019398,1.022242,1.026649,1.032918,1.036943,1.037375,1.042121,1.04398,1.042653,1.042762,1.045591,1.047285,1.050902,1.056967,1.059147,1.060856,1.061378,1.055885,1.050676,1.043493,1.044793,1.042985,1.044217,1.045017,1.045326,1.049489,1.050601,1.054354,1.052116,1.050324,1.047141,1.039066,1.036127,1.031515,1.037237,1.033678,1.028426,1.024532,1.022197,1.018171,1.010159,1.008848,1.007897,1.008363,1.009784,1.009591,1.010638,1.008389,1.006692,1.004515,1.003472,1.00548,1.006918,1.002739,1.006935,1.007981,1.003081,0.99913,0.995471,0.991042,0.987118,0.984502,0.986387,0.986386,0.982694,0.981499,0.979714,0.974562,0.970985,0.967663,0.963653,0.960968,0.95728,0.952613,0.949004,0.945619,0.942482,0.942944,0.941616,0.946613,0.948926,0.951143,0.951154,0.952069,0.948205,0.949129,0.951175,0.956742,0.962598,0.966805,0.971673,0.973061,0.970691,0.968148,0.957956,0.953807,0.950596,0.951092,0.950994,0.951497,0.95078,0.946201,0.938733,0.933922,0.926033,0.920624,0.917193,0.915308,0.917671,0.919029,0.918915,0.918792,0.91894,0.916205,0.913264,0.912455,0.909662,0.912368,0.9105,0.911835,0.91246,0.911383,0.908601,0.905408,0.901023,0.897423,0.894079,0.890652,0.886966,0.885792,0.883252,0.885122,0.887398,0.88862,0.885603,0.882365,0.880974,0.880818,0.882374,0.879876,0.877806,0.875531,0.876003,0.874979,0.874315,0.871831,0.865859,0.857413,0.853323,0.855434,0.854903,0.852538,0.851746,0.850694,0.853984,0.852854,0.852376,0.849937,0.848638,0.847604,0.84719,0.848183,0.849275,0.852378,0.850118,0.855034,0.855817,0.855302,0.8526,0.848419,0.84786,0.846626,0.847203,0.846795,0.846894,0.845729,0.84506,0.844754,0.842851,0.846326,0.841663,0.841858,0.840769,0.843374,0.843024,0.8421,0.84261,0.842388,0.843329,0.844043,0.845564,0.846163,0.846241,0.846828,0.842432,0.841561,0.840301,0.842512,0.842954,0.84573,0.847502,0.848221,0.849992,0.850514,0.849973,0.849276,0.849676,0.849554,0.852924,0.85308,0.853848,0.856861,0.856786,0.855326,0.851937,0.849333,0.847888,0.846905,0.8451,0.84331,0.842395,0.841069,0.840351,0.835906,0.839249,0.839658,0.835264,0.834567,0.835034,0.836484,0.838571,0.854835,0.855347,0.857329,0.860293,0.861049,0.862289,0.862396,0.86299,0.862871,0.865068,0.867294,0.868353,0.869571,0.871149,0.870786,0.8518,0.858012,0.857657,0.856379,0.855984,0.856627,0.855552,0.852373,0.851994,0.852104,0.852696,0.854992,0.858071,0.860151,0.863145,0.864214,0.861063,0.865517,0.871314,0.875287,0.879112,0.883343,0.889329,0.898128,0.903558,0.9079,0.911585,0.914651,0.917918,0.920204,0.926193,0.926071,0.931551,0.93373,0.933924,0.934468,0.93472,0.933956,0.933683,0.936411,0.938967,0.940548,0.94446,0.947273,0.948087,0.948149,0.951671,0.951313,0.9522,0.956011,0.956814,0.959107,0.960908,0.960747,0.959071,0.957951,0.957278,0.947625,0.944444,0.946028,0.946314,0.949294,0.954804,0.961874,0.966743,0.973714,0.977426,0.978879,0.988644,0.991299,0.993366,0.996161,1.004734,1.005204,1.010043,1.01453,1.016235,1.015524,1.013137,1.012665,1.010342,1.013749,1.0196,1.020427,1.029306,1.039603,1.048381,1.046643,1.056799,1.05285,1.052487,1.055691,1.059377,1.060666,1.065081,1.068987,1.071571,1.074053,1.0739,1.070452,1.064578,1.057489,1.050742,1.042242,1.039182,1.040137,1.038944,1.03747,1.040787,1.037051,1.033347,1.028402,1.027354,1.02716,1.02235,1.0248,1.020276,1.01883,1.020448,1.019398,1.022242,1.026649,1.032918,1.036943,1.037375,1.042121,1.04398,1.042653,1.042762,1.045591,1.047285,1.050902,1.056967,1.059147,1.060856,1.061378,1.055885,1.050676,1.043493,1.044793,1.042985,1.044217,1.045017,1.045326,1.049489,1.050601,1.054354,1.052116,1.050324,1.047141,1.039066,1.036127,1.031515,1.037237,1.033678,1.028426,1.024532,1.022197,1.018171,1.010159,1.008848,1.007897,1.008363,1.009784,1.009591,1.010638,1.008389,1.006692,1.004515,1.003472,1.00548,1.006918,1.002739,1.006935,1.007981,1.003081,0.99913,0.995471,0.991042,0.987118,0.984502,0.986387,0.986386,0.982694,0.981499,0.979714,0.974562,0.970985,0.967663,0.963653,0.960968,0.95728,0.952613,0.949004,0.945619,0.942482,0.942944,0.941616,0.946613,0.948926,0.951143,0.951154,0.952069,0.948205,0.949129,0.951175,0.956742,0.962598,0.966805,0.971673,0.973061,0.970691,0.968148,0.957956,0.953807,0.950596,0.951092,0.950994,0.951497,0.95078,0.946201,0.938733,0.933922,0.926033,0.920624,0.917193,0.915308,0.917671,0.919029,0.918915,0.918792,0.91894,0.916205,0.913264,0.912455,0.909662,0.912368,0.9105,0.911835,0.91246,0.911383,0.908601,0.905408,0.901023,0.897423,0.894079,0.890652,0.886966,0.885792,0.883252,0.885122,0.887398,0.88862,0.885603,0.882365,0.880974,0.880818,0.882374,0.879876,0.877806,0.875531,0.876003,0.874979,0.874315,0.871831,0.865859,0.857413,0.853323,0.855434,0.854903,0.852538,0.851746,0.850694,0.853984,0.852854,0.852376,0.849937,0.848638,0.847604,0.84719,0.848183,0.849275,0.852378,0.850118,0.855034,0.855817,0.855302,0.8526,0.848419,0.84786,0.846626,0.847203,0.846795,0.846894,0.845729,0.84506,0.844754,0.842851,0.846326,0.841663,0.841858,0.840769,0.843374,0.843024,0.8421,0.84261,0.842388,0.843329,0.844043,0.845564,0.846163,0.846241,0.846828,0.842432,0.841561,0.840301,0.842512,0.842954,0.84573,0.847502,0.848221,0.849992,0.850514,0.849973,0.849276,0.849676,0.849554,0.852924,0.85308,0.853848,0.856861,0.856786,0.855326,0.851937,0.849333,0.847888,0.846905,0.8451,0.84331,0.842395,0.841069,0.840351,0.835906,0.839249,0.839658,0.835264,0.834567,0.835034,0.836484,0.838571,0.854835,0.855347,0.857329,0.860293,0.861049,0.862289,0.862396,0.86299,0.862871,0.865068,0.867294,0.868353,0.869571,0.871149,0.870786,0.8518,0.858012,0.857657,0.856379,0.855984,0.856627,0.855552,0.852373,0.851994,0.852104,0.852696,0.854992,0.858071,0.860151,0.863145,0.864214,0.861063,0.865517,0.871314,0.875287,0.879112,0.883343,0.889329,0.898128,0.903558,0.9079,0.911585,0.914651,0.917918,0.920204,0.926193,0.926071,0.931551,0.93373,0.933924,0.934468,0.93472,0.933956,0.933683,0.936411,0.938967,0.940548,0.94446,0.947273,0.948087,0.948149,0.951671,0.951313,0.9522,0.956011,0.956814,0.959107,0.960908,0.960747
CRW,Belgium,0.925581,0.00927574,0.926453,0.927093,0.929015,0.935386,0.94015,0.946452,0.953551,0.954255,0.955727,0.955955,0.956516,0.953819,0.954465,0.953457,0.956626,0.959667,0.961502,0.964693,0.965548,0.968604,0.966143,0.961969,0.960323,0.962089,0.963187,0.971401,0.977174,0.976866,0.981349,0.980222,0.979425,0.976735,0.975919,0.973541,0.971743,0.97923,0.984941,0.988338,0.992293,0.995718,0.992188,0.988622,0.98945,1.00169,1.002855,1.010659,1.018958,1.024342,1.026652,1.028047,1.030502,1.031088,1.030987,1.026109,1.023458,1.024191,1.023614,1.021673,1.011779,1.011696,1.009341,1.008807,1.006782,1.008473,1.010198,1.010139,1.011325,1.013345,1.018366,1.019242,1.020882,1.025391,1.02517,1.030302,1.025185,1.026126,1.023945,1.027208,1.030042,1.029277,1.029517,1.027469,1.028451,1.026695,1.025603,1.024038,1.021839,1.023541,1.024963,1.025588,1.025675,1.025174,1.021637,1.013813,1.011254,1.015281,1.016733,1.0105,1.007757,1.003034,1.00814,1.008662,1.005206,1.007747,1.005711,1.004117,1.004105,1.003846,1.007425,1.01555,1.015853,1.015757,1.016385,1.015123,1.01753,1.016429,1.016697,1.016805,1.013905,1.01216,1.012106,1.009496,1.009691,1.006768,0.996336,0.994388,0.996833,0.995993,0.994644,0.992527,0.98734,0.984605,0.981999,0.978132,0.976821,0.973982,0.971486,0.968333,0.969805,0.966955,0.964864,0.960966,0.95863,0.956523,0.954809,0.956103,0.953442,0.94982,0.946018,0.943971,0.945253,0.9476,0.948805,0.934354,0.930575,0.924297,0.921221,0.923743,0.927057,0.928849,0.927107,0.929232,0.932809,0.930845,0.924039,0.915814,0.9073,0.901996,0.903648,0.900772,0.900531,0.900403,0.896102,0.894373,0.892106,0.889154,0.886821,0.885272,0.887096,0.887793,0.887709,0.886955,0.883849,0.87501,0.874442,0.871855,0.873471,0.874518,0.869093,0.865123,0.863544,0.864602,0.861962,0.868069,0.869632,0.871632,0.876505,0.87696,0.877011,0.87902,0.878654,0.878732,0.881657,0.884015,0.885036,0.881421,0.881191,0.874838,0.868794,0.866203,0.865197,0.863256,0.861071,0.86017,0.856154,0.851802,0.852387,0.848973,0.846624,0.845031,0.847058,0.846073,0.842039,0.845125,0.847771,0.850294,0.851888,0.853576,0.853466,0.853296,0.853448,0.856243,0.85606,0.855885,0.857833,0.857257,0.857027,0.857098,0.855248,0.853644,0.851377,0.849541,0.84746,0.846068,0.844796,0.846122,0.838233,0.838822,0.838863,0.824586,0.825181,0.826256,0.828772,0.830313,0.830496,0.829691,0.828591,0.827541,0.828598,0.829836,0.830588,0.83722,0.83708,0.835665,0.836573,0.836216,0.836028,0.833993,0.832046,0.835643,0.836194,0.837319,0.836561,0.835204,0.834717,0.839349,0.837523,0.836609,0.83638,0.835627,0.835704,0.835768,0.836053,0.834714,0.832158,0.830496,0.828858,0.82911,0.828573,0.832484,0.828653,0.827411,0.82957,0.833598,0.835315,0.836974,0.836149,0.83557,0.840005,0.841082,0.844119,0.847496,0.84989,0.852413,0.851405,0.852442,0.853453,0.851377,0.847876,0.847933,0.845588,0.846435,0.846484,0.838593,0.837942,0.840514,0.842079,0.843494,0.84498,0.846144,0.846789,0.848193,0.850772,0.851952,0.851208,0.854897,0.856866,0.857421,0.858206,0.860432,0.860382,0.862092,0.863071,0.866035,0.866094,0.874524,0.875317,0.876951,0.879382,0.882639,0.883617,0.883986,0.888583,0.890854,0.891723,0.891416,0.88878,0.890745,0.891804,0.894229,0.895707,0.899883,0.902724,0.902962,0.903305,0.903934,0.905873,0.909731,0.910778,0.913719,0.914182,0.919822,0.921341,0.925581,0.927574,0.926453,0.927093,0.929015,0.935386,0.94015,0.946452,0.953551,0.954255,0.955727,0.955955,0.956516,0.953819,0.954465,0.953457,0.956626,0.959667,0.961502,0.964693,0.965548,0.968604,0.966143,0.961969,0.960323,0.962089,0.963187,0.971401,0.977174,0.976866,0.981349,0.980222,0.979425,0.976735,0.975919,0.973541,0.971743,0.97923,0.984941,0.988338,0.992293,0.995718,0.992188,0.988622,0.98945,1.00169,1.002855,1.010659,1.018958,1.024342,1.026652,1.028047,1.030502,1.031088,1.030987,1.026109,1.023458,1.024191,1.023614,1.021673,1.011779,1.011696,1.009341,1.008807,1.006782,1.008473,1.010198,1.010139,1.011325,1.013345,1.018366,1.019242,1.020882,1.025391,1.02517,1.030302,1.025185,1.026126,1.023945,1.027208,1.030042,1.029277,1.029517,1.027469,1.028451,1.026695,1.025603,1.024038,1.021839,1.023541,1.024963,1.025588,1.025675,1.025174,1.021637,1.013813,1.011254,1.015281,1.016733,1.0105,1.007757,1.003034,1.00814,1.008662,1.005206,1.007747,1.005711,1.004117,1.004105,1.003846,1.007425,1.01555,1.015853,1.015757,1.016385,1.015123,1.01753,1.016429,1.016697,1.016805,1.013905,1.01216,1.012106,1.009496,1.009691,1.006768,0.996336,0.994388,0.996833,0.995993,0.994644,0.992527,0.98734,0.984605,0.981999,0.978132,0.976821,0.973982,0.971486,0.968333,0.969805,0.966955,0.964864,0.960966,0.95863,0.956523,0.954809,0.956103,0.953442,0.94982,0.946018,0.943971,0.945253,0.9476,0.948805,0.934354,0.930575,0.924297,0.921221,0.923743,0.927057,0.928849,0.927107,0.929232,0.932809,0.930845,0.924039,0.915814,0.9073,0.901996,0.903648,0.900772,0.900531,0.900403,0.896102,0.894373,0.892106,0.889154,0.886821,0.885272,0.887096,0.887793,0.887709,0.886955,0.883849,0.87501,0.874442,0.871855,0.873471,0.874518,0.869093,0.865123,0.863544,0.864602,0.861962,0.868069,0.869632,0.871632,0.876505,0.87696,0.877011,0.87902,0.878654,0.878732,0.881657,0.884015,0.885036,0.881421,0.881191,0.874838,0.868794,0.866203,0.865197,0.863256,0.861071,0.86017,0.856154,0.851802,0.852387,0.848973,0.846624,0.845031,0.847058,0.846073,0.842039,0.845125,0.847771,0.850294,0.851888,0.853576,0.853466,0.853296,0.853448,0.856243,0.85606,0.855885,0.857833,0.857257,0.857027,0.857098,0.855248,0.853644,0.851377,0.849541,0.84746,0.846068,0.844796,0.846122,0.838233,0.838822,0.838863,0.824586,0.825181,0.826256,0.828772,0.830313,0.830496,0.829691,0.828591,0.827541,0.828598,0.829836,0.830588,0.83722,0.83708,0.835665,0.836573,0.836216,0.836028,0.833993,0.832046,0.835643,0.836194,0.837319,0.836561,0.835204,0.834717,0.839349,0.837523,0.836609,0.83638,0.835627,0.835704,0.835768,0.836053,0.834714,0.832158,0.830496,0.828858,0.82911,0.828573,0.832484,0.828653,0.827411,0.82957,0.833598,0.835315,0.836974,0.836149,0.83557,0.840005,0.841082,0.844119,0.847496,0.84989,0.852413,0.851405,0.852442,0.853453,0.851377,0.847876,0.847933,0.845588,0.846435,0.846484,0.838593,0.837942,0.840514,0.842079,0.843494,0.84498,0.846144,0.846789,0.848193,0.850772,0.851952,0.851208,0.854897,0.856866,0.857421,0.858206,0.860432,0.860382,0.862092,0.863071,0.866035,0.866094,0.874524,0.875317,0.876951,0.879382,0.882639,0.883617,0.883986,0.888583,0.890854,0.891723,0.891416,0.88878,0.890745,0.891804,0.894229,0.895707,0.899883,0.902724,0.902962,0.903305,0.903934,0.905873,0.909731,0.910778,0.913719,0.914182,0.919822,0.921341
CRW,Belize,0.840341,0.008336139999999999,0.827233,0.823313,0.818351,0.817256,0.813218,0.810115,0.807001,0.805072,0.797425,0.797433,0.794218,0.789949,0.787734,0.77171,0.772861,0.773833,0.779515,0.784531,0.784079,0.785512,0.786267,0.788663,0.787627,0.787439,0.785538,0.786109,0.783725,0.78495,0.778179,0.777528,0.77661,0.777743,0.771077,0.777813,0.776337,0.774069,0.769872,0.769304,0.768534,0.767626,0.763619,0.769389,0.767952,0.769267,0.771093,0.776363,0.77299,0.782351,0.783212,0.792837,0.794388,0.799945,0.803274,0.805483,0.807685,0.809973,0.811809,0.811711,0.809819,0.811947,0.806802,0.800392,0.800163,0.79277,0.787371,0.788201,0.785081,0.781318,0.785245,0.785053,0.785611,0.780684,0.78004,0.780188,0.777925,0.780247,0.781369,0.778463,0.777896,0.779362,0.783507,0.789332,0.795543,0.791987,0.793452,0.793799,0.795335,0.797772,0.799649,0.799762,0.801291,0.802423,0.802425,0.804651,0.801935,0.799454,0.79475,0.7912,0.793885,0.796802,0.801381,0.803521,0.805037,0.811211,0.813436,0.817879,0.825243,0.830439,0.833033,0.840044,0.847045,0.84866,0.856593,0.858355,0.859151,0.859103,0.864775,0.867965,0.869496,0.875374,0.872954,0.870718,0.871168,0.875587,0.876224,0.881277,0.887179,0.882926,0.884405,0.889746,0.894753,0.893322,0.896629,0.896817,0.905009,0.909313,0.915729,0.921139,0.922731,0.923567,0.923431,0.928166,0.940828,0.9457,0.947224,0.947244,0.949613,0.949737,0.949401,0.943153,0.944208,0.942462,0.944341,0.944644,0.948407,0.94926,0.946149,0.937958,0.935712,0.935682,0.945796,0.953947,0.96,0.965968,0.975246,0.982679,0.99742,1.006683,1.016588,1.027138,1.02816,1.037794,1.042494,1.043869,1.044061,1.034244,1.028707,1.025327,1.022646,1.01205,1.007547,0.99805,0.982215,0.971988,0.956562,0.957516,0.953156,0.948436,0.949643,0.955289,0.959176,0.960999,0.959659,0.958498,0.961001,0.956729,0.950485,0.952035,0.954291,0.946599,0.943579,0.949,0.944584,0.935876,0.931865,0.93331,0.928736,0.923639,0.914284,0.911234,0.907608,0.903711,0.897765,0.894533,0.895646,0.895114,0.890068,0.903239,0.909563,0.919831,0.918125,0.9193,0.919814,0.920974,0.921796,0.923724,0.923607,0.923183,0.925765,0.92499,0.921251,0.918955,0.907973,0.909441,0.893777,0.888086,0.89349,0.89371,0.902965,0.905676,0.908947,0.91654,0.934449,0.939018,0.94187,0.937598,0.937111,0.934472,0.92489,0.925205,0.930286,0.927645,0.926583,0.918898,0.914889,0.915337,0.91163,0.899758,0.89727,0.895676,0.903416,0.906692,0.913923,0.919017,0.924415,0.917438,0.910677,0.907584,0.906829,0.90999,0.904391,0.903551,0.902039,0.899608,0.896147,0.894094,0.891564,0.88865,0.885129,0.880985,0.882058,0.891021,0.894896,0.894579,0.893594,0.897437,0.896007,0.910646,0.911395,0.912776,0.918497,0.922665,0.925153,0.925969,0.926722,0.927191,0.920508,0.937558,0.938461,0.938336,0.935316,0.936164,0.935415,0.932455,0.930926,0.921946,0.923582,0.928979,0.929736,0.928542,0.928287,0.925094,0.91053,0.906988,0.905724,0.909669,0.912287,0.898829,0.904146,0.899002,0.89887,0.890207,0.875626,0.870757,0.866688,0.863617,0.864345,0.883972,0.892331,0.895935,0.893756,0.892813,0.900515,0.916482,0.920312,0.915868,0.916203,0.911312,0.911122,0.905937,0.904663,0.902779,0.896341,0.892103,0.888768,0.88291,0.878558,0.87079,0.846929,0.841433,0.844211,0.83999,0.83883,0.830977,0.830379,0.830411,0.830483,0.829231,0.830601,0.826091,0.828109,0.829156,0.827688,0.840341,0.833614,0.827233,0.823313,0.818351,0.817256,0.813218,0.810115,0.807001,0.805072,0.797425,0.797433,0.794218,0.789949,0.787734,0.77171,0.772861,0.773833,0.779515,0.784531,0.784079,0.785512,0.786267,0.788663,0.787627,0.787439,0.785538,0.786109,0.783725,0.78495,0.778179,0.777528,0.77661,0.777743,0.771077,0.777813,0.776337,0.774069,0.769872,0.769304,0.768534,0.767626,0.763619,0.769389,0.767952,0.769267,0.771093,0.776363,0.77299,0.782351,0.783212,0.792837,0.794388,0.799945,0.803274,0.805483,0.807685,0.809973,0.811809,0.811711,0.809819,0.811947,0.806802,0.800392,0.800163,0.79277,0.787371,0.788201,0.785081,0.781318,0.785245,0.785053,0.785611,0.780684,0.78004,0.780188,0.777925,0.780247,0.781369,0.778463,0.777896,0.779362,0.783507,0.789332,0.795543,0.791987,0.793452,0.793799,0.795335,0.797772,0.799649,0.799762,0.801291,0.802423,0.802425,0.804651,0.801935,0.799454,0.79475,0.7912,0.793885,0.796802,0.801381,0.803521,0.805037,0.811211,0.813436,0.817879,0.825243,0.830439,0.833033,0.840044,0.847045,0.84866,0.856593,0.858355,0.859151,0.859103,0.864775,0.867965,0.869496,0.875374,0.872954,0.870718,0.871168,0.875587,0.876224,0.881277,0.887179,0.882926,0.884405,0.889746,0.894753,0.893322,0.896629,0.896817,0.905009,0.909313,0.915729,0.921139,0.922731,0.923567,0.923431,0.928166,0.940828,0.9457,0.947224,0.947244,0.949613,0.949737,0.949401,0.943153,0.944208,0.942462,0.944341,0.944644,0.948407,0.94926,0.946149,0.937958,0.935712,0.935682,0.945796,0.953947,0.96,0.965968,0.975246,0.982679,0.99742,1.006683,1.016588,1.027138,1.02816,1.037794,1.042494,1.043869,1.044061,1.034244,1.028707,1.025327,1.022646,1.01205,1.007547,0.99805,0.982215,0.971988,0.956562,0.957516,0.953156,0.948436,0.949643,0.955289,0.959176,0.960999,0.959659,0.958498,0.961001,0.956729,0.950485,0.952035,0.954291,0.946599,0.943579,0.949,0.944584,0.935876,0.931865,0.93331,0.928736,0.923639,0.914284,0.911234,0.907608,0.903711,0.897765,0.894533,0.895646,0.895114,0.890068,0.903239,0.909563,0.919831,0.918125,0.9193,0.919814,0.920974,0.921796,0.923724,0.923607,0.923183,0.925765,0.92499,0.921251,0.918955,0.907973,0.909441,0.893777,0.888086,0.89349,0.89371,0.902965,0.905676,0.908947,0.91654,0.934449,0.939018,0.94187,0.937598,0.937111,0.934472,0.92489,0.925205,0.930286,0.927645,0.926583,0.918898,0.914889,0.915337,0.91163,0.899758,0.89727,0.895676,0.903416,0.906692,0.913923,0.919017,0.924415,0.917438,0.910677,0.907584,0.906829,0.90999,0.904391,0.903551,0.902039,0.899608,0.896147,0.894094,0.891564,0.88865,0.885129,0.880985,0.882058,0.891021,0.894896,0.894579,0.893594,0.897437,0.896007,0.910646,0.911395,0.912776,0.918497,0.922665,0.925153,0.925969,0.926722,0.927191,0.920508,0.937558,0.938461,0.938336,0.935316,0.936164,0.935415,0.932455,0.930926,0.921946,0.923582,0.928979,0.929736,0.928542,0.928287,0.925094,0.91053,0.906988,0.905724,0.909669,0.912287,0.898829,0.904146,0.899002,0.89887,0.890207,0.875626,0.870757,0.866688,0.863617,0.864345,0.883972,0.892331,0.895935,0.893756,0.892813,0.900515,0.916482,0.920312,0.915868,0.916203,0.911312,0.911122,0.905937,0.904663,0.902779,0.896341,0.892103,0.888768,0.88291,0.878558,0.87079,0.846929,0.841433,0.844211,0.83999,0.83883,0.830977,0.830379,0.830411,0.830483,0.829231,0.830601,0.826091,0.828109,0.829156,0.827688
CRW,Benin,0.963828,0.00947841,0.941622,0.932549,0.928344,0.920564,0.92496,0.921545,0.911071,0.903609,0.892283,0.889471,0.886553,0.876015,0.872766,0.867408,0.859645,0.851775,0.845267,0.837943,0.829917,0.814779,0.805031,0.802901,0.800605,0.799314,0.789682,0.778819,0.773181,0.76429,0.762103,0.760358,0.759556,0.758008,0.755879,0.755334,0.753432,0.753451,0.749559,0.746956,0.744713,0.748541,0.747018,0.749045,0.749727,0.748972,0.748948,0.747251,0.746316,0.747269,0.745954,0.74593,0.747113,0.747554,0.749322,0.749089,0.74506,0.745415,0.742176,0.742926,0.74172,0.742477,0.74273,0.742726,0.741294,0.74007,0.741102,0.739846,0.73685,0.737497,0.741418,0.74657,0.751112,0.759619,0.764522,0.767528,0.765997,0.766283,0.768698,0.769652,0.772667,0.777334,0.777192,0.780875,0.779356,0.775634,0.772462,0.770815,0.767313,0.762518,0.759227,0.759701,0.762825,0.762312,0.7654,0.768502,0.766818,0.768803,0.771512,0.776092,0.785993,0.788851,0.791597,0.791558,0.793707,0.799423,0.802124,0.803286,0.804979,0.805228,0.808407,0.812996,0.81525,0.82532,0.834665,0.833722,0.839862,0.841507,0.850506,0.855322,0.854995,0.857854,0.860067,0.865168,0.868707,0.869031,0.872755,0.876646,0.874046,0.870731,0.872797,0.873112,0.881004,0.881442,0.886961,0.890863,0.893272,0.900552,0.904042,0.908728,0.907002,0.904173,0.905397,0.901903,0.906973,0.908624,0.907612,0.905727,0.90526,0.903016,0.905503,0.909042,0.910154,0.915624,0.924303,0.930006,0.940124,0.943505,0.947909,0.947696,0.947099,0.95305,0.944713,0.939348,0.933867,0.928636,0.926193,0.919219,0.907092,0.891582,0.887442,0.878226,0.868953,0.863021,0.861407,0.854483,0.851402,0.855223,0.856756,0.853925,0.849449,0.851105,0.846809,0.84666,0.84967,0.84521,0.851617,0.853901,0.856239,0.850855,0.852897,0.847032,0.843285,0.839499,0.841295,0.850827,0.841757,0.837343,0.833009,0.833122,0.82379,0.821053,0.815828,0.809793,0.805847,0.806597,0.804608,0.804999,0.798357,0.783413,0.796169,0.800845,0.801473,0.797086,0.793355,0.788945,0.78461,0.78146,0.783074,0.790991,0.792417,0.800443,0.811935,0.830466,0.834014,0.830411,0.832082,0.831528,0.846921,0.855421,0.876011,0.885112,0.890629,0.892195,0.892475,0.896873,0.897812,0.893675,0.885645,0.889457,0.893396,0.89875,0.907204,0.900998,0.895982,0.881648,0.886964,0.888441,0.897799,0.897911,0.892222,0.885036,0.884159,0.882876,0.883573,0.889753,0.899983,0.895658,0.895581,0.925557,0.933545,0.929962,0.933524,0.939029,0.937298,0.938389,0.945226,0.946547,0.950647,0.952646,0.958254,0.958933,0.962306,0.964266,0.949361,0.945775,0.948246,0.952656,0.946386,0.952285,0.962273,0.953161,0.960558,0.96836,0.971447,0.953827,0.950397,0.950262,0.95217,0.949518,0.953512,0.957721,0.95135,0.95313,0.954143,0.953979,0.955438,0.955218,0.955841,0.956383,0.960425,0.964017,0.968287,0.970002,0.976286,0.976661,0.976395,0.976757,0.972171,0.968058,0.967892,0.969374,0.975373,0.982593,0.989622,0.9913,0.986855,0.992647,0.998195,1.004605,1.007403,1.01145,1.017682,1.025476,1.030354,1.037442,1.038376,1.036938,1.03099,1.028353,1.037613,1.060311,1.065421,1.069406,1.06533,1.060985,1.056107,1.060406,1.056601,1.055916,1.050592,1.062023,1.060313,1.063764,1.060639,1.054826,1.037311,1.032303,1.026299,1.0218,1.026988,1.038412,1.031646,1.032685,1.028131,1.027755,1.011548,1.00734,1.003556,0.997239,0.993219,0.986702,0.980694,0.976975,0.974573,0.963828,0.947841,0.941622,0.932549,0.928344,0.920564,0.92496,0.921545,0.911071,0.903609,0.892283,0.889471,0.886553,0.876015,0.872766,0.867408,0.859645,0.851775,0.845267,0.837943,0.829917,0.814779,0.805031,0.802901,0.800605,0.799314,0.789682,0.778819,0.773181,0.76429,0.762103,0.760358,0.759556,0.758008,0.755879,0.755334,0.753432,0.753451,0.749559,0.746956,0.744713,0.748541,0.747018,0.749045,0.749727,0.748972,0.748948,0.747251,0.746316,0.747269,0.745954,0.74593,0.747113,0.747554,0.749322,0.749089,0.74506,0.745415,0.742176,0.742926,0.74172,0.742477,0.74273,0.742726,0.741294,0.74007,0.741102,0.739846,0.73685,0.737497,0.741418,0.74657,0.751112,0.759619,0.764522,0.767528,0.765997,0.766283,0.768698,0.769652,0.772667,0.777334,0.777192,0.780875,0.779356,0.775634,0.772462,0.770815,0.767313,0.762518,0.759227,0.759701,0.762825,0.762312,0.7654,0.768502,0.766818,0.768803,0.771512,0.776092,0.785993,0.788851,0.791597,0.791558,0.793707,0.799423,0.802124,0.803286,0.804979,0.805228,0.808407,0.812996,0.81525,0.82532,0.834665,0.833722,0.839862,0.841507,0.850506,0.855322,0.854995,0.857854,0.860067,0.865168,0.868707,0.869031,0.872755,0.876646,0.874046,0.870731,0.872797,0.873112,0.881004,0.881442,0.886961,0.890863,0.893272,0.900552,0.904042,0.908728,0.907002,0.904173,0.905397,0.901903,0.906973,0.908624,0.907612,0.905727,0.90526,0.903016,0.905503,0.909042,0.910154,0.915624,0.924303,0.930006,0.940124,0.943505,0.947909,0.947696,0.947099,0.95305,0.944713,0.939348,0.933867,0.928636,0.926193,0.919219,0.907092,0.891582,0.887442,0.878226,0.868953,0.863021,0.861407,0.854483,0.851402,0.855223,0.856756,0.853925,0.849449,0.851105,0.846809,0.84666,0.84967,0.84521,0.851617,0.853901,0.856239,0.850855,0.852897,0.847032,0.843285,0.839499,0.841295,0.850827,0.841757,0.837343,0.833009,0.833122,0.82379,0.821053,0.815828,0.809793,0.805847,0.806597,0.804608,0.804999,0.798357,0.783413,0.796169,0.800845,0.801473,0.797086,0.793355,0.788945,0.78461,0.78146,0.783074,0.790991,0.792417,0.800443,0.811935,0.830466,0.834014,0.830411,0.832082,0.831528,0.846921,0.855421,0.876011,0.885112,0.890629,0.892195,0.892475,0.896873,0.897812,0.893675,0.885645,0.889457,0.893396,0.89875,0.907204,0.900998,0.895982,0.881648,0.886964,0.888441,0.897799,0.897911,0.892222,0.885036,0.884159,0.882876,0.883573,0.889753,0.899983,0.895658,0.895581,0.925557,0.933545,0.929962,0.933524,0.939029,0.937298,0.938389,0.945226,0.946547,0.950647,0.952646,0.958254,0.958933,0.962306,0.964266,0.949361,0.945775,0.948246,0.952656,0.946386,0.952285,0.962273,0.953161,0.960558,0.96836,0.971447,0.953827,0.950397,0.950262,0.95217,0.949518,0.953512,0.957721,0.95135,0.95313,0.954143,0.953979,0.955438,0.955218,0.955841,0.956383,0.960425,0.964017,0.968287,0.970002,0.976286,0.976661,0.976395,0.976757,0.972171,0.968058,0.967892,0.969374,0.975373,0.982593,0.989622,0.9913,0.986855,0.992647,0.998195,1.004605,1.007403,1.01145,1.017682,1.025476,1.030354,1.037442,1.038376,1.036938,1.03099,1.028353,1.037613,1.060311,1.065421,1.069406,1.06533,1.060985,1.056107,1.060406,1.056601,1.055916,1.050592,1.062023,1.060313,1.063764,1.060639,1.054826,1.037311,1.032303,1.026299,1.0218,1.026988,1.038412,1.031646,1.032685,1.028131,1.027755,1.011548,1.00734,1.003556,0.997239,0.993219,0.986702,0.980694,0.976975,0.974573
CRW,Bhutan,0.878027,0.00873556,0.870372,0.869496,0.867051,0.865078,0.863695,0.86096,0.858025,0.855869,0.85376,0.851438,0.850734,0.850031,0.848429,0.845756,0.844011,0.842681,0.840145,0.838838,0.838128,0.836073,0.835478,0.834596,0.834063,0.832895,0.833051,0.832751,0.831834,0.832316,0.832989,0.83273,0.82958,0.82784,0.82583,0.825595,0.827966,0.829496,0.831867,0.833915,0.836577,0.838544,0.839338,0.841011,0.844144,0.846591,0.848584,0.852461,0.856063,0.858549,0.86004,0.860153,0.863007,0.865199,0.867123,0.866004,0.865444,0.866415,0.863762,0.859446,0.856442,0.855205,0.854966,0.856026,0.857797,0.859588,0.862363,0.864302,0.862964,0.862494,0.865067,0.865763,0.867402,0.873337,0.88658,0.892761,0.896588,0.895576,0.89447,0.896503,0.89688,0.895374,0.891169,0.887168,0.884189,0.881829,0.879884,0.877839,0.87592,0.872079,0.870475,0.868776,0.87033,0.870634,0.865198,0.865649,0.865136,0.865274,0.866065,0.866822,0.868444,0.868524,0.867267,0.867992,0.867448,0.865596,0.867198,0.868105,0.869498,0.869266,0.870127,0.87199,0.871834,0.872159,0.870863,0.866274,0.863254,0.862324,0.859427,0.857908,0.857446,0.853003,0.850408,0.853828,0.85816,0.85706,0.857665,0.858896,0.858656,0.86141,0.866034,0.870411,0.87396,0.877707,0.879639,0.882664,0.887666,0.890804,0.892622,0.892089,0.892259,0.891592,0.894163,0.899478,0.904201,0.904043,0.906146,0.906816,0.906708,0.907584,0.910882,0.909733,0.912916,0.916313,0.919202,0.925844,0.932555,0.937333,0.939826,0.94299,0.948961,0.955575,0.959796,0.965041,0.969252,0.971607,0.978077,0.9861,0.992491,0.999358,1.005738,1.00999,1.020376,1.027514,1.034209,1.039923,1.043834,1.05003,1.06022,1.070563,1.08126,1.085061,1.085032,1.09163,1.0999,1.108034,1.120989,1.128068,1.139093,1.147413,1.161928,1.177952,1.204636,1.219018,1.24915,1.294327,1.316569,1.334236,1.361349,1.367004,1.371139,1.370287,1.361042,1.345766,1.329465,1.313999,1.29186,1.286473,1.275068,1.238688,1.230641,1.223566,1.216247,1.209533,1.200177,1.190951,1.17721,1.182155,1.185179,1.194565,1.194237,1.199093,1.196605,1.193671,1.196094,1.200846,1.202652,1.203843,1.20146,1.198402,1.195802,1.203415,1.190854,1.190889,1.193893,1.20327,1.205717,1.207873,1.209241,1.201421,1.196649,1.199482,1.208262,1.221999,1.232632,1.236071,1.236041,1.243652,1.257889,1.248115,1.244866,1.231859,1.227136,1.232493,1.235695,1.245283,1.248256,1.251326,1.256345,1.261431,1.267535,1.264537,1.27302,1.273467,1.284923,1.287781,1.301948,1.305054,1.298889,1.310263,1.303167,1.30479,1.301151,1.306291,1.307036,1.31708,1.331043,1.334407,1.318326,1.309322,1.310204,1.305651,1.304337,1.306973,1.300066,1.301074,1.293738,1.294448,1.271235,1.261738,1.256195,1.247324,1.231252,1.235439,1.231749,1.22697,1.225316,1.222869,1.212647,1.204851,1.201672,1.194967,1.18734,1.189793,1.18974,1.176446,1.163399,1.157783,1.151233,1.150031,1.1543,1.147035,1.141174,1.13915,1.136238,1.13122,1.130167,1.124179,1.122696,1.122642,1.11661,1.119638,1.112642,1.114032,1.107788,1.104012,1.103972,1.106009,1.103335,1.094819,1.088337,1.076555,1.070484,1.063708,1.053308,1.044559,1.032684,1.034335,1.022725,1.015129,0.999225,0.991952,0.980248,0.971096,0.965436,0.961339,0.960306,0.955421,0.944882,0.93879,0.935316,0.932999,0.926109,0.921056,0.917937,0.913501,0.90538,0.902811,0.902417,0.898839,0.894773,0.891403,0.887206,0.885869,0.881431,0.878027,0.873556,0.870372,0.869496,0.867051,0.865078,0.863695,0.86096,0.858025,0.855869,0.85376,0.851438,0.850734,0.850031,0.848429,0.845756,0.844011,0.842681,0.840145,0.838838,0.838128,0.836073,0.835478,0.834596,0.834063,0.832895,0.833051,0.832751,0.831834,0.832316,0.832989,0.83273,0.82958,0.82784,0.82583,0.825595,0.827966,0.829496,0.831867,0.833915,0.836577,0.838544,0.839338,0.841011,0.844144,0.846591,0.848584,0.852461,0.856063,0.858549,0.86004,0.860153,0.863007,0.865199,0.867123,0.866004,0.865444,0.866415,0.863762,0.859446,0.856442,0.855205,0.854966,0.856026,0.857797,0.859588,0.862363,0.864302,0.862964,0.862494,0.865067,0.865763,0.867402,0.873337,0.88658,0.892761,0.896588,0.895576,0.89447,0.896503,0.89688,0.895374,0.891169,0.887168,0.884189,0.881829,0.879884,0.877839,0.87592,0.872079,0.870475,0.868776,0.87033,0.870634,0.865198,0.865649,0.865136,0.865274,0.866065,0.866822,0.868444,0.868524,0.867267,0.867992,0.867448,0.865596,0.867198,0.868105,0.869498,0.869266,0.870127,0.87199,0.871834,0.872159,0.870863,0.866274,0.863254,0.862324,0.859427,0.857908,0.857446,0.853003,0.850408,0.853828,0.85816,0.85706,0.857665,0.858896,0.858656,0.86141,0.866034,0.870411,0.87396,0.877707,0.879639,0.882664,0.887666,0.890804,0.892622,0.892089,0.892259,0.891592,0.894163,0.899478,0.904201,0.904043,0.906146,0.906816,0.906708,0.907584,0.910882,0.909733,0.912916,0.916313,0.919202,0.925844,0.932555,0.937333,0.939826,0.94299,0.948961,0.955575,0.959796,0.965041,0.969252,0.971607,0.978077,0.9861,0.992491,0.999358,1.005738,1.00999,1.020376,1.027514,1.034209,1.039923,1.043834,1.05003,1.06022,1.070563,1.08126,1.085061,1.085032,1.09163,1.0999,1.108034,1.120989,1.128068,1.139093,1.147413,1.161928,1.177952,1.204636,1.219018,1.24915,1.294327,1.316569,1.334236,1.361349,1.367004,1.371139,1.370287,1.361042,1.345766,1.329465,1.313999,1.29186,1.286473,1.275068,1.238688,1.230641,1.223566,1.216247,1.209533,1.200177,1.190951,1.17721,1.182155,1.185179,1.194565,1.194237,1.199093,1.196605,1.193671,1.196094,1.200846,1.202652,1.203843,1.20146,1.198402,1.195802,1.203415,1.190854,1.190889,1.193893,1.20327,1.205717,1.207873,1.209241,1.201421,1.196649,1.199482,1.208262,1.221999,1.232632,1.236071,1.236041,1.243652,1.257889,1.248115,1.244866,1.231859,1.227136,1.232493,1.235695,1.245283,1.248256,1.251326,1.256345,1.261431,1.267535,1.264537,1.27302,1.273467,1.284923,1.287781,1.301948,1.305054,1.298889,1.310263,1.303167,1.30479,1.301151,1.306291,1.307036,1.31708,1.331043,1.334407,1.318326,1.309322,1.310204,1.305651,1.304337,1.306973,1.300066,1.301074,1.293738,1.294448,1.271235,1.261738,1.256195,1.247324,1.231252,1.235439,1.231749,1.22697,1.225316,1.222869,1.212647,1.204851,1.201672,1.194967,1.18734,1.189793,1.18974,1.176446,1.163399,1.157783,1.151233,1.150031,1.1543,1.147035,1.141174,1.13915,1.136238,1.13122,1.130167,1.124179,1.122696,1.122642,1.11661,1.119638,1.112642,1.114032,1.107788,1.104012,1.103972,1.106009,1.103335,1.094819,1.088337,1.076555,1.070484,1.063708,1.053308,1.044559,1.032684,1.034335,1.022725,1.015129,0.999225,0.991952,0.980248,0.971096,0.965436,0.961339,0.960306,0.955421,0.944882,0.93879,0.935316,0.932999,0.926109,0.921056,0.917937,0.913501,0.90538,0.902811,0.902417,0.898839,0.894773,0.891403,0.887206,0.885869,0.881431
CRW,Bolivia,1.326297,0.01330597,1.331023,1.331083,1.333744,1.331955,1.332969,1.328135,1.321264,1.317249,1.326468,1.335702,1.335015,1.331479,1.338971,1.373372,1.399531,1.414199,1.424976,1.438095,1.459864,1.473562,1.486703,1.507651,1.517189,1.512144,1.520798,1.537825,1.555062,1.558734,1.546686,1.529782,1.524394,1.509337,1.504938,1.503741,1.5138,1.510184,1.497006,1.499536,1.511766,1.517616,1.511898,1.510084,1.53553,1.554346,1.567585,1.572143,1.594363,1.60402,1.612346,1.611762,1.61276,1.600053,1.595186,1.579721,1.557766,1.564129,1.56936,1.557942,1.563859,1.55092,1.554026,1.541511,1.541344,1.537931,1.537451,1.574922,1.603043,1.632537,1.647754,1.679628,1.693414,1.686812,1.68569,1.691728,1.724832,1.751756,1.776792,1.78341,1.785663,1.798551,1.748328,1.721907,1.691217,1.678458,1.66204,1.656442,1.653068,1.646113,1.623594,1.606026,1.582152,1.561168,1.544553,1.539712,1.529015,1.543499,1.550208,1.564036,1.577951,1.583643,1.572192,1.578535,1.593181,1.600392,1.617968,1.624232,1.640434,1.641825,1.637195,1.62878,1.621809,1.636539,1.64095,1.652755,1.649923,1.632709,1.631291,1.619384,1.625958,1.613824,1.609072,1.602739,1.603869,1.60392,1.591912,1.59977,1.579927,1.567873,1.545186,1.536941,1.545322,1.518063,1.503669,1.471023,1.456515,1.434162,1.42109,1.405623,1.39406,1.380065,1.346369,1.325582,1.309646,1.301018,1.293635,1.283834,1.288004,1.278838,1.292573,1.280325,1.281391,1.270683,1.266512,1.256652,1.25748,1.240835,1.229744,1.217896,1.206135,1.198576,1.188809,1.176096,1.169132,1.146148,1.14896,1.13884,1.130395,1.122578,1.113817,1.104308,1.096075,1.085409,1.073014,1.063735,1.054739,1.05063,1.041009,1.029645,1.017025,0.990896,0.982614,0.978047,0.972284,0.964359,0.953938,0.947326,0.942285,0.937787,0.932466,0.926959,0.92263,0.918903,0.915736,0.911916,0.907769,0.902188,0.89008,0.884518,0.880038,0.884116,0.886088,0.884803,0.882168,0.878648,0.872302,0.870272,0.867563,0.864312,0.862084,0.858125,0.858669,0.858027,0.856949,0.856189,0.846157,0.835949,0.832466,0.831175,0.828492,0.826973,0.830174,0.830459,0.831601,0.831828,0.830649,0.827373,0.824248,0.822521,0.820334,0.819744,0.818961,0.8175,0.816266,0.815428,0.813123,0.807141,0.803118,0.800814,0.800982,0.800774,0.799452,0.798464,0.799417,0.80048,0.801014,0.804119,0.805943,0.805315,0.804794,0.803055,0.801025,0.801645,0.803442,0.804216,0.806332,0.807411,0.808614,0.808603,0.80954,0.808653,0.806541,0.806033,0.806182,0.806482,0.808656,0.810517,0.811622,0.816194,0.823616,0.824744,0.825835,0.827962,0.832065,0.838316,0.844404,0.852029,0.856138,0.860499,0.865006,0.869411,0.87068,0.87347,0.877605,0.877456,0.882083,0.884472,0.886562,0.884298,0.874879,0.873051,0.871469,0.873124,0.874187,0.877168,0.87968,0.883607,0.885891,0.886502,0.887163,0.886486,0.892784,0.89644,0.900251,0.904847,0.91192,0.916622,0.920346,0.927258,0.931464,0.936037,0.940714,0.94423,0.947645,0.952333,0.956632,0.967967,0.976301,0.98739,0.999205,1.007874,1.018088,1.0221,1.032086,1.050854,1.05871,1.070132,1.080807,1.10127,1.11519,1.125913,1.131486,1.135502,1.142335,1.145817,1.145639,1.1484,1.154937,1.149264,1.128767,1.120172,1.11212,1.109768,1.101594,1.107575,1.120086,1.124987,1.141943,1.150452,1.153732,1.158449,1.169171,1.183973,1.200293,1.217284,1.236831,1.262438,1.291226,1.313771,1.321426,1.322446,1.327067,1.328132,1.325807,1.326297,1.330597,1.331023,1.331083,1.333744,1.331955,1.332969,1.328135,1.321264,1.317249,1.326468,1.335702,1.335015,1.331479,1.338971,1.373372,1.399531,1.414199,1.424976,1.438095,1.459864,1.473562,1.486703,1.507651,1.517189,1.512144,1.520798,1.537825,1.555062,1.558734,1.546686,1.529782,1.524394,1.509337,1.504938,1.503741,1.5138,1.510184,1.497006,1.499536,1.511766,1.517616,1.511898,1.510084,1.53553,1.554346,1.567585,1.572143,1.594363,1.60402,1.612346,1.611762,1.61276,1.600053,1.595186,1.579721,1.557766,1.564129,1.56936,1.557942,1.563859,1.55092,1.554026,1.541511,1.541344,1.537931,1.537451,1.574922,1.603043,1.632537,1.647754,1.679628,1.693414,1.686812,1.68569,1.691728,1.724832,1.751756,1.776792,1.78341,1.785663,1.798551,1.748328,1.721907,1.691217,1.678458,1.66204,1.656442,1.653068,1.646113,1.623594,1.606026,1.582152,1.561168,1.544553,1.539712,1.529015,1.543499,1.550208,1.564036,1.577951,1.583643,1.572192,1.578535,1.593181,1.600392,1.617968,1.624232,1.640434,1.641825,1.637195,1.62878,1.621809,1.636539,1.64095,1.652755,1.649923,1.632709,1.631291,1.619384,1.625958,1.613824,1.609072,1.602739,1.603869,1.60392,1.591912,1.59977,1.579927,1.567873,1.545186,1.536941,1.545322,1.518063,1.503669,1.471023,1.456515,1.434162,1.42109,1.405623,1.39406,1.380065,1.346369,1.325582,1.309646,1.301018,1.293635,1.283834,1.288004,1.278838,1.292573,1.280325,1.281391,1.270683,1.266512,1.256652,1.25748,1.240835,1.229744,1.217896,1.206135,1.198576,1.188809,1.176096,1.169132,1.146148,1.14896,1.13884,1.130395,1.122578,1.113817,1.104308,1.096075,1.085409,1.073014,1.063735,1.054739,1.05063,1.041009,1.029645,1.017025,0.990896,0.982614,0.978047,0.972284,0.964359,0.953938,0.947326,0.942285,0.937787,0.932466,0.926959,0.92263,0.918903,0.915736,0.911916,0.907769,0.902188,0.89008,0.884518,0.880038,0.884116,0.886088,0.884803,0.882168,0.878648,0.872302,0.870272,0.867563,0.864312,0.862084,0.858125,0.858669,0.858027,0.856949,0.856189,0.846157,0.835949,0.832466,0.831175,0.828492,0.826973,0.830174,0.830459,0.831601,0.831828,0.830649,0.827373,0.824248,0.822521,0.820334,0.819744,0.818961,0.8175,0.816266,0.815428,0.813123,0.807141,0.803118,0.800814,0.800982,0.800774,0.799452,0.798464,0.799417,0.80048,0.801014,0.804119,0.805943,0.805315,0.804794,0.803055,0.801025,0.801645,0.803442,0.804216,0.806332,0.807411,0.808614,0.808603,0.80954,0.808653,0.806541,0.806033,0.806182,0.806482,0.808656,0.810517,0.811622,0.816194,0.823616,0.824744,0.825835,0.827962,0.832065,0.838316,0.844404,0.852029,0.856138,0.860499,0.865006,0.869411,0.87068,0.87347,0.877605,0.877456,0.882083,0.884472,0.886562,0.884298,0.874879,0.873051,0.871469,0.873124,0.874187,0.877168,0.87968,0.883607,0.885891,0.886502,0.887163,0.886486,0.892784,0.89644,0.900251,0.904847,0.91192,0.916622,0.920346,0.927258,0.931464,0.936037,0.940714,0.94423,0.947645,0.952333,0.956632,0.967967,0.976301,0.98739,0.999205,1.007874,1.018088,1.0221,1.032086,1.050854,1.05871,1.070132,1.080807,1.10127,1.11519,1.125913,1.131486,1.135502,1.142335,1.145817,1.145639,1.1484,1.154937,1.149264,1.128767,1.120172,1.11212,1.109768,1.101594,1.107575,1.120086,1.124987,1.141943,1.150452,1.153732,1.158449,1.169171,1.183973,1.200293,1.217284,1.236831,1.262438,1.291226,1.313771,1.321426,1.322446,1.327067,1.328132,1.325807
CRW,Bosnia,0.87222,0.00872396,0.875926,0.880098,0.888665,0.892706,0.893804,0.894308,0.908613,0.914601,0.922364,0.927531,0.933508,0.948498,0.958002,0.96439,0.967499,0.968859,0.974658,0.977155,0.977088,0.98194,0.986634,0.984798,0.98416,0.977913,0.981287,0.986771,0.990148,0.993111,0.994221,0.996985,1.000394,0.998429,1.001863,1.006018,0.999838,0.994973,0.999271,1.006585,1.010684,1.014868,1.025162,1.03448,1.035907,1.040612,1.041702,1.04197,1.043983,1.048476,1.051844,1.058529,1.062395,1.064701,1.061028,1.062244,1.060704,1.047413,1.039067,1.034089,1.041847,1.045904,1.046748,1.051178,1.048804,1.046554,1.049143,1.057007,1.062987,1.07065,1.074874,1.079351,1.082169,1.084559,1.086864,1.083404,1.080658,1.079117,1.075904,1.079415,1.075793,1.073743,1.057099,1.048026,1.040115,1.036223,1.032404,1.030621,1.028932,1.033385,1.026456,1.025062,1.024582,1.023225,1.022947,1.02129,1.030135,1.026535,1.02521,1.028544,1.025854,1.025026,1.020798,1.016779,1.008134,1.015541,1.021634,1.022573,1.022152,1.020143,1.021304,1.016977,1.012978,1.008234,1.004752,1.005942,1.003063,1.00451,1.005444,1.005096,0.9935,0.980341,0.972191,0.97048,0.966077,0.960324,0.95786,0.959618,0.967427,0.968329,0.962297,0.959386,0.957526,0.958555,0.958898,0.955759,0.951977,0.95065,0.945183,0.941942,0.938872,0.934026,0.931386,0.923674,0.916284,0.914956,0.914766,0.912843,0.906926,0.902869,0.901774,0.891449,0.877376,0.880548,0.891958,0.894229,0.894324,0.894445,0.895496,0.895498,0.889706,0.895048,0.891511,0.889233,0.88919,0.888034,0.896646,0.8923,0.886984,0.875973,0.87037,0.870272,0.867983,0.867471,0.867047,0.86578,0.861487,0.863138,0.86467,0.866186,0.867202,0.861202,0.863228,0.859889,0.865234,0.868916,0.867424,0.865354,0.876873,0.880084,0.887598,0.888828,0.886888,0.886004,0.884551,0.883826,0.88388,0.883747,0.885674,0.883834,0.883943,0.885124,0.884616,0.889165,0.891054,0.890627,0.890904,0.890422,0.890349,0.889168,0.887728,0.887637,0.888038,0.888309,0.88678,0.886219,0.884868,0.879947,0.869021,0.860207,0.860377,0.861155,0.865213,0.86294,0.862934,0.8632,0.863618,0.859707,0.857393,0.860546,0.860523,0.858978,0.856348,0.856966,0.858009,0.859267,0.858245,0.854966,0.857316,0.857156,0.857498,0.854205,0.85299,0.851019,0.858845,0.854792,0.854575,0.854415,0.854479,0.858185,0.859027,0.860496,0.856734,0.856522,0.856792,0.857006,0.855941,0.857623,0.860485,0.855114,0.86719,0.880796,0.884321,0.882868,0.879941,0.876439,0.875174,0.874896,0.875809,0.875856,0.87468,0.874296,0.872621,0.872202,0.872641,0.868712,0.850055,0.850851,0.852221,0.849531,0.850886,0.848614,0.849443,0.848433,0.848353,0.849237,0.848611,0.848693,0.845987,0.844425,0.842937,0.84277,0.839948,0.840594,0.836485,0.838097,0.847383,0.846062,0.845552,0.845764,0.844686,0.844044,0.843695,0.845766,0.846583,0.850873,0.861371,0.862947,0.861719,0.861737,0.859089,0.852075,0.852573,0.852027,0.850764,0.85209,0.855603,0.856841,0.855023,0.856431,0.856145,0.846353,0.844527,0.845679,0.849025,0.853003,0.854959,0.855081,0.855718,0.856273,0.853679,0.851998,0.857218,0.862784,0.865398,0.863214,0.867058,0.867066,0.866816,0.863816,0.860211,0.861093,0.86039,0.860751,0.860105,0.860813,0.86983,0.865462,0.860281,0.854846,0.858557,0.861221,0.861445,0.862835,0.863421,0.866862,0.869759,0.875068,0.878503,0.881918,0.884782,0.870576,0.870858,0.873217,0.875169,0.87222,0.872396,0.875926,0.880098,0.888665,0.892706,0.893804,0.894308,0.908613,0.914601,0.922364,0.927531,0.933508,0.948498,0.958002,0.96439,0.967499,0.968859,0.974658,0.977155,0.977088,0.98194,0.986634,0.984798,0.98416,0.977913,0.981287,0.986771,0.990148,0.993111,0.994221,0.996985,1.000394,0.998429,1.001863,1.006018,0.999838,0.994973,0.999271,1.006585,1.010684,1.014868,1.025162,1.03448,1.035907,1.040612,1.041702,1.04197,1.043983,1.048476,1.051844,1.058529,1.062395,1.064701,1.061028,1.062244,1.060704,1.047413,1.039067,1.034089,1.041847,1.045904,1.046748,1.051178,1.048804,1.046554,1.049143,1.057007,1.062987,1.07065,1.074874,1.079351,1.082169,1.084559,1.086864,1.083404,1.080658,1.079117,1.075904,1.079415,1.075793,1.073743,1.057099,1.048026,1.040115,1.036223,1.032404,1.030621,1.028932,1.033385,1.026456,1.025062,1.024582,1.023225,1.022947,1.02129,1.030135,1.026535,1.02521,1.028544,1.025854,1.025026,1.020798,1.016779,1.008134,1.015541,1.021634,1.022573,1.022152,1.020143,1.021304,1.016977,1.012978,1.008234,1.004752,1.005942,1.003063,1.00451,1.005444,1.005096,0.9935,0.980341,0.972191,0.97048,0.966077,0.960324,0.95786,0.959618,0.967427,0.968329,0.962297,0.959386,0.957526,0.958555,0.958898,0.955759,0.951977,0.95065,0.945183,0.941942,0.938872,0.934026,0.931386,0.923674,0.916284,0.914956,0.914766,0.912843,0.906926,0.902869,0.901774,0.891449,0.877376,0.880548,0.891958,0.894229,0.894324,0.894445,0.895496,0.895498,0.889706,0.895048,0.891511,0.889233,0.88919,0.888034,0.896646,0.8923,0.886984,0.875973,0.87037,0.870272,0.867983,0.867471,0.867047,0.86578,0.861487,0.863138,0.86467,0.866186,0.867202,0.861202,0.863228,0.859889,0.865234,0.868916,0.867424,0.865354,0.876873,0.880084,0.887598,0.888828,0.886888,0.886004,0.884551,0.883826,0.88388,0.883747,0.885674,0.883834,0.883943,0.885124,0.884616,0.889165,0.891054,0.890627,0.890904,0.890422,0.890349,0.889168,0.887728,0.887637,0.888038,0.888309,0.88678,0.886219,0.884868,0.879947,0.869021,0.860207,0.860377,0.861155,0.865213,0.86294,0.862934,0.8632,0.863618,0.859707,0.857393,0.860546,0.860523,0.858978,0.856348,0.856966,0.858009,0.859267,0.858245,0.854966,0.857316,0.857156,0.857498,0.854205,0.85299,0.851019,0.858845,0.854792,0.854575,0.854415,0.854479,0.858185,0.859027,0.860496,0.856734,0.856522,0.856792,0.857006,0.855941,0.857623,0.860485,0.855114,0.86719,0.880796,0.884321,0.882868,0.879941,0.876439,0.875174,0.874896,0.875809,0.875856,0.87468,0.874296,0.872621,0.872202,0.872641,0.868712,0.850055,0.850851,0.852221,0.849531,0.850886,0.848614,0.849443,0.848433,0.848353,0.849237,0.848611,0.848693,0.845987,0.844425,0.842937,0.84277,0.839948,0.840594,0.836485,0.838097,0.847383,0.846062,0.845552,0.845764,0.844686,0.844044,0.843695,0.845766,0.846583,0.850873,0.861371,0.862947,0.861719,0.861737,0.859089,0.852075,0.852573,0.852027,0.850764,0.85209,0.855603,0.856841,0.855023,0.856431,0.856145,0.846353,0.844527,0.845679,0.849025,0.853003,0.854959,0.855081,0.855718,0.856273,0.853679,0.851998,0.857218,0.862784,0.865398,0.863214,0.867058,0.867066,0.866816,0.863816,0.860211,0.861093,0.86039,0.860751,0.860105,0.860813,0.86983,0.865462,0.860281,0.854846,0.858557,0.861221,0.861445,0.862835,0.863421,0.866862,0.869759,0.875068,0.878503,0.881918,0.884782,0.870576,0.870858,0.873217,0.875169
CRW,Botswana,0.980742,0.00983309,0.99061,1.001843,0.990524,0.974964,0.967747,0.969338,0.968011,0.971003,0.974367,0.975988,0.975871,0.972749,0.980527,0.982611,0.98217,0.974075,0.981159,0.992786,1.030832,1.047963,1.054069,1.050675,1.037491,1.024339,1.009017,1.003482,1.016756,1.020524,1.029651,1.03838,1.055408,1.05862,1.052858,1.033274,1.024996,1.014509,1.016913,1.017764,1.018388,1.033317,1.034353,1.058174,1.085723,1.092238,1.113117,1.138531,1.149279,1.1726,1.183381,1.187995,1.192931,1.193257,1.195289,1.203994,1.212417,1.213235,1.202834,1.182131,1.169751,1.147954,1.109473,1.0831,1.05078,1.039493,1.032116,1.034954,1.04412,1.052187,1.040086,1.038717,1.053751,1.059352,1.06777,1.067618,1.064271,1.075009,1.09435,1.139045,1.174396,1.194662,1.195159,1.189368,1.196878,1.210526,1.201997,1.197303,1.238434,1.260189,1.276612,1.301437,1.302226,1.28379,1.274558,1.267286,1.264337,1.258261,1.269502,1.260183,1.248461,1.25314,1.255056,1.208307,1.191314,1.173214,1.157196,1.202606,1.222119,1.222402,1.215195,1.218393,1.21725,1.229833,1.229227,1.227346,1.220189,1.218405,1.215611,1.219598,1.222543,1.218471,1.181483,1.166598,1.166456,1.189396,1.188234,1.190256,1.169929,1.155684,1.170304,1.182755,1.180067,1.17063,1.16119,1.147693,1.145255,1.140698,1.134107,1.104457,1.064837,1.056335,1.049482,1.039363,1.029183,1.015954,1.00661,1.007589,1.003353,0.996591,0.984472,0.978308,0.975763,0.968589,0.967436,0.949457,0.939195,0.938877,0.941935,0.943542,0.947608,0.944582,0.925164,0.916256,0.915608,0.915226,0.907736,0.901391,0.897792,0.8973,0.906599,0.90637,0.900059,0.893526,0.890367,0.885625,0.879381,0.876203,0.869136,0.867454,0.86591,0.861153,0.854593,0.850513,0.847941,0.840372,0.837353,0.837591,0.837307,0.834919,0.832843,0.833848,0.831616,0.830978,0.828784,0.827529,0.82765,0.826887,0.824826,0.823733,0.823804,0.823877,0.823462,0.823491,0.823992,0.824187,0.824842,0.82505,0.826363,0.827722,0.827642,0.828635,0.83029,0.831864,0.833628,0.834721,0.835033,0.835625,0.835589,0.835766,0.836141,0.836977,0.837723,0.838462,0.840373,0.841185,0.840989,0.839343,0.839062,0.838873,0.840789,0.84057,0.840537,0.840523,0.841138,0.843213,0.843906,0.84503,0.84603,0.847524,0.851824,0.854703,0.855859,0.854775,0.853276,0.851611,0.853226,0.855321,0.857172,0.856631,0.85496,0.856717,0.856155,0.857015,0.857898,0.85533,0.853421,0.853948,0.856491,0.859041,0.861134,0.864557,0.866209,0.8669,0.869579,0.870951,0.870753,0.872065,0.87086,0.866695,0.865645,0.866222,0.867412,0.867874,0.86913,0.866967,0.863707,0.862609,0.863185,0.864401,0.865694,0.866535,0.866181,0.869431,0.870126,0.870006,0.868979,0.866545,0.863329,0.861219,0.861257,0.860375,0.860088,0.859306,0.857658,0.856332,0.85455,0.853919,0.852571,0.858697,0.859986,0.861887,0.869225,0.873262,0.878344,0.884044,0.88674,0.887489,0.888344,0.889531,0.889944,0.892652,0.89478,0.894702,0.893036,0.896187,0.901403,0.898818,0.900929,0.901166,0.900914,0.902612,0.908594,0.911398,0.915232,0.918988,0.919061,0.919227,0.921637,0.921178,0.924071,0.926279,0.929109,0.933763,0.93519,0.935392,0.936434,0.934342,0.936314,0.938392,0.943202,0.948484,0.951109,0.95225,0.953969,0.955845,0.955036,0.95755,0.955125,0.960242,0.961188,0.963609,0.964862,0.964569,0.96301,0.962371,0.966103,0.972552,0.981493,0.995089,0.992672,0.981986,0.979305,0.981454,0.975164,0.980742,0.983309,0.99061,1.001843,0.990524,0.974964,0.967747,0.969338,0.968011,0.971003,0.974367,0.975988,0.975871,0.972749,0.980527,0.982611,0.98217,0.974075,0.981159,0.992786,1.030832,1.047963,1.054069,1.050675,1.037491,1.024339,1.009017,1.003482,1.016756,1.020524,1.029651,1.03838,1.055408,1.05862,1.052858,1.033274,1.024996,1.014509,1.016913,1.017764,1.018388,1.033317,1.034353,1.058174,1.085723,1.092238,1.113117,1.138531,1.149279,1.1726,1.183381,1.187995,1.192931,1.193257,1.195289,1.203994,1.212417,1.213235,1.202834,1.182131,1.169751,1.147954,1.109473,1.0831,1.05078,1.039493,1.032116,1.034954,1.04412,1.052187,1.040086,1.038717,1.053751,1.059352,1.06777,1.067618,1.064271,1.075009,1.09435,1.139045,1.174396,1.194662,1.195159,1.189368,1.196878,1.210526,1.201997,1.197303,1.238434,1.260189,1.276612,1.301437,1.302226,1.28379,1.274558,1.267286,1.264337,1.258261,1.269502,1.260183,1.248461,1.25314,1.255056,1.208307,1.191314,1.173214,1.157196,1.202606,1.222119,1.222402,1.215195,1.218393,1.21725,1.229833,1.229227,1.227346,1.220189,1.218405,1.215611,1.219598,1.222543,1.218471,1.181483,1.166598,1.166456,1.189396,1.188234,1.190256,1.169929,1.155684,1.170304,1.182755,1.180067,1.17063,1.16119,1.147693,1.145255,1.140698,1.134107,1.104457,1.064837,1.056335,1.049482,1.039363,1.029183,1.015954,1.00661,1.007589,1.003353,0.996591,0.984472,0.978308,0.975763,0.968589,0.967436,0.949457,0.939195,0.938877,0.941935,0.943542,0.947608,0.944582,0.925164,0.916256,0.915608,0.915226,0.907736,0.901391,0.897792,0.8973,0.906599,0.90637,0.900059,0.893526,0.890367,0.885625,0.879381,0.876203,0.869136,0.867454,0.86591,0.861153,0.854593,0.850513,0.847941,0.840372,0.837353,0.837591,0.837307,0.834919,0.832843,0.833848,0.831616,0.830978,0.828784,0.827529,0.82765,0.826887,0.824826,0.823733,0.823804,0.823877,0.823462,0.823491,0.823992,0.824187,0.824842,0.82505,0.826363,0.827722,0.827642,0.828635,0.83029,0.831864,0.833628,0.834721,0.835033,0.835625,0.835589,0.835766,0.836141,0.836977,0.837723,0.838462,0.840373,0.841185,0.840989,0.839343,0.839062,0.838873,0.840789,0.84057,0.840537,0.840523,0.841138,0.843213,0.843906,0.84503,0.84603,0.847524,0.851824,0.854703,0.855859,0.854775,0.853276,0.851611,0.853226,0.855321,0.857172,0.856631,0.85496,0.856717,0.856155,0.857015,0.857898,0.85533,0.853421,0.853948,0.856491,0.859041,0.861134,0.864557,0.866209,0.8669,0.869579,0.870951,0.870753,0.872065,0.87086,0.866695,0.865645,0.866222,0.867412,0.867874,0.86913,0.866967,0.863707,0.862609,0.863185,0.864401,0.865694,0.866535,0.866181,0.869431,0.870126,0.870006,0.868979,0.866545,0.863329,0.861219,0.861257,0.860375,0.860088,0.859306,0.857658,0.856332,0.85455,0.853919,0.852571,0.858697,0.859986,0.861887,0.869225,0.873262,0.878344,0.884044,0.88674,0.887489,0.888344,0.889531,0.889944,0.892652,0.89478,0.894702,0.893036,0.896187,0.901403,0.898818,0.900929,0.901166,0.900914,0.902612,0.908594,0.911398,0.915232,0.918988,0.919061,0.919227,0.921637,0.921178,0.924071,0.926279,0.929109,0.933763,0.93519,0.935392,0.936434,0.934342,0.936314,0.938392,0.943202,0.948484,0.951109,0.95225,0.953969,0.955845,0.955036,0.95755,0.955125,0.960242,0.961188,0.963609,0.964862,0.964569,0.96301,0.962371,0.966103,0.972552,0.981493,0.995089,0.992672,0.981986,0.979305,0.981454,0.975164
CRW,Brazil,1.064737,0.010634139999999999,1.055031,1.054058,1.058543,1.063017,1.070229,1.067052,1.062922,1.057894,1.058573,1.057409,1.054815,1.050572,1.042041,1.048576,1.050626,1.054465,1.059962,1.068335,1.078722,1.08595,1.094055,1.109012,1.11679,1.121799,1.131255,1.141433,1.149343,1.14773,1.148011,1.14911,1.154019,1.153078,1.148298,1.148674,1.154825,1.1632,1.16366,1.168835,1.17731,1.182988,1.187633,1.193419,1.202912,1.208107,1.213798,1.213849,1.220199,1.224604,1.226313,1.223988,1.218989,1.213787,1.209961,1.204406,1.19776,1.194355,1.190841,1.186215,1.178078,1.176017,1.171646,1.161641,1.153639,1.150733,1.151644,1.150017,1.144691,1.144387,1.146267,1.140836,1.139482,1.143202,1.144074,1.149508,1.145878,1.140201,1.144824,1.154125,1.153422,1.153538,1.160862,1.164458,1.168126,1.168629,1.17458,1.187451,1.193747,1.19816,1.201356,1.204992,1.212704,1.229975,1.235144,1.237685,1.231165,1.222761,1.217541,1.214685,1.217539,1.220923,1.211396,1.207899,1.209222,1.209819,1.210148,1.210769,1.196564,1.191949,1.194178,1.211939,1.224267,1.230871,1.230769,1.222685,1.215521,1.205698,1.194196,1.185738,1.175831,1.169297,1.166555,1.167918,1.167908,1.164778,1.152076,1.138693,1.138858,1.137883,1.140015,1.145054,1.152448,1.150182,1.142479,1.134566,1.126573,1.118751,1.111616,1.104096,1.095272,1.083596,1.077319,1.070079,1.066715,1.06401,1.053107,1.042908,1.031891,1.019642,1.012499,1.008116,1.003695,1.002129,1.0037,1.008059,1.009041,1.006115,1.000146,0.994945,0.988934,0.983851,0.975396,0.971025,0.967964,0.959472,0.949602,0.941704,0.933415,0.927009,0.921316,0.915074,0.909282,0.904832,0.899743,0.901747,0.898764,0.893238,0.88888,0.884851,0.883663,0.882274,0.880415,0.876715,0.87026,0.863896,0.859076,0.855906,0.853736,0.852417,0.844719,0.84325,0.843028,0.841668,0.83958,0.836362,0.833087,0.829213,0.831629,0.833228,0.833539,0.832775,0.831301,0.829994,0.831001,0.834114,0.837246,0.840336,0.839962,0.838188,0.837627,0.837505,0.837811,0.838451,0.838619,0.837379,0.836332,0.835795,0.836295,0.835451,0.835189,0.83551,0.833212,0.833052,0.834008,0.833902,0.834499,0.834491,0.834092,0.834385,0.836482,0.838769,0.839179,0.842078,0.843335,0.843731,0.843862,0.845168,0.843856,0.842515,0.842705,0.842022,0.841113,0.840661,0.840355,0.839358,0.837468,0.836879,0.83258,0.830376,0.829063,0.829202,0.828384,0.828791,0.829335,0.837446,0.843587,0.844519,0.846766,0.848923,0.854384,0.860653,0.866067,0.86984,0.875391,0.879761,0.882773,0.885614,0.88784,0.890412,0.887744,0.882197,0.883029,0.881956,0.881176,0.881139,0.880332,0.87965,0.880237,0.877871,0.875791,0.875305,0.87407,0.875233,0.876186,0.879272,0.877987,0.878029,0.879287,0.879647,0.878373,0.878858,0.879289,0.877923,0.879328,0.882088,0.882802,0.88465,0.885542,0.88663,0.884038,0.884589,0.887448,0.887094,0.886872,0.886687,0.885036,0.885861,0.887598,0.889008,0.887314,0.889062,0.892813,0.895814,0.89774,0.90075,0.905025,0.906944,0.911874,0.915244,0.919215,0.924742,0.928119,0.93107,0.937001,0.942358,0.945711,0.948161,0.950607,0.956636,0.952374,0.943847,0.940093,0.930084,0.930163,0.938402,0.952269,0.965785,0.978321,0.984463,0.982918,0.983206,0.983889,0.985126,0.981022,0.98235,0.986475,0.993207,0.994306,0.994541,0.998506,1.001748,1.009017,1.014384,1.017057,1.023279,1.028784,1.028981,1.033535,1.041885,1.049469,1.050141,1.050014,1.057714,1.066987,1.064737,1.063414,1.055031,1.054058,1.058543,1.063017,1.070229,1.067052,1.062922,1.057894,1.058573,1.057409,1.054815,1.050572,1.042041,1.048576,1.050626,1.054465,1.059962,1.068335,1.078722,1.08595,1.094055,1.109012,1.11679,1.121799,1.131255,1.141433,1.149343,1.14773,1.148011,1.14911,1.154019,1.153078,1.148298,1.148674,1.154825,1.1632,1.16366,1.168835,1.17731,1.182988,1.187633,1.193419,1.202912,1.208107,1.213798,1.213849,1.220199,1.224604,1.226313,1.223988,1.218989,1.213787,1.209961,1.204406,1.19776,1.194355,1.190841,1.186215,1.178078,1.176017,1.171646,1.161641,1.153639,1.150733,1.151644,1.150017,1.144691,1.144387,1.146267,1.140836,1.139482,1.143202,1.144074,1.149508,1.145878,1.140201,1.144824,1.154125,1.153422,1.153538,1.160862,1.164458,1.168126,1.168629,1.17458,1.187451,1.193747,1.19816,1.201356,1.204992,1.212704,1.229975,1.235144,1.237685,1.231165,1.222761,1.217541,1.214685,1.217539,1.220923,1.211396,1.207899,1.209222,1.209819,1.210148,1.210769,1.196564,1.191949,1.194178,1.211939,1.224267,1.230871,1.230769,1.222685,1.215521,1.205698,1.194196,1.185738,1.175831,1.169297,1.166555,1.167918,1.167908,1.164778,1.152076,1.138693,1.138858,1.137883,1.140015,1.145054,1.152448,1.150182,1.142479,1.134566,1.126573,1.118751,1.111616,1.104096,1.095272,1.083596,1.077319,1.070079,1.066715,1.06401,1.053107,1.042908,1.031891,1.019642,1.012499,1.008116,1.003695,1.002129,1.0037,1.008059,1.009041,1.006115,1.000146,0.994945,0.988934,0.983851,0.975396,0.971025,0.967964,0.959472,0.949602,0.941704,0.933415,0.927009,0.921316,0.915074,0.909282,0.904832,0.899743,0.901747,0.898764,0.893238,0.88888,0.884851,0.883663,0.882274,0.880415,0.876715,0.87026,0.863896,0.859076,0.855906,0.853736,0.852417,0.844719,0.84325,0.843028,0.841668,0.83958,0.836362,0.833087,0.829213,0.831629,0.833228,0.833539,0.832775,0.831301,0.829994,0.831001,0.834114,0.837246,0.840336,0.839962,0.838188,0.837627,0.837505,0.837811,0.838451,0.838619,0.837379,0.836332,0.835795,0.836295,0.835451,0.835189,0.83551,0.833212,0.833052,0.834008,0.833902,0.834499,0.834491,0.834092,0.834385,0.836482,0.838769,0.839179,0.842078,0.843335,0.843731,0.843862,0.845168,0.843856,0.842515,0.842705,0.842022,0.841113,0.840661,0.840355,0.839358,0.837468,0.836879,0.83258,0.830376,0.829063,0.829202,0.828384,0.828791,0.829335,0.837446,0.843587,0.844519,0.846766,0.848923,0.854384,0.860653,0.866067,0.86984,0.875391,0.879761,0.882773,0.885614,0.88784,0.890412,0.887744,0.882197,0.883029,0.881956,0.881176,0.881139,0.880332,0.87965,0.880237,0.877871,0.875791,0.875305,0.87407,0.875233,0.876186,0.879272,0.877987,0.878029,0.879287,0.879647,0.878373,0.878858,0.879289,0.877923,0.879328,0.882088,0.882802,0.88465,0.885542,0.88663,0.884038,0.884589,0.887448,0.887094,0.886872,0.886687,0.885036,0.885861,0.887598,0.889008,0.887314,0.889062,0.892813,0.895814,0.89774,0.90075,0.905025,0.906944,0.911874,0.915244,0.919215,0.924742,0.928119,0.93107,0.937001,0.942358,0.945711,0.948161,0.950607,0.956636,0.952374,0.943847,0.940093,0.930084,0.930163,0.938402,0.952269,0.965785,0.978321,0.984463,0.982918,0.983206,0.983889,0.985126,0.981022,0.98235,0.986475,0.993207,0.994306,0.994541,0.998506,1.001748,1.009017,1.014384,1.017057,1.023279,1.028784,1.028981,1.033535,1.041885,1.049469,1.050141,1.050014,1.057714,1.066987
CRW,Brunei,0.934067,0.00924631,0.920591,0.90384,0.898069,0.895794,0.890688,0.888056,0.884675,0.888915,0.890469,0.895966,0.89663,0.898805,0.899437,0.899189,0.905207,0.909267,0.914518,0.91579,0.913724,0.910102,0.906327,0.902486,0.893209,0.89497,0.886315,0.882973,0.877563,0.875443,0.871667,0.862845,0.855027,0.850111,0.848631,0.849084,0.853552,0.850144,0.845154,0.841174,0.83528,0.835449,0.835924,0.83886,0.832356,0.831365,0.82971,0.83031,0.83101,0.829149,0.828966,0.826159,0.83182,0.834419,0.836673,0.835205,0.832047,0.829812,0.825999,0.828242,0.825296,0.825203,0.830445,0.838527,0.839723,0.839084,0.836461,0.832932,0.834765,0.833607,0.834378,0.834707,0.838162,0.841559,0.843359,0.845058,0.846249,0.838721,0.820961,0.81941,0.815703,0.826526,0.841235,0.850215,0.859829,0.864067,0.8693,0.874396,0.877329,0.879496,0.880793,0.884593,0.889701,0.890278,0.891013,0.892873,0.891066,0.883161,0.876229,0.8739,0.880745,0.881366,0.877566,0.878974,0.882334,0.893516,0.898351,0.902854,0.911282,0.921161,0.927118,0.933588,0.937291,0.941147,0.936623,0.933634,0.937064,0.944574,0.950731,0.954854,0.953116,0.957643,0.963784,0.964809,0.966933,0.966908,0.965826,0.970668,0.980353,0.994788,0.998141,0.996991,0.991281,1.008635,1.029764,1.042253,1.049413,1.053495,1.050599,1.058651,1.067938,1.07112,1.073715,1.067068,1.058871,1.058644,1.063436,1.066368,1.056506,1.032793,1.026587,1.021442,1.017726,1.020521,1.014384,1.014448,1.014019,1.018257,1.028374,1.03614,1.036742,1.044833,1.039283,1.032485,1.024438,1.01871,1.010655,1.00001,0.995614,0.991139,0.982382,0.972925,0.964003,0.951813,0.941403,0.929583,0.914794,0.907721,0.903719,0.903286,0.904863,0.904163,0.903724,0.89771,0.885562,0.88226,0.880113,0.867104,0.871311,0.878575,0.880094,0.878912,0.877495,0.87619,0.872534,0.879679,0.87511,0.874728,0.873445,0.868963,0.862004,0.860155,0.844287,0.829989,0.828186,0.822416,0.81831,0.821546,0.812677,0.796213,0.791533,0.786714,0.782212,0.779266,0.778822,0.778096,0.778973,0.778706,0.770967,0.757917,0.751401,0.74715,0.737659,0.750746,0.752687,0.753846,0.751563,0.749937,0.745672,0.746595,0.74552,0.745411,0.747779,0.749716,0.755655,0.758387,0.758501,0.761848,0.755537,0.752983,0.751145,0.75145,0.754182,0.758669,0.758001,0.759176,0.759238,0.757485,0.763829,0.762122,0.759198,0.759815,0.755801,0.75512,0.75638,0.762582,0.761015,0.760277,0.758554,0.762857,0.769686,0.780194,0.784292,0.786087,0.790518,0.797541,0.803846,0.806942,0.81366,0.817624,0.814899,0.821018,0.825711,0.833087,0.839115,0.841093,0.832664,0.839175,0.837812,0.838082,0.841625,0.842571,0.84629,0.848071,0.850708,0.851566,0.851458,0.851529,0.852991,0.849512,0.851036,0.852803,0.841486,0.849043,0.850936,0.8439,0.840574,0.847262,0.843045,0.848344,0.856141,0.858918,0.86712,0.868418,0.869493,0.87185,0.876,0.883267,0.885555,0.890445,0.898158,0.905335,0.909647,0.915576,0.912495,0.913236,0.912095,0.907337,0.910602,0.912599,0.913054,0.910506,0.917871,0.924155,0.926589,0.928267,0.93734,0.938337,0.952697,0.969807,1.007973,1.018283,1.031682,1.033138,1.041715,1.048955,1.051975,1.045062,1.033933,1.034583,1.040313,1.039143,1.041299,1.042692,1.041095,1.01711,1.015271,1.015122,1.012039,1.003385,1.000386,1.003714,1.001864,1.011865,1.00785,1.002939,0.999701,0.994929,0.98872,0.979888,0.964624,0.958406,0.947974,0.938495,0.935892,0.934067,0.924631,0.920591,0.90384,0.898069,0.895794,0.890688,0.888056,0.884675,0.888915,0.890469,0.895966,0.89663,0.898805,0.899437,0.899189,0.905207,0.909267,0.914518,0.91579,0.913724,0.910102,0.906327,0.902486,0.893209,0.89497,0.886315,0.882973,0.877563,0.875443,0.871667,0.862845,0.855027,0.850111,0.848631,0.849084,0.853552,0.850144,0.845154,0.841174,0.83528,0.835449,0.835924,0.83886,0.832356,0.831365,0.82971,0.83031,0.83101,0.829149,0.828966,0.826159,0.83182,0.834419,0.836673,0.835205,0.832047,0.829812,0.825999,0.828242,0.825296,0.825203,0.830445,0.838527,0.839723,0.839084,0.836461,0.832932,0.834765,0.833607,0.834378,0.834707,0.838162,0.841559,0.843359,0.845058,0.846249,0.838721,0.820961,0.81941,0.815703,0.826526,0.841235,0.850215,0.859829,0.864067,0.8693,0.874396,0.877329,0.879496,0.880793,0.884593,0.889701,0.890278,0.891013,0.892873,0.891066,0.883161,0.876229,0.8739,0.880745,0.881366,0.877566,0.878974,0.882334,0.893516,0.898351,0.902854,0.911282,0.921161,0.927118,0.933588,0.937291,0.941147,0.936623,0.933634,0.937064,0.944574,0.950731,0.954854,0.953116,0.957643,0.963784,0.964809,0.966933,0.966908,0.965826,0.970668,0.980353,0.994788,0.998141,0.996991,0.991281,1.008635,1.029764,1.042253,1.049413,1.053495,1.050599,1.058651,1.067938,1.07112,1.073715,1.067068,1.058871,1.058644,1.063436,1.066368,1.056506,1.032793,1.026587,1.021442,1.017726,1.020521,1.014384,1.014448,1.014019,1.018257,1.028374,1.03614,1.036742,1.044833,1.039283,1.032485,1.024438,1.01871,1.010655,1.00001,0.995614,0.991139,0.982382,0.972925,0.964003,0.951813,0.941403,0.929583,0.914794,0.907721,0.903719,0.903286,0.904863,0.904163,0.903724,0.89771,0.885562,0.88226,0.880113,0.867104,0.871311,0.878575,0.880094,0.878912,0.877495,0.87619,0.872534,0.879679,0.87511,0.874728,0.873445,0.868963,0.862004,0.860155,0.844287,0.829989,0.828186,0.822416,0.81831,0.821546,0.812677,0.796213,0.791533,0.786714,0.782212,0.779266,0.778822,0.778096,0.778973,0.778706,0.770967,0.757917,0.751401,0.74715,0.737659,0.750746,0.752687,0.753846,0.751563,0.749937,0.745672,0.746595,0.74552,0.745411,0.747779,0.749716,0.755655,0.758387,0.758501,0.761848,0.755537,0.752983,0.751145,0.75145,0.754182,0.758669,0.758001,0.759176,0.759238,0.757485,0.763829,0.762122,0.759198,0.759815,0.755801,0.75512,0.75638,0.762582,0.761015,0.760277,0.758554,0.762857,0.769686,0.780194,0.784292,0.786087,0.790518,0.797541,0.803846,0.806942,0.81366,0.817624,0.814899,0.821018,0.825711,0.833087,0.839115,0.841093,0.832664,0.839175,0.837812,0.838082,0.841625,0.842571,0.84629,0.848071,0.850708,0.851566,0.851458,0.851529,0.852991,0.849512,0.851036,0.852803,0.841486,0.849043,0.850936,0.8439,0.840574,0.847262,0.843045,0.848344,0.856141,0.858918,0.86712,0.868418,0.869493,0.87185,0.876,0.883267,0.885555,0.890445,0.898158,0.905335,0.909647,0.915576,0.912495,0.913236,0.912095,0.907337,0.910602,0.912599,0.913054,0.910506,0.917871,0.924155,0.926589,0.928267,0.93734,0.938337,0.952697,0.969807,1.007973,1.018283,1.031682,1.033138,1.041715,1.048955,1.051975,1.045062,1.033933,1.034583,1.040313,1.039143,1.041299,1.042692,1.041095,1.01711,1.015271,1.015122,1.012039,1.003385,1.000386,1.003714,1.001864,1.011865,1.00785,1.002939,0.999701,0.994929,0.98872,0.979888,0.964624,0.958406,0.947974,0.938495,0.935892
CRW,Bulgaria,0.854453,0.008554540000000001,0.857068,0.857993,0.856603,0.85708,0.864368,0.868342,0.874221,0.881069,0.884094,0.887504,0.890339,0.897884,0.8981,0.898491,0.897756,0.89712,0.896757,0.897368,0.899016,0.896931,0.896194,0.901629,0.904877,0.907133,0.907729,0.911236,0.911108,0.922267,0.93072,0.950582,0.955324,0.958378,0.960315,0.958643,0.955984,0.957121,0.959574,0.962382,0.969955,0.975915,0.982696,0.985948,0.989469,0.991803,0.98289,0.984589,0.985499,0.987732,0.991194,0.993633,0.994302,0.987393,0.981396,0.979668,0.980573,0.966713,0.968227,0.966294,0.963255,0.963928,0.972952,0.984267,0.985567,0.989947,0.994705,1.001308,1.007527,1.012487,1.015983,1.019293,1.019942,1.017239,1.020169,1.025284,1.0312,1.029195,1.02758,1.030641,1.028439,1.027516,1.031502,1.028798,1.025375,1.018657,1.012604,1.014035,1.015188,1.012821,1.011294,1.009857,1.013265,1.011776,1.010303,1.006465,1.001121,1.000335,0.999293,1.006574,1.010507,1.011637,1.005559,1.000012,0.997778,0.991488,0.993626,0.993528,0.990307,0.98697,0.989474,0.991792,0.986777,0.983044,0.977423,0.972661,0.96687,0.966656,0.964671,0.961238,0.959426,0.952498,0.942969,0.941339,0.938699,0.934181,0.92955,0.92381,0.92659,0.934636,0.932462,0.930827,0.927127,0.924724,0.93373,0.938437,0.934166,0.931489,0.929191,0.930276,0.931885,0.930671,0.928456,0.923664,0.916643,0.91863,0.923356,0.927027,0.928419,0.924243,0.917309,0.915556,0.914139,0.915339,0.915541,0.912668,0.914043,0.914968,0.915675,0.914846,0.903256,0.898341,0.892844,0.891452,0.892126,0.89404,0.895843,0.894406,0.879557,0.87872,0.88449,0.880238,0.879351,0.877539,0.875319,0.872946,0.870731,0.871927,0.87,0.868517,0.867522,0.867709,0.869592,0.873091,0.874551,0.866962,0.870235,0.869616,0.87116,0.874229,0.87551,0.875399,0.874239,0.875249,0.87528,0.871896,0.872391,0.873363,0.869204,0.869961,0.86863,0.868025,0.873172,0.875487,0.879395,0.884186,0.887368,0.886349,0.885761,0.888056,0.887567,0.887234,0.888825,0.887419,0.88376,0.884392,0.885765,0.883923,0.880972,0.87842,0.87483,0.874769,0.875518,0.883022,0.883921,0.883759,0.886225,0.885166,0.885803,0.887285,0.888735,0.887537,0.887491,0.888366,0.888336,0.887232,0.884704,0.884152,0.8807,0.878737,0.879362,0.875379,0.876807,0.876922,0.878576,0.880182,0.880528,0.877145,0.876296,0.879443,0.877963,0.878718,0.879949,0.880983,0.881728,0.883277,0.885272,0.883391,0.884429,0.88223,0.882428,0.888231,0.886319,0.884522,0.883157,0.883051,0.880962,0.87912,0.875749,0.872867,0.870346,0.867369,0.866729,0.865303,0.866104,0.862687,0.856058,0.856243,0.856259,0.854682,0.85462,0.85689,0.857027,0.859721,0.859466,0.860621,0.860894,0.859912,0.858723,0.856989,0.856736,0.855038,0.854686,0.855905,0.85622,0.855715,0.851592,0.849764,0.843586,0.84314,0.835374,0.833703,0.835309,0.836393,0.837798,0.838706,0.840334,0.840994,0.840331,0.838626,0.837978,0.83844,0.83847,0.838789,0.838354,0.837438,0.836619,0.836108,0.834615,0.835435,0.835316,0.836424,0.836399,0.8356,0.835223,0.834522,0.834933,0.836428,0.836944,0.837377,0.837488,0.837832,0.840325,0.845747,0.847692,0.849718,0.852341,0.851686,0.84973,0.852591,0.852057,0.850067,0.848725,0.84789,0.847284,0.846879,0.847575,0.849557,0.84692,0.845887,0.844692,0.843853,0.846788,0.851224,0.851183,0.85403,0.855977,0.857421,0.858495,0.860244,0.861841,0.862559,0.855776,0.855841,0.853878,0.854453,0.855454,0.857068,0.857993,0.856603,0.85708,0.864368,0.868342,0.874221,0.881069,0.884094,0.887504,0.890339,0.897884,0.8981,0.898491,0.897756,0.89712,0.896757,0.897368,0.899016,0.896931,0.896194,0.901629,0.904877,0.907133,0.907729,0.911236,0.911108,0.922267,0.93072,0.950582,0.955324,0.958378,0.960315,0.958643,0.955984,0.957121,0.959574,0.962382,0.969955,0.975915,0.982696,0.985948,0.989469,0.991803,0.98289,0.984589,0.985499,0.987732,0.991194,0.993633,0.994302,0.987393,0.981396,0.979668,0.980573,0.966713,0.968227,0.966294,0.963255,0.963928,0.972952,0.984267,0.985567,0.989947,0.994705,1.001308,1.007527,1.012487,1.015983,1.019293,1.019942,1.017239,1.020169,1.025284,1.0312,1.029195,1.02758,1.030641,1.028439,1.027516,1.031502,1.028798,1.025375,1.018657,1.012604,1.014035,1.015188,1.012821,1.011294,1.009857,1.013265,1.011776,1.010303,1.006465,1.001121,1.000335,0.999293,1.006574,1.010507,1.011637,1.005559,1.000012,0.997778,0.991488,0.993626,0.993528,0.990307,0.98697,0.989474,0.991792,0.986777,0.983044,0.977423,0.972661,0.96687,0.966656,0.964671,0.961238,0.959426,0.952498,0.942969,0.941339,0.938699,0.934181,0.92955,0.92381,0.92659,0.934636,0.932462,0.930827,0.927127,0.924724,0.93373,0.938437,0.934166,0.931489,0.929191,0.930276,0.931885,0.930671,0.928456,0.923664,0.916643,0.91863,0.923356,0.927027,0.928419,0.924243,0.917309,0.915556,0.914139,0.915339,0.915541,0.912668,0.914043,0.914968,0.915675,0.914846,0.903256,0.898341,0.892844,0.891452,0.892126,0.89404,0.895843,0.894406,0.879557,0.87872,0.88449,0.880238,0.879351,0.877539,0.875319,0.872946,0.870731,0.871927,0.87,0.868517,0.867522,0.867709,0.869592,0.873091,0.874551,0.866962,0.870235,0.869616,0.87116,0.874229,0.87551,0.875399,0.874239,0.875249,0.87528,0.871896,0.872391,0.873363,0.869204,0.869961,0.86863,0.868025,0.873172,0.875487,0.879395,0.884186,0.887368,0.886349,0.885761,0.888056,0.887567,0.887234,0.888825,0.887419,0.88376,0.884392,0.885765,0.883923,0.880972,0.87842,0.87483,0.874769,0.875518,0.883022,0.883921,0.883759,0.886225,0.885166,0.885803,0.887285,0.888735,0.887537,0.887491,0.888366,0.888336,0.887232,0.884704,0.884152,0.8807,0.878737,0.879362,0.875379,0.876807,0.876922,0.878576,0.880182,0.880528,0.877145,0.876296,0.879443,0.877963,0.878718,0.879949,0.880983,0.881728,0.883277,0.885272,0.883391,0.884429,0.88223,0.882428,0.888231,0.886319,0.884522,0.883157,0.883051,0.880962,0.87912,0.875749,0.872867,0.870346,0.867369,0.866729,0.865303,0.866104,0.862687,0.856058,0.856243,0.856259,0.854682,0.85462,0.85689,0.857027,0.859721,0.859466,0.860621,0.860894,0.859912,0.858723,0.856989,0.856736,0.855038,0.854686,0.855905,0.85622,0.855715,0.851592,0.849764,0.843586,0.84314,0.835374,0.833703,0.835309,0.836393,0.837798,0.838706,0.840334,0.840994,0.840331,0.838626,0.837978,0.83844,0.83847,0.838789,0.838354,0.837438,0.836619,0.836108,0.834615,0.835435,0.835316,0.836424,0.836399,0.8356,0.835223,0.834522,0.834933,0.836428,0.836944,0.837377,0.837488,0.837832,0.840325,0.845747,0.847692,0.849718,0.852341,0.851686,0.84973,0.852591,0.852057,0.850067,0.848725,0.84789,0.847284,0.846879,0.847575,0.849557,0.84692,0.845887,0.844692,0.843853,0.846788,0.851224,0.851183,0.85403,0.855977,0.857421,0.858495,0.860244,0.861841,0.862559,0.855776,0.855841,0.853878
CRW,Burkina Faso,0.806602,0.00799336,0.786054,0.77469,0.759485,0.745331,0.733197,0.732877,0.732286,0.730157,0.728287,0.72574,0.727772,0.721656,0.709554,0.702354,0.702707,0.700958,0.699939,0.697428,0.693512,0.689221,0.686893,0.68789,0.6854,0.680083,0.679462,0.676846,0.67618,0.678755,0.680559,0.679856,0.681418,0.682509,0.684726,0.68645,0.686209,0.685704,0.684552,0.68692,0.689445,0.693507,0.696357,0.699459,0.702616,0.705879,0.711149,0.716026,0.720643,0.725975,0.733215,0.74061,0.74941,0.755912,0.761731,0.767401,0.771882,0.775446,0.778182,0.780005,0.784031,0.78914,0.792641,0.79882,0.804713,0.809704,0.812547,0.811525,0.812942,0.813786,0.819381,0.827634,0.842229,0.863055,0.881897,0.883149,0.882656,0.881692,0.880995,0.879056,0.872278,0.868507,0.865258,0.866143,0.869289,0.865936,0.858707,0.849077,0.835846,0.824799,0.816153,0.808619,0.803191,0.803152,0.808592,0.817306,0.819907,0.825721,0.826322,0.824023,0.823188,0.825244,0.827158,0.828886,0.833046,0.838826,0.850556,0.861031,0.873165,0.880126,0.883858,0.883636,0.881382,0.881856,0.884201,0.888857,0.892306,0.891073,0.88889,0.881909,0.874692,0.86762,0.862518,0.854481,0.84829,0.846256,0.851626,0.856523,0.856676,0.853095,0.852853,0.847803,0.844483,0.837801,0.835641,0.833628,0.830394,0.830534,0.827852,0.825237,0.823795,0.817318,0.813347,0.817003,0.821714,0.819353,0.821768,0.823201,0.82442,0.824759,0.826073,0.832244,0.830313,0.834378,0.845482,0.855553,0.860026,0.865778,0.859653,0.848137,0.844738,0.838321,0.831938,0.831078,0.828527,0.823322,0.810139,0.808599,0.801143,0.788437,0.775446,0.764648,0.755447,0.752528,0.752746,0.754445,0.749589,0.747297,0.749963,0.748557,0.750275,0.759098,0.77183,0.782102,0.78581,0.789426,0.798017,0.792874,0.785338,0.783382,0.779605,0.780907,0.782944,0.777485,0.775485,0.796211,0.794954,0.780554,0.763815,0.760204,0.756232,0.770375,0.779327,0.780168,0.786041,0.790274,0.799518,0.802536,0.80309,0.785556,0.796948,0.803665,0.809196,0.811071,0.809764,0.810532,0.800614,0.797291,0.799325,0.787486,0.783114,0.771318,0.769411,0.770025,0.773887,0.757199,0.758436,0.752206,0.750346,0.752559,0.753396,0.751934,0.749109,0.74694,0.753422,0.754083,0.755333,0.753185,0.749839,0.742643,0.741776,0.737329,0.737633,0.734726,0.73789,0.732596,0.737225,0.738766,0.738471,0.733586,0.734242,0.736047,0.734088,0.734367,0.736039,0.736608,0.742953,0.744346,0.746143,0.744671,0.758054,0.762453,0.766986,0.769087,0.776991,0.782341,0.779834,0.790723,0.799316,0.804771,0.81218,0.815252,0.824092,0.835658,0.843958,0.844622,0.843889,0.850519,0.855565,0.857145,0.860147,0.871226,0.870532,0.882164,0.887888,0.89362,0.897408,0.898671,0.904462,0.903929,0.911903,0.918939,0.922092,0.929984,0.933351,0.933307,0.938003,0.940188,0.951938,0.95816,0.961796,0.96777,0.97621,0.975747,0.979589,0.977932,0.983805,0.993027,1.001585,1.007125,1.015917,1.036932,1.042384,1.025973,1.018777,1.018616,1.016077,1.00783,0.998246,0.991367,0.989254,0.983687,0.976773,0.968844,0.963632,0.956022,0.932029,0.929724,0.931966,0.934387,0.933457,0.933327,0.934597,0.945957,0.950175,0.939057,0.924675,0.909991,0.907785,0.900361,0.896056,0.890925,0.883203,0.870534,0.874998,0.87645,0.872027,0.862475,0.854778,0.861924,0.859773,0.857449,0.864391,0.860189,0.86364,0.86903,0.871723,0.86845,0.865512,0.853364,0.844142,0.833068,0.827078,0.82221,0.809125,0.806602,0.799336,0.786054,0.77469,0.759485,0.745331,0.733197,0.732877,0.732286,0.730157,0.728287,0.72574,0.727772,0.721656,0.709554,0.702354,0.702707,0.700958,0.699939,0.697428,0.693512,0.689221,0.686893,0.68789,0.6854,0.680083,0.679462,0.676846,0.67618,0.678755,0.680559,0.679856,0.681418,0.682509,0.684726,0.68645,0.686209,0.685704,0.684552,0.68692,0.689445,0.693507,0.696357,0.699459,0.702616,0.705879,0.711149,0.716026,0.720643,0.725975,0.733215,0.74061,0.74941,0.755912,0.761731,0.767401,0.771882,0.775446,0.778182,0.780005,0.784031,0.78914,0.792641,0.79882,0.804713,0.809704,0.812547,0.811525,0.812942,0.813786,0.819381,0.827634,0.842229,0.863055,0.881897,0.883149,0.882656,0.881692,0.880995,0.879056,0.872278,0.868507,0.865258,0.866143,0.869289,0.865936,0.858707,0.849077,0.835846,0.824799,0.816153,0.808619,0.803191,0.803152,0.808592,0.817306,0.819907,0.825721,0.826322,0.824023,0.823188,0.825244,0.827158,0.828886,0.833046,0.838826,0.850556,0.861031,0.873165,0.880126,0.883858,0.883636,0.881382,0.881856,0.884201,0.888857,0.892306,0.891073,0.88889,0.881909,0.874692,0.86762,0.862518,0.854481,0.84829,0.846256,0.851626,0.856523,0.856676,0.853095,0.852853,0.847803,0.844483,0.837801,0.835641,0.833628,0.830394,0.830534,0.827852,0.825237,0.823795,0.817318,0.813347,0.817003,0.821714,0.819353,0.821768,0.823201,0.82442,0.824759,0.826073,0.832244,0.830313,0.834378,0.845482,0.855553,0.860026,0.865778,0.859653,0.848137,0.844738,0.838321,0.831938,0.831078,0.828527,0.823322,0.810139,0.808599,0.801143,0.788437,0.775446,0.764648,0.755447,0.752528,0.752746,0.754445,0.749589,0.747297,0.749963,0.748557,0.750275,0.759098,0.77183,0.782102,0.78581,0.789426,0.798017,0.792874,0.785338,0.783382,0.779605,0.780907,0.782944,0.777485,0.775485,0.796211,0.794954,0.780554,0.763815,0.760204,0.756232,0.770375,0.779327,0.780168,0.786041,0.790274,0.799518,0.802536,0.80309,0.785556,0.796948,0.803665,0.809196,0.811071,0.809764,0.810532,0.800614,0.797291,0.799325,0.787486,0.783114,0.771318,0.769411,0.770025,0.773887,0.757199,0.758436,0.752206,0.750346,0.752559,0.753396,0.751934,0.749109,0.74694,0.753422,0.754083,0.755333,0.753185,0.749839,0.742643,0.741776,0.737329,0.737633,0.734726,0.73789,0.732596,0.737225,0.738766,0.738471,0.733586,0.734242,0.736047,0.734088,0.734367,0.736039,0.736608,0.742953,0.744346,0.746143,0.744671,0.758054,0.762453,0.766986,0.769087,0.776991,0.782341,0.779834,0.790723,0.799316,0.804771,0.81218,0.815252,0.824092,0.835658,0.843958,0.844622,0.843889,0.850519,0.855565,0.857145,0.860147,0.871226,0.870532,0.882164,0.887888,0.89362,0.897408,0.898671,0.904462,0.903929,0.911903,0.918939,0.922092,0.929984,0.933351,0.933307,0.938003,0.940188,0.951938,0.95816,0.961796,0.96777,0.97621,0.975747,0.979589,0.977932,0.983805,0.993027,1.001585,1.007125,1.015917,1.036932,1.042384,1.025973,1.018777,1.018616,1.016077,1.00783,0.998246,0.991367,0.989254,0.983687,0.976773,0.968844,0.963632,0.956022,0.932029,0.929724,0.931966,0.934387,0.933457,0.933327,0.934597,0.945957,0.950175,0.939057,0.924675,0.909991,0.907785,0.900361,0.896056,0.890925,0.883203,0.870534,0.874998,0.87645,0.872027,0.862475,0.854778,0.861924,0.859773,0.857449,0.864391,0.860189,0.86364,0.86903,0.871723,0.86845,0.865512,0.853364,0.844142,0.833068,0.827078,0.82221,0.809125
CRW,Burundi,1.222604,0.012284540000000002,1.230904,1.226894,1.22629,1.226582,1.228503,1.2233,1.215626,1.20935,1.209879,1.202407,1.190818,1.176883,1.163323,1.152278,1.147682,1.148312,1.145572,1.142198,1.142181,1.135571,1.130785,1.130081,1.130235,1.12843,1.129035,1.131345,1.135202,1.14322,1.143108,1.138261,1.13279,1.135959,1.134763,1.135132,1.136322,1.140378,1.145634,1.149016,1.151906,1.161693,1.171102,1.172507,1.164365,1.170767,1.174791,1.180806,1.186637,1.191103,1.192441,1.193547,1.188303,1.182054,1.177094,1.170095,1.163113,1.155458,1.15292,1.156929,1.156213,1.15378,1.153055,1.148215,1.14069,1.141623,1.147294,1.1506,1.157129,1.162586,1.169343,1.164811,1.165974,1.167175,1.167988,1.167923,1.170982,1.167787,1.168053,1.170497,1.169673,1.166279,1.168706,1.165635,1.163956,1.161046,1.168716,1.173089,1.175197,1.187786,1.1952,1.200357,1.204571,1.206934,1.217687,1.21844,1.223295,1.223695,1.226249,1.230818,1.238943,1.245615,1.25022,1.259815,1.260971,1.264066,1.270158,1.27569,1.285301,1.28121,1.290402,1.289924,1.294468,1.291134,1.296087,1.296588,1.291185,1.287696,1.284066,1.275878,1.274135,1.265356,1.260229,1.255799,1.254684,1.258166,1.2679,1.263869,1.272535,1.27563,1.275159,1.280341,1.288229,1.29043,1.301491,1.303724,1.302264,1.309523,1.308406,1.304183,1.296763,1.295675,1.301545,1.302397,1.299199,1.296933,1.295596,1.299316,1.297722,1.287759,1.289393,1.294228,1.284083,1.277661,1.280744,1.287651,1.28189,1.274505,1.260255,1.252986,1.254061,1.251171,1.24262,1.232958,1.220579,1.204944,1.192285,1.18234,1.176444,1.162069,1.149757,1.13554,1.12492,1.109973,1.097106,1.080807,1.067698,1.053911,1.051645,1.050047,1.048632,1.042496,1.047454,1.053098,1.053473,1.043672,1.03809,1.030328,1.025933,1.027755,1.024707,1.029224,1.025355,1.022464,1.022809,1.024971,1.021971,1.017946,1.009497,1.007479,1.001195,0.993002,0.986455,0.979,0.973615,0.966331,0.962034,0.953747,0.945641,0.94072,0.940147,0.937544,0.935799,0.929234,0.921869,0.91623,0.915826,0.914251,0.910649,0.909245,0.908867,0.907687,0.906193,0.90583,0.900358,0.895348,0.891162,0.888156,0.886529,0.887233,0.888426,0.885686,0.881133,0.879075,0.877063,0.877118,0.873721,0.871833,0.871544,0.871168,0.870533,0.871549,0.873327,0.873049,0.873596,0.873581,0.874524,0.87705,0.877515,0.874616,0.872561,0.873461,0.872763,0.873116,0.872344,0.871315,0.870998,0.869262,0.869812,0.868898,0.873726,0.880829,0.880534,0.881914,0.884941,0.886657,0.886655,0.886938,0.888226,0.889513,0.891183,0.893924,0.897846,0.901051,0.903607,0.900757,0.893718,0.894381,0.90009,0.901065,0.901749,0.906758,0.912325,0.916721,0.928803,0.933396,0.934593,0.93703,0.93988,0.940425,0.944577,0.948757,0.951863,0.951407,0.954162,0.957226,0.95604,0.958512,0.959612,0.956262,0.953753,0.957828,0.962754,0.965742,0.972399,0.973879,0.977226,0.983096,0.992035,0.992889,0.99578,1.002727,1.008787,1.014979,1.020145,1.023747,1.029589,1.026833,1.031732,1.031663,1.038099,1.041319,1.043689,1.047456,1.057088,1.076459,1.095221,1.097266,1.10206,1.106938,1.115107,1.111201,1.125463,1.136119,1.134705,1.139756,1.140131,1.132141,1.129129,1.133157,1.131046,1.12613,1.133515,1.155733,1.164388,1.179505,1.203411,1.203483,1.201385,1.217218,1.218767,1.214528,1.217845,1.217399,1.221185,1.215794,1.210453,1.21448,1.209978,1.209787,1.209272,1.210811,1.215903,1.223402,1.225392,1.222604,1.228454,1.230904,1.226894,1.22629,1.226582,1.228503,1.2233,1.215626,1.20935,1.209879,1.202407,1.190818,1.176883,1.163323,1.152278,1.147682,1.148312,1.145572,1.142198,1.142181,1.135571,1.130785,1.130081,1.130235,1.12843,1.129035,1.131345,1.135202,1.14322,1.143108,1.138261,1.13279,1.135959,1.134763,1.135132,1.136322,1.140378,1.145634,1.149016,1.151906,1.161693,1.171102,1.172507,1.164365,1.170767,1.174791,1.180806,1.186637,1.191103,1.192441,1.193547,1.188303,1.182054,1.177094,1.170095,1.163113,1.155458,1.15292,1.156929,1.156213,1.15378,1.153055,1.148215,1.14069,1.141623,1.147294,1.1506,1.157129,1.162586,1.169343,1.164811,1.165974,1.167175,1.167988,1.167923,1.170982,1.167787,1.168053,1.170497,1.169673,1.166279,1.168706,1.165635,1.163956,1.161046,1.168716,1.173089,1.175197,1.187786,1.1952,1.200357,1.204571,1.206934,1.217687,1.21844,1.223295,1.223695,1.226249,1.230818,1.238943,1.245615,1.25022,1.259815,1.260971,1.264066,1.270158,1.27569,1.285301,1.28121,1.290402,1.289924,1.294468,1.291134,1.296087,1.296588,1.291185,1.287696,1.284066,1.275878,1.274135,1.265356,1.260229,1.255799,1.254684,1.258166,1.2679,1.263869,1.272535,1.27563,1.275159,1.280341,1.288229,1.29043,1.301491,1.303724,1.302264,1.309523,1.308406,1.304183,1.296763,1.295675,1.301545,1.302397,1.299199,1.296933,1.295596,1.299316,1.297722,1.287759,1.289393,1.294228,1.284083,1.277661,1.280744,1.287651,1.28189,1.274505,1.260255,1.252986,1.254061,1.251171,1.24262,1.232958,1.220579,1.204944,1.192285,1.18234,1.176444,1.162069,1.149757,1.13554,1.12492,1.109973,1.097106,1.080807,1.067698,1.053911,1.051645,1.050047,1.048632,1.042496,1.047454,1.053098,1.053473,1.043672,1.03809,1.030328,1.025933,1.027755,1.024707,1.029224,1.025355,1.022464,1.022809,1.024971,1.021971,1.017946,1.009497,1.007479,1.001195,0.993002,0.986455,0.979,0.973615,0.966331,0.962034,0.953747,0.945641,0.94072,0.940147,0.937544,0.935799,0.929234,0.921869,0.91623,0.915826,0.914251,0.910649,0.909245,0.908867,0.907687,0.906193,0.90583,0.900358,0.895348,0.891162,0.888156,0.886529,0.887233,0.888426,0.885686,0.881133,0.879075,0.877063,0.877118,0.873721,0.871833,0.871544,0.871168,0.870533,0.871549,0.873327,0.873049,0.873596,0.873581,0.874524,0.87705,0.877515,0.874616,0.872561,0.873461,0.872763,0.873116,0.872344,0.871315,0.870998,0.869262,0.869812,0.868898,0.873726,0.880829,0.880534,0.881914,0.884941,0.886657,0.886655,0.886938,0.888226,0.889513,0.891183,0.893924,0.897846,0.901051,0.903607,0.900757,0.893718,0.894381,0.90009,0.901065,0.901749,0.906758,0.912325,0.916721,0.928803,0.933396,0.934593,0.93703,0.93988,0.940425,0.944577,0.948757,0.951863,0.951407,0.954162,0.957226,0.95604,0.958512,0.959612,0.956262,0.953753,0.957828,0.962754,0.965742,0.972399,0.973879,0.977226,0.983096,0.992035,0.992889,0.99578,1.002727,1.008787,1.014979,1.020145,1.023747,1.029589,1.026833,1.031732,1.031663,1.038099,1.041319,1.043689,1.047456,1.057088,1.076459,1.095221,1.097266,1.10206,1.106938,1.115107,1.111201,1.125463,1.136119,1.134705,1.139756,1.140131,1.132141,1.129129,1.133157,1.131046,1.12613,1.133515,1.155733,1.164388,1.179505,1.203411,1.203483,1.201385,1.217218,1.218767,1.214528,1.217845,1.217399,1.221185,1.215794,1.210453,1.21448,1.209978,1.209787,1.209272,1.210811,1.215903,1.223402,1.225392
CRW,CaboVerde,0.876856,0.0087856,0.880371,0.873445,0.865669,0.86517,0.859778,0.857196,0.839894,0.836833,0.834017,0.831896,0.832704,0.830828,0.828127,0.826799,0.825343,0.824605,0.824839,0.825767,0.824051,0.823778,0.824409,0.823199,0.822081,0.822515,0.821705,0.821855,0.822634,0.82207,0.821978,0.816633,0.813587,0.811853,0.809212,0.80819,0.809186,0.808493,0.808283,0.807174,0.806436,0.806395,0.805089,0.805135,0.805538,0.805803,0.807016,0.805939,0.806575,0.807788,0.808026,0.806392,0.804643,0.806012,0.804994,0.80488,0.807349,0.80855,0.807305,0.806846,0.807231,0.805916,0.804469,0.802148,0.802061,0.801131,0.798789,0.797208,0.794764,0.79573,0.793968,0.790066,0.788697,0.7885,0.789265,0.789084,0.792222,0.795156,0.79562,0.796905,0.799401,0.801993,0.804582,0.808897,0.809442,0.812539,0.815309,0.816955,0.818612,0.81621,0.814345,0.812281,0.810326,0.811513,0.813301,0.814935,0.815494,0.814625,0.814427,0.815522,0.816196,0.816435,0.814225,0.813589,0.815893,0.81865,0.821464,0.825175,0.825969,0.828531,0.825776,0.827312,0.830073,0.829858,0.831737,0.832353,0.832565,0.833945,0.836757,0.837326,0.837601,0.838603,0.839345,0.841319,0.839342,0.839811,0.846442,0.848986,0.8513,0.852817,0.854743,0.860259,0.864823,0.867839,0.873321,0.87899,0.882812,0.886928,0.890968,0.893313,0.897688,0.894809,0.899192,0.90713,0.913651,0.919379,0.92353,0.930834,0.938127,0.943849,0.947875,0.951716,0.9561,0.961254,0.971416,0.981916,0.991932,0.99546,0.997965,0.997696,1.000525,0.996996,1.000281,1.003635,1.007597,1.01011,1.020407,1.029719,1.037759,1.050574,1.056899,1.062061,1.066325,1.06856,1.069639,1.072896,1.080055,1.08258,1.087294,1.089193,1.088756,1.08259,1.07986,1.077681,1.066022,1.06053,1.055156,1.055761,1.060675,1.072852,1.081251,1.087436,1.094323,1.090896,1.089507,1.095034,1.100327,1.10304,1.133384,1.144066,1.148336,1.144107,1.136947,1.122384,1.111424,1.098107,1.083366,1.076953,1.068418,1.062474,1.051455,1.044814,1.036122,1.018734,1.017068,1.016882,1.019348,1.023066,1.027546,1.035205,1.044857,1.05554,1.059623,1.066432,1.068378,1.074541,1.07393,1.072544,1.072122,1.06353,1.062431,1.062747,1.05854,1.056157,1.047254,1.041487,1.034605,1.028729,1.028126,1.023982,1.022362,1.018396,1.014968,1.010727,1.007513,1.001809,1.001111,0.99741,0.991063,0.987587,0.981763,0.973593,0.971585,0.965306,0.965529,0.961704,0.960344,0.958243,0.959998,0.96148,0.96497,0.959469,0.957402,0.959105,0.962892,0.96212,0.965062,0.962515,0.960557,0.960659,0.961346,0.967174,0.97081,0.973016,0.974209,0.970986,0.974005,0.977557,0.98037,0.975551,0.981601,0.982234,0.98867,0.990562,0.993609,0.992581,0.987293,0.987629,0.983789,0.977942,0.979794,0.980587,0.979611,0.979807,0.983691,0.978725,0.976965,0.973969,0.977236,0.972736,0.973519,0.972362,0.97018,0.969044,0.971659,0.969971,0.968118,0.964605,0.958861,0.958032,0.9604,0.963924,0.968361,0.969683,0.969115,0.972707,0.972291,0.972588,0.972286,0.97292,0.967048,0.967153,0.968383,0.974374,0.974755,0.975559,0.974491,0.968281,0.964058,0.967335,0.963696,0.963799,0.964678,0.966064,0.966703,0.968996,0.968643,0.967284,0.960373,0.955952,0.95375,0.949994,0.948439,0.93995,0.933003,0.925401,0.919047,0.909908,0.903361,0.89485,0.889053,0.883051,0.877975,0.884148,0.884817,0.879709,0.878468,0.873287,0.886354,0.885681,0.883375,0.88333,0.880477,0.876984,0.87681,0.876856,0.87856,0.880371,0.873445,0.865669,0.86517,0.859778,0.857196,0.839894,0.836833,0.834017,0.831896,0.832704,0.830828,0.828127,0.826799,0.825343,0.824605,0.824839,0.825767,0.824051,0.823778,0.824409,0.823199,0.822081,0.822515,0.821705,0.821855,0.822634,0.82207,0.821978,0.816633,0.813587,0.811853,0.809212,0.80819,0.809186,0.808493,0.808283,0.807174,0.806436,0.806395,0.805089,0.805135,0.805538,0.805803,0.807016,0.805939,0.806575,0.807788,0.808026,0.806392,0.804643,0.806012,0.804994,0.80488,0.807349,0.80855,0.807305,0.806846,0.807231,0.805916,0.804469,0.802148,0.802061,0.801131,0.798789,0.797208,0.794764,0.79573,0.793968,0.790066,0.788697,0.7885,0.789265,0.789084,0.792222,0.795156,0.79562,0.796905,0.799401,0.801993,0.804582,0.808897,0.809442,0.812539,0.815309,0.816955,0.818612,0.81621,0.814345,0.812281,0.810326,0.811513,0.813301,0.814935,0.815494,0.814625,0.814427,0.815522,0.816196,0.816435,0.814225,0.813589,0.815893,0.81865,0.821464,0.825175,0.825969,0.828531,0.825776,0.827312,0.830073,0.829858,0.831737,0.832353,0.832565,0.833945,0.836757,0.837326,0.837601,0.838603,0.839345,0.841319,0.839342,0.839811,0.846442,0.848986,0.8513,0.852817,0.854743,0.860259,0.864823,0.867839,0.873321,0.87899,0.882812,0.886928,0.890968,0.893313,0.897688,0.894809,0.899192,0.90713,0.913651,0.919379,0.92353,0.930834,0.938127,0.943849,0.947875,0.951716,0.9561,0.961254,0.971416,0.981916,0.991932,0.99546,0.997965,0.997696,1.000525,0.996996,1.000281,1.003635,1.007597,1.01011,1.020407,1.029719,1.037759,1.050574,1.056899,1.062061,1.066325,1.06856,1.069639,1.072896,1.080055,1.08258,1.087294,1.089193,1.088756,1.08259,1.07986,1.077681,1.066022,1.06053,1.055156,1.055761,1.060675,1.072852,1.081251,1.087436,1.094323,1.090896,1.089507,1.095034,1.100327,1.10304,1.133384,1.144066,1.148336,1.144107,1.136947,1.122384,1.111424,1.098107,1.083366,1.076953,1.068418,1.062474,1.051455,1.044814,1.036122,1.018734,1.017068,1.016882,1.019348,1.023066,1.027546,1.035205,1.044857,1.05554,1.059623,1.066432,1.068378,1.074541,1.07393,1.072544,1.072122,1.06353,1.062431,1.062747,1.05854,1.056157,1.047254,1.041487,1.034605,1.028729,1.028126,1.023982,1.022362,1.018396,1.014968,1.010727,1.007513,1.001809,1.001111,0.99741,0.991063,0.987587,0.981763,0.973593,0.971585,0.965306,0.965529,0.961704,0.960344,0.958243,0.959998,0.96148,0.96497,0.959469,0.957402,0.959105,0.962892,0.96212,0.965062,0.962515,0.960557,0.960659,0.961346,0.967174,0.97081,0.973016,0.974209,0.970986,0.974005,0.977557,0.98037,0.975551,0.981601,0.982234,0.98867,0.990562,0.993609,0.992581,0.987293,0.987629,0.983789,0.977942,0.979794,0.980587,0.979611,0.979807,0.983691,0.978725,0.976965,0.973969,0.977236,0.972736,0.973519,0.972362,0.97018,0.969044,0.971659,0.969971,0.968118,0.964605,0.958861,0.958032,0.9604,0.963924,0.968361,0.969683,0.969115,0.972707,0.972291,0.972588,0.972286,0.97292,0.967048,0.967153,0.968383,0.974374,0.974755,0.975559,0.974491,0.968281,0.964058,0.967335,0.963696,0.963799,0.964678,0.966064,0.966703,0.968996,0.968643,0.967284,0.960373,0.955952,0.95375,0.949994,0.948439,0.93995,0.933003,0.925401,0.919047,0.909908,0.903361,0.89485,0.889053,0.883051,0.877975,0.884148,0.884817,0.879709,0.878468,0.873287,0.886354,0.885681,0.883375,0.88333,0.880477,0.876984,0.87681
CRW,Cambodia,0.835841,0.00828781,0.825171,0.821355,0.819373,0.815879,0.813036,0.808195,0.807348,0.813226,0.814713,0.818518,0.819515,0.817344,0.815565,0.813349,0.817469,0.817722,0.821183,0.825487,0.834327,0.836324,0.840294,0.841627,0.838323,0.835885,0.83193,0.831168,0.830238,0.836528,0.841583,0.840511,0.839941,0.8414,0.842716,0.833056,0.829675,0.823293,0.819842,0.813261,0.810982,0.810276,0.80888,0.818803,0.824413,0.834808,0.845939,0.857419,0.859413,0.852972,0.856756,0.856269,0.857989,0.858623,0.85663,0.855447,0.854277,0.850178,0.836179,0.822739,0.807455,0.792553,0.778978,0.768113,0.762967,0.7547,0.75158,0.752083,0.751911,0.751991,0.756259,0.760718,0.761773,0.76448,0.766309,0.769158,0.769785,0.768637,0.767319,0.764229,0.762863,0.759326,0.75589,0.753804,0.752886,0.753088,0.750802,0.748691,0.746984,0.747776,0.745107,0.742943,0.743525,0.744723,0.746264,0.750717,0.750703,0.752587,0.755568,0.760394,0.772964,0.777059,0.783309,0.789237,0.794575,0.799181,0.807975,0.815437,0.825993,0.833686,0.84239,0.854968,0.861537,0.861564,0.862576,0.853946,0.852257,0.851025,0.8552,0.858536,0.861088,0.86048,0.860768,0.858663,0.857444,0.852549,0.847296,0.842525,0.844331,0.844206,0.847667,0.849678,0.854494,0.854073,0.855243,0.858201,0.865535,0.868158,0.865955,0.872313,0.869532,0.872617,0.877717,0.876571,0.878351,0.879298,0.880605,0.878856,0.88161,0.875651,0.872555,0.866917,0.864923,0.865204,0.858048,0.862421,0.857115,0.851399,0.850806,0.8559,0.851584,0.848711,0.877704,0.880395,0.886431,0.893022,0.900724,0.90534,0.907557,0.911609,0.90749,0.91241,0.912675,0.916674,0.92201,0.923813,0.927185,0.899381,0.911078,0.903677,0.897359,0.884707,0.880318,0.872244,0.864756,0.856639,0.849836,0.850908,0.841038,0.825642,0.820873,0.813805,0.812114,0.778886,0.766358,0.773435,0.770382,0.761645,0.757592,0.759956,0.758489,0.751953,0.754589,0.761787,0.759941,0.761471,0.762621,0.763275,0.767012,0.752368,0.749702,0.750472,0.751388,0.748697,0.745497,0.743289,0.741743,0.736741,0.730157,0.725441,0.724013,0.723829,0.721154,0.721037,0.719335,0.723709,0.726534,0.728939,0.738403,0.747735,0.75176,0.758469,0.764531,0.766343,0.772155,0.776682,0.782525,0.789075,0.797185,0.806875,0.812769,0.80958,0.809748,0.810451,0.808156,0.807963,0.811158,0.806758,0.811632,0.814637,0.8168,0.817061,0.818619,0.812573,0.820002,0.821708,0.828803,0.830135,0.822644,0.820199,0.818696,0.80879,0.812595,0.810239,0.808545,0.810347,0.812595,0.811182,0.817263,0.80678,0.807918,0.812505,0.820129,0.819783,0.817132,0.822965,0.833231,0.833366,0.836281,0.842928,0.846182,0.844181,0.851118,0.854662,0.859432,0.872117,0.87137,0.873304,0.89256,0.909923,0.914817,0.912288,0.936544,0.945033,0.950993,0.952355,0.95721,0.955037,0.952704,0.952317,0.938588,0.935315,0.936578,0.922933,0.91615,0.910941,0.908248,0.887332,0.884679,0.880016,0.880349,0.890336,0.900959,0.906809,0.904584,0.917797,0.935384,0.937911,0.945129,0.950275,0.958326,0.967452,0.973289,0.974958,0.975091,0.971484,0.96821,0.977899,0.990965,1.014158,1.048897,1.043616,1.041929,1.041691,1.044138,1.050992,1.046624,1.038388,1.034103,1.035974,1.041622,1.039488,1.027978,1.009055,0.993859,0.948361,0.940697,0.938684,0.939396,0.934909,0.917825,0.91173,0.905321,0.903853,0.896535,0.893546,0.886626,0.881555,0.876541,0.865483,0.86328,0.856475,0.851101,0.844524,0.836976,0.835841,0.828781,0.825171,0.821355,0.819373,0.815879,0.813036,0.808195,0.807348,0.813226,0.814713,0.818518,0.819515,0.817344,0.815565,0.813349,0.817469,0.817722,0.821183,0.825487,0.834327,0.836324,0.840294,0.841627,0.838323,0.835885,0.83193,0.831168,0.830238,0.836528,0.841583,0.840511,0.839941,0.8414,0.842716,0.833056,0.829675,0.823293,0.819842,0.813261,0.810982,0.810276,0.80888,0.818803,0.824413,0.834808,0.845939,0.857419,0.859413,0.852972,0.856756,0.856269,0.857989,0.858623,0.85663,0.855447,0.854277,0.850178,0.836179,0.822739,0.807455,0.792553,0.778978,0.768113,0.762967,0.7547,0.75158,0.752083,0.751911,0.751991,0.756259,0.760718,0.761773,0.76448,0.766309,0.769158,0.769785,0.768637,0.767319,0.764229,0.762863,0.759326,0.75589,0.753804,0.752886,0.753088,0.750802,0.748691,0.746984,0.747776,0.745107,0.742943,0.743525,0.744723,0.746264,0.750717,0.750703,0.752587,0.755568,0.760394,0.772964,0.777059,0.783309,0.789237,0.794575,0.799181,0.807975,0.815437,0.825993,0.833686,0.84239,0.854968,0.861537,0.861564,0.862576,0.853946,0.852257,0.851025,0.8552,0.858536,0.861088,0.86048,0.860768,0.858663,0.857444,0.852549,0.847296,0.842525,0.844331,0.844206,0.847667,0.849678,0.854494,0.854073,0.855243,0.858201,0.865535,0.868158,0.865955,0.872313,0.869532,0.872617,0.877717,0.876571,0.878351,0.879298,0.880605,0.878856,0.88161,0.875651,0.872555,0.866917,0.864923,0.865204,0.858048,0.862421,0.857115,0.851399,0.850806,0.8559,0.851584,0.848711,0.877704,0.880395,0.886431,0.893022,0.900724,0.90534,0.907557,0.911609,0.90749,0.91241,0.912675,0.916674,0.92201,0.923813,0.927185,0.899381,0.911078,0.903677,0.897359,0.884707,0.880318,0.872244,0.864756,0.856639,0.849836,0.850908,0.841038,0.825642,0.820873,0.813805,0.812114,0.778886,0.766358,0.773435,0.770382,0.761645,0.757592,0.759956,0.758489,0.751953,0.754589,0.761787,0.759941,0.761471,0.762621,0.763275,0.767012,0.752368,0.749702,0.750472,0.751388,0.748697,0.745497,0.743289,0.741743,0.736741,0.730157,0.725441,0.724013,0.723829,0.721154,0.721037,0.719335,0.723709,0.726534,0.728939,0.738403,0.747735,0.75176,0.758469,0.764531,0.766343,0.772155,0.776682,0.782525,0.789075,0.797185,0.806875,0.812769,0.80958,0.809748,0.810451,0.808156,0.807963,0.811158,0.806758,0.811632,0.814637,0.8168,0.817061,0.818619,0.812573,0.820002,0.821708,0.828803,0.830135,0.822644,0.820199,0.818696,0.80879,0.812595,0.810239,0.808545,0.810347,0.812595,0.811182,0.817263,0.80678,0.807918,0.812505,0.820129,0.819783,0.817132,0.822965,0.833231,0.833366,0.836281,0.842928,0.846182,0.844181,0.851118,0.854662,0.859432,0.872117,0.87137,0.873304,0.89256,0.909923,0.914817,0.912288,0.936544,0.945033,0.950993,0.952355,0.95721,0.955037,0.952704,0.952317,0.938588,0.935315,0.936578,0.922933,0.91615,0.910941,0.908248,0.887332,0.884679,0.880016,0.880349,0.890336,0.900959,0.906809,0.904584,0.917797,0.935384,0.937911,0.945129,0.950275,0.958326,0.967452,0.973289,0.974958,0.975091,0.971484,0.96821,0.977899,0.990965,1.014158,1.048897,1.043616,1.041929,1.041691,1.044138,1.050992,1.046624,1.038388,1.034103,1.035974,1.041622,1.039488,1.027978,1.009055,0.993859,0.948361,0.940697,0.938684,0.939396,0.934909,0.917825,0.91173,0.905321,0.903853,0.896535,0.893546,0.886626,0.881555,0.876541,0.865483,0.86328,0.856475,0.851101,0.844524,0.836976
CRW,Cameroon,1.067184,0.01061826,1.054552,1.047698,1.04432,1.039429,1.035835,1.02983,1.026853,1.02707,1.024315,1.022298,1.019701,1.014022,1.008874,1.00174,0.993403,0.981908,0.974162,0.965002,0.957901,0.951159,0.942646,0.93541,0.925786,0.919952,0.910297,0.899185,0.89317,0.884287,0.881932,0.879659,0.880131,0.878522,0.876189,0.875798,0.867976,0.867533,0.86757,0.869291,0.867729,0.865128,0.865922,0.86578,0.861379,0.857256,0.849856,0.845598,0.845053,0.843855,0.837002,0.834267,0.832463,0.831875,0.827121,0.823236,0.822339,0.818797,0.816261,0.815341,0.812871,0.812382,0.812952,0.810368,0.805055,0.802589,0.798684,0.796038,0.792615,0.791553,0.792368,0.795713,0.799414,0.803116,0.807047,0.811287,0.810947,0.81134,0.814635,0.818494,0.825861,0.836707,0.841794,0.843946,0.843527,0.844815,0.843121,0.843678,0.844527,0.844618,0.841824,0.844865,0.848683,0.851169,0.858267,0.859866,0.855087,0.854172,0.855936,0.861489,0.863829,0.866159,0.868605,0.869861,0.872331,0.878883,0.894931,0.906044,0.908957,0.90688,0.908034,0.913795,0.923223,0.927355,0.932515,0.935704,0.942122,0.94527,0.950224,0.955742,0.959289,0.949927,0.941392,0.942427,0.947209,0.947261,0.944892,0.94494,0.944022,0.946721,0.946802,0.946047,0.952932,0.955191,0.969292,0.970793,0.975053,0.978451,0.980933,0.981725,0.979865,0.985069,0.984534,0.988984,0.98907,0.995012,1.001598,1.005145,1.006935,0.995137,1.006061,1.004661,1.009728,1.016955,1.033094,1.052711,1.057828,1.05449,1.055193,1.059245,1.067742,1.071542,1.058175,1.050134,1.036632,1.024426,1.021883,1.016555,1.008438,0.991636,0.972354,0.957912,0.962454,0.959937,0.95939,0.943833,0.929619,0.92501,0.92561,0.938021,0.939448,0.937752,0.931154,0.934517,0.928194,0.925196,0.92716,0.918643,0.913352,0.905406,0.912018,0.912332,0.917208,0.915989,0.908739,0.901417,0.899815,0.904078,0.910788,0.906166,0.910282,0.911661,0.912418,0.912948,0.907246,0.907047,0.909338,0.910964,0.909016,0.906035,0.90209,0.900032,0.894258,0.889886,0.889547,0.882258,0.877821,0.875459,0.872705,0.873043,0.873965,0.872909,0.871039,0.874469,0.87632,0.878358,0.879867,0.88212,0.886804,0.893917,0.896143,0.898896,0.905058,0.912981,0.916559,0.926797,0.928799,0.931428,0.934864,0.945402,0.949237,0.955359,0.958163,0.969446,0.973051,0.974593,0.975449,0.974881,0.973156,0.968142,0.964389,0.962769,0.961533,0.958912,0.95336,0.953604,0.951614,0.950657,0.954053,0.95327,0.95073,0.95205,0.948918,0.946908,0.947505,0.948467,0.950701,0.950551,0.950865,0.95394,0.954707,0.954996,0.955363,0.951896,0.955189,0.961345,0.964584,0.970383,0.978446,0.98485,0.98937,0.989672,0.995552,1.001892,1.004187,1.00793,1.014271,1.019871,1.019253,1.02198,1.028966,1.032654,1.03394,1.037598,1.039063,1.042449,1.047647,1.052659,1.05638,1.062191,1.069394,1.0722,1.079741,1.088179,1.092511,1.097349,1.096824,1.101792,1.098794,1.098176,1.103803,1.110138,1.115123,1.117865,1.116489,1.112354,1.111741,1.110245,1.112011,1.111326,1.111166,1.118652,1.121272,1.120503,1.124338,1.12888,1.128743,1.125782,1.124727,1.128289,1.137407,1.148287,1.154874,1.159446,1.162295,1.159881,1.160057,1.164324,1.172334,1.174063,1.165612,1.166813,1.167638,1.166496,1.165636,1.165233,1.160137,1.153204,1.148923,1.147806,1.152262,1.144344,1.139716,1.134953,1.130793,1.129636,1.127203,1.125375,1.119927,1.112449,1.103083,1.093628,1.089019,1.081335,1.077392,1.067184,1.061826,1.054552,1.047698,1.04432,1.039429,1.035835,1.02983,1.026853,1.02707,1.024315,1.022298,1.019701,1.014022,1.008874,1.00174,0.993403,0.981908,0.974162,0.965002,0.957901,0.951159,0.942646,0.93541,0.925786,0.919952,0.910297,0.899185,0.89317,0.884287,0.881932,0.879659,0.880131,0.878522,0.876189,0.875798,0.867976,0.867533,0.86757,0.869291,0.867729,0.865128,0.865922,0.86578,0.861379,0.857256,0.849856,0.845598,0.845053,0.843855,0.837002,0.834267,0.832463,0.831875,0.827121,0.823236,0.822339,0.818797,0.816261,0.815341,0.812871,0.812382,0.812952,0.810368,0.805055,0.802589,0.798684,0.796038,0.792615,0.791553,0.792368,0.795713,0.799414,0.803116,0.807047,0.811287,0.810947,0.81134,0.814635,0.818494,0.825861,0.836707,0.841794,0.843946,0.843527,0.844815,0.843121,0.843678,0.844527,0.844618,0.841824,0.844865,0.848683,0.851169,0.858267,0.859866,0.855087,0.854172,0.855936,0.861489,0.863829,0.866159,0.868605,0.869861,0.872331,0.878883,0.894931,0.906044,0.908957,0.90688,0.908034,0.913795,0.923223,0.927355,0.932515,0.935704,0.942122,0.94527,0.950224,0.955742,0.959289,0.949927,0.941392,0.942427,0.947209,0.947261,0.944892,0.94494,0.944022,0.946721,0.946802,0.946047,0.952932,0.955191,0.969292,0.970793,0.975053,0.978451,0.980933,0.981725,0.979865,0.985069,0.984534,0.988984,0.98907,0.995012,1.001598,1.005145,1.006935,0.995137,1.006061,1.004661,1.009728,1.016955,1.033094,1.052711,1.057828,1.05449,1.055193,1.059245,1.067742,1.071542,1.058175,1.050134,1.036632,1.024426,1.021883,1.016555,1.008438,0.991636,0.972354,0.957912,0.962454,0.959937,0.95939,0.943833,0.929619,0.92501,0.92561,0.938021,0.939448,0.937752,0.931154,0.934517,0.928194,0.925196,0.92716,0.918643,0.913352,0.905406,0.912018,0.912332,0.917208,0.915989,0.908739,0.901417,0.899815,0.904078,0.910788,0.906166,0.910282,0.911661,0.912418,0.912948,0.907246,0.907047,0.909338,0.910964,0.909016,0.906035,0.90209,0.900032,0.894258,0.889886,0.889547,0.882258,0.877821,0.875459,0.872705,0.873043,0.873965,0.872909,0.871039,0.874469,0.87632,0.878358,0.879867,0.88212,0.886804,0.893917,0.896143,0.898896,0.905058,0.912981,0.916559,0.926797,0.928799,0.931428,0.934864,0.945402,0.949237,0.955359,0.958163,0.969446,0.973051,0.974593,0.975449,0.974881,0.973156,0.968142,0.964389,0.962769,0.961533,0.958912,0.95336,0.953604,0.951614,0.950657,0.954053,0.95327,0.95073,0.95205,0.948918,0.946908,0.947505,0.948467,0.950701,0.950551,0.950865,0.95394,0.954707,0.954996,0.955363,0.951896,0.955189,0.961345,0.964584,0.970383,0.978446,0.98485,0.98937,0.989672,0.995552,1.001892,1.004187,1.00793,1.014271,1.019871,1.019253,1.02198,1.028966,1.032654,1.03394,1.037598,1.039063,1.042449,1.047647,1.052659,1.05638,1.062191,1.069394,1.0722,1.079741,1.088179,1.092511,1.097349,1.096824,1.101792,1.098794,1.098176,1.103803,1.110138,1.115123,1.117865,1.116489,1.112354,1.111741,1.110245,1.112011,1.111326,1.111166,1.118652,1.121272,1.120503,1.124338,1.12888,1.128743,1.125782,1.124727,1.128289,1.137407,1.148287,1.154874,1.159446,1.162295,1.159881,1.160057,1.164324,1.172334,1.174063,1.165612,1.166813,1.167638,1.166496,1.165636,1.165233,1.160137,1.153204,1.148923,1.147806,1.152262,1.144344,1.139716,1.134953,1.130793,1.129636,1.127203,1.125375,1.119927,1.112449,1.103083,1.093628,1.089019,1.081335,1.077392
CRW,Canada,0.942972,0.00944775,0.946939,0.949483,0.950193,0.951703,0.956057,0.960666,0.96539,0.969019,0.972496,0.976345,0.979834,0.983197,0.9851,0.99537,0.999813,1.003465,1.009984,1.014536,1.021342,1.026197,1.027537,1.031078,1.036783,1.043824,1.050525,1.053631,1.053949,1.052274,1.054714,1.054841,1.05421,1.051088,1.048215,1.045348,1.045682,1.050052,1.052556,1.053591,1.052115,1.051078,1.051744,1.054391,1.057546,1.056373,1.058816,1.06641,1.072327,1.078573,1.0856,1.091436,1.09289,1.095449,1.09513,1.098023,1.100634,1.107509,1.114264,1.117438,1.117318,1.115716,1.110008,1.106634,1.104515,1.104075,1.101254,1.097151,1.095843,1.098021,1.097183,1.092466,1.086646,1.083018,1.08121,1.083767,1.085675,1.088769,1.093005,1.0982,1.100888,1.103794,1.109817,1.111972,1.113113,1.11335,1.120497,1.129571,1.134094,1.137713,1.135881,1.133764,1.129017,1.126093,1.11993,1.114219,1.108557,1.100541,1.094396,1.089358,1.086987,1.08087,1.071894,1.061728,1.055493,1.055979,1.057329,1.058312,1.058004,1.05836,1.059273,1.059265,1.059218,1.06321,1.064926,1.066191,1.067893,1.069911,1.075909,1.077514,1.078278,1.078701,1.077076,1.070359,1.06571,1.06292,1.060902,1.061657,1.059015,1.052965,1.048966,1.041959,1.037505,1.028796,1.023297,1.018042,1.014696,1.013546,1.016908,1.020427,1.020762,1.017542,1.015031,1.016133,1.018002,1.018772,1.019081,1.017018,1.017748,1.018011,1.015169,1.012055,1.009727,1.002232,0.994956,0.988667,0.98638,0.982824,0.974111,0.966685,0.96036,0.956605,0.954988,0.952572,0.949511,0.94884,0.946667,0.943045,0.945165,0.946205,0.944827,0.943677,0.94398,0.943895,0.942628,0.938721,0.935011,0.930905,0.92776,0.924326,0.918348,0.913678,0.91051,0.907064,0.903066,0.900422,0.895835,0.89538,0.894669,0.895356,0.898235,0.90125,0.902979,0.903208,0.899322,0.89834,0.897227,0.896004,0.894096,0.894981,0.894616,0.890991,0.886155,0.882086,0.881717,0.877173,0.874133,0.873225,0.872614,0.870868,0.870474,0.869045,0.867042,0.864241,0.861934,0.861521,0.862149,0.863645,0.863769,0.861487,0.860033,0.859058,0.857234,0.856242,0.856523,0.854812,0.854065,0.852647,0.851969,0.850809,0.848704,0.847748,0.848029,0.847718,0.846643,0.848305,0.847203,0.845422,0.844626,0.84227,0.841547,0.841373,0.840943,0.839966,0.839329,0.837233,0.840787,0.83771,0.838741,0.839724,0.839215,0.838551,0.8389,0.838535,0.838788,0.839249,0.839331,0.839531,0.839781,0.839676,0.839873,0.835502,0.834996,0.835777,0.833832,0.832803,0.832465,0.831421,0.832937,0.835248,0.836287,0.836244,0.835347,0.834453,0.833327,0.834264,0.832484,0.834351,0.834062,0.835258,0.835014,0.835624,0.837455,0.834688,0.833624,0.831583,0.831201,0.829424,0.827156,0.825863,0.823473,0.821067,0.818923,0.817483,0.817283,0.815162,0.813499,0.812249,0.81285,0.811872,0.815404,0.81631,0.816756,0.818564,0.820249,0.821407,0.823728,0.825571,0.8265,0.826805,0.827888,0.829464,0.831487,0.832686,0.837481,0.839354,0.838764,0.840397,0.839962,0.839948,0.842038,0.846417,0.848412,0.850742,0.853127,0.859013,0.863847,0.865048,0.863836,0.861071,0.860578,0.864719,0.866196,0.867457,0.868436,0.868183,0.864882,0.864249,0.864742,0.865991,0.867658,0.869582,0.874649,0.882058,0.886231,0.888814,0.889618,0.895383,0.900857,0.906121,0.911389,0.918436,0.924217,0.928916,0.93417,0.935969,0.936726,0.936668,0.935669,0.93906,0.941705,0.94254,0.941976,0.943209,0.94559,0.942972,0.944775,0.946939,0.949483,0.950193,0.951703,0.956057,0.960666,0.96539,0.969019,0.972496,0.976345,0.979834,0.983197,0.9851,0.99537,0.999813,1.003465,1.009984,1.014536,1.021342,1.026197,1.027537,1.031078,1.036783,1.043824,1.050525,1.053631,1.053949,1.052274,1.054714,1.054841,1.05421,1.051088,1.048215,1.045348,1.045682,1.050052,1.052556,1.053591,1.052115,1.051078,1.051744,1.054391,1.057546,1.056373,1.058816,1.06641,1.072327,1.078573,1.0856,1.091436,1.09289,1.095449,1.09513,1.098023,1.100634,1.107509,1.114264,1.117438,1.117318,1.115716,1.110008,1.106634,1.104515,1.104075,1.101254,1.097151,1.095843,1.098021,1.097183,1.092466,1.086646,1.083018,1.08121,1.083767,1.085675,1.088769,1.093005,1.0982,1.100888,1.103794,1.109817,1.111972,1.113113,1.11335,1.120497,1.129571,1.134094,1.137713,1.135881,1.133764,1.129017,1.126093,1.11993,1.114219,1.108557,1.100541,1.094396,1.089358,1.086987,1.08087,1.071894,1.061728,1.055493,1.055979,1.057329,1.058312,1.058004,1.05836,1.059273,1.059265,1.059218,1.06321,1.064926,1.066191,1.067893,1.069911,1.075909,1.077514,1.078278,1.078701,1.077076,1.070359,1.06571,1.06292,1.060902,1.061657,1.059015,1.052965,1.048966,1.041959,1.037505,1.028796,1.023297,1.018042,1.014696,1.013546,1.016908,1.020427,1.020762,1.017542,1.015031,1.016133,1.018002,1.018772,1.019081,1.017018,1.017748,1.018011,1.015169,1.012055,1.009727,1.002232,0.994956,0.988667,0.98638,0.982824,0.974111,0.966685,0.96036,0.956605,0.954988,0.952572,0.949511,0.94884,0.946667,0.943045,0.945165,0.946205,0.944827,0.943677,0.94398,0.943895,0.942628,0.938721,0.935011,0.930905,0.92776,0.924326,0.918348,0.913678,0.91051,0.907064,0.903066,0.900422,0.895835,0.89538,0.894669,0.895356,0.898235,0.90125,0.902979,0.903208,0.899322,0.89834,0.897227,0.896004,0.894096,0.894981,0.894616,0.890991,0.886155,0.882086,0.881717,0.877173,0.874133,0.873225,0.872614,0.870868,0.870474,0.869045,0.867042,0.864241,0.861934,0.861521,0.862149,0.863645,0.863769,0.861487,0.860033,0.859058,0.857234,0.856242,0.856523,0.854812,0.854065,0.852647,0.851969,0.850809,0.848704,0.847748,0.848029,0.847718,0.846643,0.848305,0.847203,0.845422,0.844626,0.84227,0.841547,0.841373,0.840943,0.839966,0.839329,0.837233,0.840787,0.83771,0.838741,0.839724,0.839215,0.838551,0.8389,0.838535,0.838788,0.839249,0.839331,0.839531,0.839781,0.839676,0.839873,0.835502,0.834996,0.835777,0.833832,0.832803,0.832465,0.831421,0.832937,0.835248,0.836287,0.836244,0.835347,0.834453,0.833327,0.834264,0.832484,0.834351,0.834062,0.835258,0.835014,0.835624,0.837455,0.834688,0.833624,0.831583,0.831201,0.829424,0.827156,0.825863,0.823473,0.821067,0.818923,0.817483,0.817283,0.815162,0.813499,0.812249,0.81285,0.811872,0.815404,0.81631,0.816756,0.818564,0.820249,0.821407,0.823728,0.825571,0.8265,0.826805,0.827888,0.829464,0.831487,0.832686,0.837481,0.839354,0.838764,0.840397,0.839962,0.839948,0.842038,0.846417,0.848412,0.850742,0.853127,0.859013,0.863847,0.865048,0.863836,0.861071,0.860578,0.864719,0.866196,0.867457,0.868436,0.868183,0.864882,0.864249,0.864742,0.865991,0.867658,0.869582,0.874649,0.882058,0.886231,0.888814,0.889618,0.895383,0.900857,0.906121,0.911389,0.918436,0.924217,0.928916,0.93417,0.935969,0.936726,0.936668,0.935669,0.93906,0.941705,0.94254,0.941976,0.943209,0.94559
CRW,CAR,1.023754,0.010180790000000002,1.011631,1.010782,1.004133,1.001422,0.998233,0.9921,0.987771,0.985305,0.981957,0.976759,0.970645,0.969829,0.962532,0.950094,0.945012,0.939546,0.92183,0.910015,0.893349,0.887991,0.881172,0.876907,0.868995,0.857612,0.854269,0.845629,0.832336,0.822963,0.81405,0.810452,0.805155,0.798211,0.795219,0.791155,0.784326,0.785443,0.784093,0.77614,0.775992,0.772894,0.774891,0.774834,0.774967,0.777931,0.77909,0.782677,0.786448,0.787575,0.791649,0.787265,0.779938,0.777356,0.77781,0.779679,0.779909,0.776302,0.776893,0.778823,0.777698,0.774406,0.771313,0.770515,0.77107,0.770137,0.776565,0.78411,0.788875,0.793451,0.797389,0.798133,0.804912,0.812415,0.826124,0.832855,0.834008,0.83663,0.834423,0.830145,0.826052,0.824843,0.823541,0.820462,0.816912,0.812901,0.811892,0.807566,0.806377,0.796999,0.792803,0.795754,0.801772,0.809698,0.822887,0.836266,0.842377,0.845579,0.849387,0.854981,0.858676,0.861596,0.875879,0.876983,0.878107,0.883766,0.887612,0.882464,0.882168,0.875597,0.869285,0.872093,0.875726,0.887033,0.892347,0.895081,0.898977,0.895311,0.894422,0.895586,0.892123,0.888699,0.891076,0.887609,0.885537,0.887773,0.88428,0.885463,0.87412,0.868224,0.861791,0.852391,0.848343,0.84502,0.839239,0.835134,0.831885,0.832999,0.83717,0.842153,0.83801,0.832367,0.824149,0.830601,0.835572,0.842788,0.852352,0.856599,0.860226,0.865769,0.877936,0.898649,0.904353,0.91197,0.927026,0.932522,0.948374,0.962646,0.955612,0.95072,0.953517,0.956572,0.950968,0.951357,0.948765,0.942236,0.914681,0.900727,0.889671,0.877423,0.872325,0.857269,0.844657,0.863548,0.866267,0.864623,0.854104,0.858991,0.855011,0.846858,0.852569,0.863835,0.858694,0.854028,0.845504,0.837962,0.837827,0.836875,0.820254,0.81648,0.808238,0.816678,0.820063,0.819889,0.820322,0.811819,0.812173,0.818758,0.844883,0.850003,0.848879,0.848231,0.848509,0.847495,0.850334,0.851249,0.837208,0.834052,0.835942,0.838812,0.831929,0.825781,0.821028,0.80129,0.795421,0.791606,0.795994,0.797817,0.791172,0.788103,0.776323,0.780033,0.780149,0.779856,0.776068,0.77734,0.783107,0.790552,0.795322,0.801416,0.810401,0.804476,0.799864,0.805947,0.813182,0.825725,0.831984,0.837762,0.848163,0.858901,0.863733,0.865424,0.862996,0.866791,0.870644,0.873456,0.889197,0.899557,0.903233,0.906754,0.898366,0.888998,0.892101,0.8893,0.884289,0.880725,0.880422,0.878333,0.883529,0.88292,0.882753,0.886475,0.88663,0.888036,0.888614,0.891329,0.894886,0.893694,0.894625,0.895591,0.897899,0.902379,0.907123,0.907045,0.910495,0.910211,0.908136,0.91124,0.914208,0.917926,0.918356,0.920492,0.925468,0.928667,0.931512,0.934488,0.933712,0.933028,0.934046,0.936853,0.941146,0.945342,0.946816,0.952224,0.953401,0.955067,0.95899,0.961178,0.964008,0.970832,0.981837,0.984851,0.991885,1.001165,1.001414,1.003287,1.005654,1.009265,1.007104,1.007652,1.013775,1.019027,1.022001,1.02198,1.021047,1.018715,1.022971,1.021532,1.026219,1.035286,1.041367,1.047675,1.049439,1.054853,1.062101,1.064949,1.067283,1.074055,1.077361,1.082075,1.083346,1.08394,1.084526,1.086588,1.083011,1.081708,1.067256,1.052815,1.052258,1.057758,1.053278,1.049904,1.052632,1.064194,1.068635,1.072464,1.077427,1.075774,1.069488,1.074006,1.076008,1.0772,1.075306,1.07103,1.071003,1.069307,1.065895,1.059874,1.053414,1.048062,1.042807,1.040773,1.039047,1.036723,1.029008,1.023754,1.018079,1.011631,1.010782,1.004133,1.001422,0.998233,0.9921,0.987771,0.985305,0.981957,0.976759,0.970645,0.969829,0.962532,0.950094,0.945012,0.939546,0.92183,0.910015,0.893349,0.887991,0.881172,0.876907,0.868995,0.857612,0.854269,0.845629,0.832336,0.822963,0.81405,0.810452,0.805155,0.798211,0.795219,0.791155,0.784326,0.785443,0.784093,0.77614,0.775992,0.772894,0.774891,0.774834,0.774967,0.777931,0.77909,0.782677,0.786448,0.787575,0.791649,0.787265,0.779938,0.777356,0.77781,0.779679,0.779909,0.776302,0.776893,0.778823,0.777698,0.774406,0.771313,0.770515,0.77107,0.770137,0.776565,0.78411,0.788875,0.793451,0.797389,0.798133,0.804912,0.812415,0.826124,0.832855,0.834008,0.83663,0.834423,0.830145,0.826052,0.824843,0.823541,0.820462,0.816912,0.812901,0.811892,0.807566,0.806377,0.796999,0.792803,0.795754,0.801772,0.809698,0.822887,0.836266,0.842377,0.845579,0.849387,0.854981,0.858676,0.861596,0.875879,0.876983,0.878107,0.883766,0.887612,0.882464,0.882168,0.875597,0.869285,0.872093,0.875726,0.887033,0.892347,0.895081,0.898977,0.895311,0.894422,0.895586,0.892123,0.888699,0.891076,0.887609,0.885537,0.887773,0.88428,0.885463,0.87412,0.868224,0.861791,0.852391,0.848343,0.84502,0.839239,0.835134,0.831885,0.832999,0.83717,0.842153,0.83801,0.832367,0.824149,0.830601,0.835572,0.842788,0.852352,0.856599,0.860226,0.865769,0.877936,0.898649,0.904353,0.91197,0.927026,0.932522,0.948374,0.962646,0.955612,0.95072,0.953517,0.956572,0.950968,0.951357,0.948765,0.942236,0.914681,0.900727,0.889671,0.877423,0.872325,0.857269,0.844657,0.863548,0.866267,0.864623,0.854104,0.858991,0.855011,0.846858,0.852569,0.863835,0.858694,0.854028,0.845504,0.837962,0.837827,0.836875,0.820254,0.81648,0.808238,0.816678,0.820063,0.819889,0.820322,0.811819,0.812173,0.818758,0.844883,0.850003,0.848879,0.848231,0.848509,0.847495,0.850334,0.851249,0.837208,0.834052,0.835942,0.838812,0.831929,0.825781,0.821028,0.80129,0.795421,0.791606,0.795994,0.797817,0.791172,0.788103,0.776323,0.780033,0.780149,0.779856,0.776068,0.77734,0.783107,0.790552,0.795322,0.801416,0.810401,0.804476,0.799864,0.805947,0.813182,0.825725,0.831984,0.837762,0.848163,0.858901,0.863733,0.865424,0.862996,0.866791,0.870644,0.873456,0.889197,0.899557,0.903233,0.906754,0.898366,0.888998,0.892101,0.8893,0.884289,0.880725,0.880422,0.878333,0.883529,0.88292,0.882753,0.886475,0.88663,0.888036,0.888614,0.891329,0.894886,0.893694,0.894625,0.895591,0.897899,0.902379,0.907123,0.907045,0.910495,0.910211,0.908136,0.91124,0.914208,0.917926,0.918356,0.920492,0.925468,0.928667,0.931512,0.934488,0.933712,0.933028,0.934046,0.936853,0.941146,0.945342,0.946816,0.952224,0.953401,0.955067,0.95899,0.961178,0.964008,0.970832,0.981837,0.984851,0.991885,1.001165,1.001414,1.003287,1.005654,1.009265,1.007104,1.007652,1.013775,1.019027,1.022001,1.02198,1.021047,1.018715,1.022971,1.021532,1.026219,1.035286,1.041367,1.047675,1.049439,1.054853,1.062101,1.064949,1.067283,1.074055,1.077361,1.082075,1.083346,1.08394,1.084526,1.086588,1.083011,1.081708,1.067256,1.052815,1.052258,1.057758,1.053278,1.049904,1.052632,1.064194,1.068635,1.072464,1.077427,1.075774,1.069488,1.074006,1.076008,1.0772,1.075306,1.07103,1.071003,1.069307,1.065895,1.059874,1.053414,1.048062,1.042807,1.040773,1.039047,1.036723,1.029008
CRW,Chad,0.749374,0.00745831,0.738019,0.731735,0.730139,0.725525,0.722655,0.723483,0.722677,0.714757,0.707646,0.704533,0.689887,0.68528,0.680119,0.680788,0.678505,0.678634,0.676251,0.672525,0.671709,0.667776,0.664959,0.662644,0.66003,0.657613,0.65637,0.656687,0.655924,0.655166,0.651133,0.650036,0.647711,0.649454,0.651287,0.65097,0.654548,0.6592,0.663284,0.668983,0.67711,0.687521,0.696916,0.705823,0.714728,0.726851,0.736849,0.744868,0.754336,0.763788,0.773988,0.781459,0.789938,0.79932,0.806293,0.807867,0.808251,0.809179,0.814248,0.821095,0.826372,0.832651,0.840195,0.841074,0.842809,0.848112,0.856094,0.861229,0.863729,0.863902,0.862971,0.863052,0.86446,0.86746,0.869466,0.870807,0.869701,0.869617,0.870556,0.871827,0.872166,0.870804,0.870764,0.869552,0.869473,0.870415,0.870913,0.866333,0.85708,0.851267,0.848889,0.848155,0.851607,0.861104,0.872037,0.88192,0.89345,0.89638,0.901229,0.905641,0.911,0.916179,0.922559,0.926335,0.928156,0.928125,0.928874,0.931685,0.934506,0.935199,0.935803,0.931276,0.935293,0.942082,0.946449,0.948625,0.947461,0.93851,0.933082,0.929499,0.92739,0.926355,0.919696,0.916958,0.917844,0.926261,0.93851,0.937228,0.924623,0.911393,0.90045,0.892616,0.882972,0.874591,0.868598,0.865839,0.856585,0.854437,0.850135,0.842843,0.829817,0.814307,0.814189,0.828835,0.844287,0.858045,0.869542,0.880679,0.88615,0.886536,0.884165,0.886307,0.887165,0.886908,0.891963,0.898912,0.899974,0.882941,0.858706,0.834197,0.818185,0.801041,0.789904,0.784036,0.782648,0.777855,0.780911,0.776571,0.779676,0.77487,0.766848,0.765693,0.76894,0.769969,0.77334,0.771278,0.772377,0.775804,0.780498,0.774938,0.773798,0.76852,0.763859,0.754905,0.749593,0.747616,0.747335,0.747653,0.749394,0.745726,0.741939,0.737374,0.73347,0.720917,0.720934,0.718327,0.711255,0.712241,0.711106,0.70699,0.698602,0.689236,0.684962,0.681115,0.678483,0.6732,0.664814,0.664392,0.658738,0.656812,0.655718,0.654009,0.656886,0.653431,0.654196,0.654985,0.651819,0.648893,0.646041,0.645927,0.657998,0.6687,0.672454,0.674129,0.676031,0.6735,0.672758,0.675993,0.682242,0.687082,0.68938,0.69868,0.700867,0.710861,0.709588,0.706533,0.700785,0.6961,0.691699,0.68719,0.688386,0.688839,0.682238,0.678933,0.672025,0.676996,0.682476,0.685427,0.692897,0.702887,0.69744,0.691902,0.694851,0.704038,0.711261,0.711394,0.714896,0.720693,0.721381,0.731442,0.737385,0.736315,0.745347,0.744123,0.746664,0.747724,0.760248,0.765503,0.762768,0.772529,0.803561,0.81165,0.82754,0.843784,0.850001,0.842075,0.835424,0.829916,0.827948,0.827146,0.84153,0.843315,0.847367,0.851593,0.856357,0.8436,0.860728,0.857991,0.858645,0.86302,0.876195,0.893697,0.903343,0.915569,0.924613,0.925336,0.926567,0.932715,0.949078,0.953885,0.961862,0.957215,0.956733,0.959264,0.959291,0.955422,0.959352,0.963489,0.958311,0.957594,0.965275,0.969445,0.966637,0.957279,0.950041,0.939958,0.928833,0.917143,0.909479,0.904669,0.895084,0.879614,0.880767,0.883431,0.884158,0.876951,0.874206,0.879063,0.883733,0.890407,0.894732,0.897065,0.902562,0.903419,0.894878,0.895503,0.883364,0.869826,0.857219,0.846077,0.843346,0.837495,0.8311,0.825021,0.816279,0.809976,0.803794,0.799353,0.797561,0.801241,0.80032,0.801193,0.805529,0.804755,0.796484,0.792112,0.789793,0.777901,0.767295,0.768575,0.769239,0.764185,0.76758,0.760614,0.755711,0.749374,0.745831,0.738019,0.731735,0.730139,0.725525,0.722655,0.723483,0.722677,0.714757,0.707646,0.704533,0.689887,0.68528,0.680119,0.680788,0.678505,0.678634,0.676251,0.672525,0.671709,0.667776,0.664959,0.662644,0.66003,0.657613,0.65637,0.656687,0.655924,0.655166,0.651133,0.650036,0.647711,0.649454,0.651287,0.65097,0.654548,0.6592,0.663284,0.668983,0.67711,0.687521,0.696916,0.705823,0.714728,0.726851,0.736849,0.744868,0.754336,0.763788,0.773988,0.781459,0.789938,0.79932,0.806293,0.807867,0.808251,0.809179,0.814248,0.821095,0.826372,0.832651,0.840195,0.841074,0.842809,0.848112,0.856094,0.861229,0.863729,0.863902,0.862971,0.863052,0.86446,0.86746,0.869466,0.870807,0.869701,0.869617,0.870556,0.871827,0.872166,0.870804,0.870764,0.869552,0.869473,0.870415,0.870913,0.866333,0.85708,0.851267,0.848889,0.848155,0.851607,0.861104,0.872037,0.88192,0.89345,0.89638,0.901229,0.905641,0.911,0.916179,0.922559,0.926335,0.928156,0.928125,0.928874,0.931685,0.934506,0.935199,0.935803,0.931276,0.935293,0.942082,0.946449,0.948625,0.947461,0.93851,0.933082,0.929499,0.92739,0.926355,0.919696,0.916958,0.917844,0.926261,0.93851,0.937228,0.924623,0.911393,0.90045,0.892616,0.882972,0.874591,0.868598,0.865839,0.856585,0.854437,0.850135,0.842843,0.829817,0.814307,0.814189,0.828835,0.844287,0.858045,0.869542,0.880679,0.88615,0.886536,0.884165,0.886307,0.887165,0.886908,0.891963,0.898912,0.899974,0.882941,0.858706,0.834197,0.818185,0.801041,0.789904,0.784036,0.782648,0.777855,0.780911,0.776571,0.779676,0.77487,0.766848,0.765693,0.76894,0.769969,0.77334,0.771278,0.772377,0.775804,0.780498,0.774938,0.773798,0.76852,0.763859,0.754905,0.749593,0.747616,0.747335,0.747653,0.749394,0.745726,0.741939,0.737374,0.73347,0.720917,0.720934,0.718327,0.711255,0.712241,0.711106,0.70699,0.698602,0.689236,0.684962,0.681115,0.678483,0.6732,0.664814,0.664392,0.658738,0.656812,0.655718,0.654009,0.656886,0.653431,0.654196,0.654985,0.651819,0.648893,0.646041,0.645927,0.657998,0.6687,0.672454,0.674129,0.676031,0.6735,0.672758,0.675993,0.682242,0.687082,0.68938,0.69868,0.700867,0.710861,0.709588,0.706533,0.700785,0.6961,0.691699,0.68719,0.688386,0.688839,0.682238,0.678933,0.672025,0.676996,0.682476,0.685427,0.692897,0.702887,0.69744,0.691902,0.694851,0.704038,0.711261,0.711394,0.714896,0.720693,0.721381,0.731442,0.737385,0.736315,0.745347,0.744123,0.746664,0.747724,0.760248,0.765503,0.762768,0.772529,0.803561,0.81165,0.82754,0.843784,0.850001,0.842075,0.835424,0.829916,0.827948,0.827146,0.84153,0.843315,0.847367,0.851593,0.856357,0.8436,0.860728,0.857991,0.858645,0.86302,0.876195,0.893697,0.903343,0.915569,0.924613,0.925336,0.926567,0.932715,0.949078,0.953885,0.961862,0.957215,0.956733,0.959264,0.959291,0.955422,0.959352,0.963489,0.958311,0.957594,0.965275,0.969445,0.966637,0.957279,0.950041,0.939958,0.928833,0.917143,0.909479,0.904669,0.895084,0.879614,0.880767,0.883431,0.884158,0.876951,0.874206,0.879063,0.883733,0.890407,0.894732,0.897065,0.902562,0.903419,0.894878,0.895503,0.883364,0.869826,0.857219,0.846077,0.843346,0.837495,0.8311,0.825021,0.816279,0.809976,0.803794,0.799353,0.797561,0.801241,0.80032,0.801193,0.805529,0.804755,0.796484,0.792112,0.789793,0.777901,0.767295,0.768575,0.769239,0.764185,0.76758,0.760614,0.755711
CRW,Chile,0.960831,0.009637139999999999,0.965394,0.968391,0.973004,0.975493,0.976586,0.967902,0.969305,0.962547,0.966265,0.96632,0.967356,0.968126,0.96837,0.971823,0.975202,0.981204,0.982487,0.983051,0.99032,0.993203,0.999823,1.011672,1.025458,1.031829,1.040105,1.043261,1.05159,1.061084,1.075096,1.089489,1.100832,1.108111,1.111474,1.108692,1.108521,1.112482,1.104404,1.090823,1.093814,1.099741,1.101738,1.092485,1.098006,1.097198,1.089356,1.078622,1.076442,1.08384,1.094239,1.103601,1.106106,1.111481,1.112787,1.105508,1.107096,1.115842,1.129063,1.121263,1.119149,1.124189,1.139262,1.156587,1.149223,1.152688,1.162984,1.174173,1.187238,1.201149,1.219288,1.233035,1.242625,1.259645,1.2851,1.296827,1.291436,1.282458,1.269537,1.274701,1.268997,1.256231,1.243028,1.234467,1.23463,1.232603,1.226458,1.227156,1.218035,1.211394,1.205694,1.207442,1.223241,1.232439,1.241726,1.239989,1.246184,1.247578,1.242117,1.22966,1.209155,1.195638,1.182499,1.178906,1.176426,1.168305,1.162695,1.14078,1.127649,1.118351,1.11067,1.100557,1.092212,1.09187,1.087016,1.088063,1.086364,1.079502,1.063669,1.051445,1.047336,1.046731,1.044595,1.04081,1.034017,1.028691,1.018016,1.013465,1.005714,1.00166,0.996771,0.990586,0.986066,0.987485,0.983926,0.977231,0.969401,0.966238,0.959456,0.952462,0.948122,0.94579,0.940112,0.934771,0.931336,0.929824,0.929418,0.924996,0.918742,0.913473,0.909452,0.906901,0.902613,0.900436,0.900158,0.897558,0.895412,0.89333,0.8892,0.884418,0.88049,0.875391,0.872713,0.870909,0.870585,0.868587,0.865289,0.861991,0.860235,0.856821,0.85516,0.853117,0.851647,0.85184,0.852224,0.853348,0.853976,0.854451,0.854929,0.854756,0.8552,0.854973,0.857027,0.857447,0.858071,0.859973,0.86019,0.860946,0.860827,0.861219,0.860751,0.861705,0.863321,0.868679,0.874243,0.876067,0.876746,0.877103,0.876084,0.877539,0.879847,0.881148,0.881597,0.882278,0.880966,0.879753,0.882038,0.883558,0.880946,0.883307,0.889494,0.894983,0.899785,0.901861,0.901714,0.902201,0.905052,0.908992,0.910874,0.927951,0.937497,0.947447,0.952913,0.956664,0.956435,0.959857,0.958373,0.961742,0.964756,0.966484,0.968119,0.968959,0.970248,0.976125,0.980728,0.981073,0.978453,0.976391,0.975691,0.976731,0.971266,0.968587,0.963841,0.962527,0.961574,0.971669,0.975355,0.97819,0.976288,0.967018,0.985706,0.986176,0.985309,0.986639,0.986197,0.986542,0.988992,0.990661,0.991228,0.991214,0.986209,0.986023,0.983469,0.985702,0.98524,0.956044,0.953212,0.951034,0.953839,0.953386,0.95599,0.961345,0.987051,0.991424,0.998185,1.000961,1.002488,1.005074,1.002217,1.003739,1.00175,1.000881,1.00412,1.004257,1.00627,1.002855,0.996483,0.967414,0.963722,0.959528,0.959948,0.959794,0.957761,0.961629,0.959631,0.958958,0.958622,0.953876,0.954959,0.952386,0.95158,0.951444,0.94863,0.945717,0.942975,0.938934,0.936614,0.932636,0.926572,0.922532,0.919252,0.916815,0.914908,0.911089,0.909921,0.910365,0.910705,0.911647,0.909847,0.911084,0.907581,0.909368,0.920249,0.922099,0.923396,0.922931,0.924932,0.927986,0.926378,0.925893,0.924086,0.925132,0.924882,0.927995,0.927883,0.931583,0.927173,0.916383,0.914942,0.915021,0.915068,0.914154,0.914808,0.914913,0.914097,0.914493,0.913911,0.913594,0.914291,0.916591,0.91611,0.917289,0.91893,0.919972,0.92006,0.919882,0.922029,0.937764,0.94026,0.949986,0.952355,0.953971,0.956641,0.958327,0.960084,0.960831,0.963714,0.965394,0.968391,0.973004,0.975493,0.976586,0.967902,0.969305,0.962547,0.966265,0.96632,0.967356,0.968126,0.96837,0.971823,0.975202,0.981204,0.982487,0.983051,0.99032,0.993203,0.999823,1.011672,1.025458,1.031829,1.040105,1.043261,1.05159,1.061084,1.075096,1.089489,1.100832,1.108111,1.111474,1.108692,1.108521,1.112482,1.104404,1.090823,1.093814,1.099741,1.101738,1.092485,1.098006,1.097198,1.089356,1.078622,1.076442,1.08384,1.094239,1.103601,1.106106,1.111481,1.112787,1.105508,1.107096,1.115842,1.129063,1.121263,1.119149,1.124189,1.139262,1.156587,1.149223,1.152688,1.162984,1.174173,1.187238,1.201149,1.219288,1.233035,1.242625,1.259645,1.2851,1.296827,1.291436,1.282458,1.269537,1.274701,1.268997,1.256231,1.243028,1.234467,1.23463,1.232603,1.226458,1.227156,1.218035,1.211394,1.205694,1.207442,1.223241,1.232439,1.241726,1.239989,1.246184,1.247578,1.242117,1.22966,1.209155,1.195638,1.182499,1.178906,1.176426,1.168305,1.162695,1.14078,1.127649,1.118351,1.11067,1.100557,1.092212,1.09187,1.087016,1.088063,1.086364,1.079502,1.063669,1.051445,1.047336,1.046731,1.044595,1.04081,1.034017,1.028691,1.018016,1.013465,1.005714,1.00166,0.996771,0.990586,0.986066,0.987485,0.983926,0.977231,0.969401,0.966238,0.959456,0.952462,0.948122,0.94579,0.940112,0.934771,0.931336,0.929824,0.929418,0.924996,0.918742,0.913473,0.909452,0.906901,0.902613,0.900436,0.900158,0.897558,0.895412,0.89333,0.8892,0.884418,0.88049,0.875391,0.872713,0.870909,0.870585,0.868587,0.865289,0.861991,0.860235,0.856821,0.85516,0.853117,0.851647,0.85184,0.852224,0.853348,0.853976,0.854451,0.854929,0.854756,0.8552,0.854973,0.857027,0.857447,0.858071,0.859973,0.86019,0.860946,0.860827,0.861219,0.860751,0.861705,0.863321,0.868679,0.874243,0.876067,0.876746,0.877103,0.876084,0.877539,0.879847,0.881148,0.881597,0.882278,0.880966,0.879753,0.882038,0.883558,0.880946,0.883307,0.889494,0.894983,0.899785,0.901861,0.901714,0.902201,0.905052,0.908992,0.910874,0.927951,0.937497,0.947447,0.952913,0.956664,0.956435,0.959857,0.958373,0.961742,0.964756,0.966484,0.968119,0.968959,0.970248,0.976125,0.980728,0.981073,0.978453,0.976391,0.975691,0.976731,0.971266,0.968587,0.963841,0.962527,0.961574,0.971669,0.975355,0.97819,0.976288,0.967018,0.985706,0.986176,0.985309,0.986639,0.986197,0.986542,0.988992,0.990661,0.991228,0.991214,0.986209,0.986023,0.983469,0.985702,0.98524,0.956044,0.953212,0.951034,0.953839,0.953386,0.95599,0.961345,0.987051,0.991424,0.998185,1.000961,1.002488,1.005074,1.002217,1.003739,1.00175,1.000881,1.00412,1.004257,1.00627,1.002855,0.996483,0.967414,0.963722,0.959528,0.959948,0.959794,0.957761,0.961629,0.959631,0.958958,0.958622,0.953876,0.954959,0.952386,0.95158,0.951444,0.94863,0.945717,0.942975,0.938934,0.936614,0.932636,0.926572,0.922532,0.919252,0.916815,0.914908,0.911089,0.909921,0.910365,0.910705,0.911647,0.909847,0.911084,0.907581,0.909368,0.920249,0.922099,0.923396,0.922931,0.924932,0.927986,0.926378,0.925893,0.924086,0.925132,0.924882,0.927995,0.927883,0.931583,0.927173,0.916383,0.914942,0.915021,0.915068,0.914154,0.914808,0.914913,0.914097,0.914493,0.913911,0.913594,0.914291,0.916591,0.91611,0.917289,0.91893,0.919972,0.92006,0.919882,0.922029,0.937764,0.94026,0.949986,0.952355,0.953971,0.956641,0.958327,0.960084
CRW,Colombia,1.21222,0.012100010000000001,1.207137,1.199841,1.19158,1.191465,1.186332,1.184192,1.178273,1.169628,1.169423,1.167376,1.162186,1.15676,1.148508,1.146052,1.140165,1.134319,1.135232,1.131954,1.126649,1.124007,1.121411,1.122205,1.124122,1.118401,1.112077,1.107061,1.101398,1.098859,1.099129,1.095272,1.092668,1.085976,1.083304,1.075275,1.068917,1.063719,1.058017,1.049709,1.048112,1.048999,1.049706,1.048872,1.047026,1.042225,1.039698,1.035867,1.032486,1.029635,1.030414,1.030726,1.026934,1.024628,1.023986,1.022403,1.020272,1.019069,1.015974,1.017726,1.017498,1.01595,1.016104,1.01685,1.016561,1.015522,1.01729,1.021122,1.025532,1.028868,1.03005,1.033629,1.033375,1.035223,1.033711,1.033318,1.032603,1.031076,1.033447,1.034411,1.03452,1.033555,1.033061,1.027569,1.026033,1.022412,1.017571,1.020603,1.025167,1.032727,1.04616,1.061335,1.073017,1.076976,1.086063,1.096479,1.105166,1.11089,1.114165,1.119359,1.127235,1.133283,1.139256,1.145436,1.146378,1.148488,1.15114,1.156124,1.162433,1.163363,1.165988,1.170509,1.171334,1.174274,1.176482,1.181171,1.187168,1.19528,1.195482,1.205468,1.216215,1.230609,1.245924,1.263083,1.278966,1.285797,1.296841,1.308029,1.325759,1.341193,1.35228,1.364146,1.36605,1.375634,1.378974,1.386584,1.396429,1.398888,1.401158,1.405589,1.412942,1.417126,1.430513,1.438856,1.446618,1.452511,1.457062,1.462633,1.46673,1.474469,1.480876,1.473692,1.464686,1.460031,1.462818,1.473185,1.470026,1.461757,1.45223,1.4508,1.446295,1.440238,1.443622,1.452847,1.459322,1.457197,1.465197,1.473369,1.48195,1.474745,1.466117,1.470846,1.476338,1.485503,1.471973,1.469335,1.473666,1.457898,1.447224,1.431727,1.42283,1.415114,1.415573,1.407157,1.409986,1.416649,1.402672,1.395024,1.389534,1.392333,1.390883,1.385033,1.390495,1.384919,1.387073,1.388306,1.375616,1.359556,1.33774,1.316394,1.313704,1.306934,1.295643,1.284121,1.276444,1.269749,1.260608,1.257681,1.24608,1.228456,1.218102,1.212496,1.207657,1.196944,1.191367,1.184015,1.174998,1.164413,1.157522,1.153375,1.146647,1.141597,1.136565,1.134739,1.135251,1.138271,1.13463,1.133054,1.13213,1.131913,1.125008,1.123867,1.125649,1.124992,1.121686,1.116492,1.110454,1.100975,1.093205,1.085873,1.080929,1.078521,1.073214,1.070366,1.066039,1.068533,1.067923,1.062019,1.055971,1.054017,1.054193,1.056217,1.058944,1.062208,1.066137,1.066399,1.066324,1.06772,1.068079,1.067527,1.068028,1.066555,1.069687,1.073375,1.074619,1.076318,1.076991,1.077295,1.07578,1.076252,1.079858,1.083229,1.083671,1.088627,1.092655,1.094263,1.095759,1.09934,1.101092,1.103194,1.104104,1.106609,1.110626,1.119093,1.124673,1.126115,1.126634,1.126936,1.125153,1.129563,1.135613,1.142991,1.146537,1.15333,1.158889,1.166193,1.170712,1.173334,1.176898,1.181158,1.186839,1.191028,1.199555,1.207743,1.210932,1.213719,1.214818,1.216888,1.215379,1.216374,1.223953,1.227063,1.228324,1.23141,1.234675,1.234552,1.238096,1.240294,1.245444,1.246355,1.250081,1.251697,1.256244,1.266546,1.277548,1.281025,1.288235,1.297772,1.298296,1.305583,1.318567,1.329255,1.337731,1.34571,1.355961,1.35699,1.364293,1.371481,1.379859,1.378668,1.375604,1.377551,1.378929,1.381787,1.377196,1.369573,1.359995,1.350555,1.342822,1.331237,1.328577,1.319529,1.307761,1.293761,1.289433,1.283419,1.274562,1.265103,1.255687,1.248895,1.240488,1.235483,1.232312,1.225786,1.223142,1.21222,1.210001,1.207137,1.199841,1.19158,1.191465,1.186332,1.184192,1.178273,1.169628,1.169423,1.167376,1.162186,1.15676,1.148508,1.146052,1.140165,1.134319,1.135232,1.131954,1.126649,1.124007,1.121411,1.122205,1.124122,1.118401,1.112077,1.107061,1.101398,1.098859,1.099129,1.095272,1.092668,1.085976,1.083304,1.075275,1.068917,1.063719,1.058017,1.049709,1.048112,1.048999,1.049706,1.048872,1.047026,1.042225,1.039698,1.035867,1.032486,1.029635,1.030414,1.030726,1.026934,1.024628,1.023986,1.022403,1.020272,1.019069,1.015974,1.017726,1.017498,1.01595,1.016104,1.01685,1.016561,1.015522,1.01729,1.021122,1.025532,1.028868,1.03005,1.033629,1.033375,1.035223,1.033711,1.033318,1.032603,1.031076,1.033447,1.034411,1.03452,1.033555,1.033061,1.027569,1.026033,1.022412,1.017571,1.020603,1.025167,1.032727,1.04616,1.061335,1.073017,1.076976,1.086063,1.096479,1.105166,1.11089,1.114165,1.119359,1.127235,1.133283,1.139256,1.145436,1.146378,1.148488,1.15114,1.156124,1.162433,1.163363,1.165988,1.170509,1.171334,1.174274,1.176482,1.181171,1.187168,1.19528,1.195482,1.205468,1.216215,1.230609,1.245924,1.263083,1.278966,1.285797,1.296841,1.308029,1.325759,1.341193,1.35228,1.364146,1.36605,1.375634,1.378974,1.386584,1.396429,1.398888,1.401158,1.405589,1.412942,1.417126,1.430513,1.438856,1.446618,1.452511,1.457062,1.462633,1.46673,1.474469,1.480876,1.473692,1.464686,1.460031,1.462818,1.473185,1.470026,1.461757,1.45223,1.4508,1.446295,1.440238,1.443622,1.452847,1.459322,1.457197,1.465197,1.473369,1.48195,1.474745,1.466117,1.470846,1.476338,1.485503,1.471973,1.469335,1.473666,1.457898,1.447224,1.431727,1.42283,1.415114,1.415573,1.407157,1.409986,1.416649,1.402672,1.395024,1.389534,1.392333,1.390883,1.385033,1.390495,1.384919,1.387073,1.388306,1.375616,1.359556,1.33774,1.316394,1.313704,1.306934,1.295643,1.284121,1.276444,1.269749,1.260608,1.257681,1.24608,1.228456,1.218102,1.212496,1.207657,1.196944,1.191367,1.184015,1.174998,1.164413,1.157522,1.153375,1.146647,1.141597,1.136565,1.134739,1.135251,1.138271,1.13463,1.133054,1.13213,1.131913,1.125008,1.123867,1.125649,1.124992,1.121686,1.116492,1.110454,1.100975,1.093205,1.085873,1.080929,1.078521,1.073214,1.070366,1.066039,1.068533,1.067923,1.062019,1.055971,1.054017,1.054193,1.056217,1.058944,1.062208,1.066137,1.066399,1.066324,1.06772,1.068079,1.067527,1.068028,1.066555,1.069687,1.073375,1.074619,1.076318,1.076991,1.077295,1.07578,1.076252,1.079858,1.083229,1.083671,1.088627,1.092655,1.094263,1.095759,1.09934,1.101092,1.103194,1.104104,1.106609,1.110626,1.119093,1.124673,1.126115,1.126634,1.126936,1.125153,1.129563,1.135613,1.142991,1.146537,1.15333,1.158889,1.166193,1.170712,1.173334,1.176898,1.181158,1.186839,1.191028,1.199555,1.207743,1.210932,1.213719,1.214818,1.216888,1.215379,1.216374,1.223953,1.227063,1.228324,1.23141,1.234675,1.234552,1.238096,1.240294,1.245444,1.246355,1.250081,1.251697,1.256244,1.266546,1.277548,1.281025,1.288235,1.297772,1.298296,1.305583,1.318567,1.329255,1.337731,1.34571,1.355961,1.35699,1.364293,1.371481,1.379859,1.378668,1.375604,1.377551,1.378929,1.381787,1.377196,1.369573,1.359995,1.350555,1.342822,1.331237,1.328577,1.319529,1.307761,1.293761,1.289433,1.283419,1.274562,1.265103,1.255687,1.248895,1.240488,1.235483,1.232312,1.225786,1.223142
CRW,CostaRica,0.984466,0.00982255,0.97404,0.971259,0.968307,0.961543,0.952368,0.945338,0.940485,0.938209,0.941278,0.941702,0.936318,0.929573,0.926423,0.928453,0.923693,0.923963,0.916261,0.912672,0.91246,0.909025,0.908237,0.909537,0.909364,0.907683,0.90527,0.906294,0.906617,0.906128,0.899134,0.899296,0.892017,0.888306,0.885675,0.878913,0.876346,0.874168,0.872373,0.866897,0.863277,0.859832,0.856468,0.849431,0.853483,0.857001,0.853832,0.851707,0.851375,0.847939,0.846412,0.847291,0.844955,0.84098,0.838988,0.837093,0.837118,0.835604,0.834784,0.830007,0.826796,0.831948,0.831553,0.831576,0.836179,0.838411,0.837013,0.839219,0.843128,0.844519,0.844883,0.853072,0.861566,0.870976,0.874176,0.878189,0.878146,0.884703,0.888485,0.890066,0.893574,0.896795,0.895805,0.89567,0.897832,0.897403,0.897428,0.895919,0.89049,0.892626,0.899009,0.90314,0.906493,0.913463,0.914732,0.91787,0.923064,0.930421,0.943092,0.955503,0.96704,0.972518,0.980454,0.986918,0.993214,1.000829,1.007647,1.011357,1.012214,1.023052,1.02689,1.034897,1.035831,1.031179,1.017771,1.012808,1.014978,1.015285,1.015947,1.019012,1.028557,1.02857,1.033673,1.041103,1.040517,1.048375,1.05398,1.068321,1.083739,1.096194,1.108121,1.118095,1.127243,1.133501,1.142579,1.142851,1.157888,1.159669,1.168559,1.178823,1.181558,1.187537,1.186272,1.187322,1.185717,1.189331,1.189151,1.193115,1.202822,1.209529,1.213873,1.206265,1.206935,1.204926,1.207609,1.20723,1.205936,1.212207,1.202838,1.204826,1.204798,1.205561,1.206585,1.21555,1.212178,1.209065,1.21319,1.220279,1.219967,1.217303,1.22968,1.243042,1.245777,1.258019,1.258789,1.265381,1.273905,1.277182,1.263095,1.259107,1.249634,1.250358,1.252045,1.245249,1.242496,1.22924,1.212847,1.201028,1.195918,1.196737,1.19064,1.197236,1.201315,1.210078,1.208573,1.21231,1.208307,1.207451,1.22044,1.239325,1.244816,1.246179,1.241124,1.232585,1.227016,1.204944,1.187016,1.167777,1.160517,1.147329,1.138954,1.131625,1.126149,1.114588,1.102681,1.09532,1.089551,1.084127,1.082776,1.086134,1.091532,1.090192,1.093784,1.08851,1.091218,1.089994,1.087114,1.081315,1.075482,1.070613,1.071539,1.070035,1.070692,1.07468,1.065087,1.058164,1.052673,1.046492,1.043095,1.044471,1.048433,1.048801,1.052962,1.061147,1.065314,1.064128,1.061491,1.059993,1.053033,1.049545,1.051858,1.053458,1.05706,1.060285,1.057492,1.055357,1.059446,1.056672,1.054118,1.055452,1.056902,1.054683,1.057276,1.057806,1.051613,1.051158,1.048716,1.042995,1.035798,1.030942,1.026126,1.014336,1.010053,1.007537,1.000734,0.999188,0.999588,0.99607,0.992578,0.998288,0.996719,0.994604,0.995183,1.004024,1.011266,1.014572,1.022067,1.023667,1.024215,1.022199,1.025102,1.029093,1.035021,1.043225,1.043171,1.052308,1.066208,1.080516,1.080589,1.081977,1.088066,1.09025,1.094548,1.092658,1.09494,1.094128,1.092814,1.091161,1.08499,1.08633,1.081912,1.067819,1.063503,1.06475,1.063428,1.056709,1.049132,1.045643,1.051167,1.058196,1.06042,1.05802,1.062684,1.064696,1.070118,1.078251,1.098672,1.096286,1.096943,1.110259,1.121,1.127411,1.130675,1.130743,1.132635,1.141998,1.149251,1.14682,1.161951,1.161961,1.151628,1.130323,1.130229,1.129692,1.116798,1.115821,1.10286,1.098134,1.099096,1.093099,1.082893,1.075185,1.076009,1.063602,1.053681,1.052806,1.053826,1.04691,1.036576,1.027519,1.011401,1.007602,1.003723,0.996556,0.990472,0.984466,0.982255,0.97404,0.971259,0.968307,0.961543,0.952368,0.945338,0.940485,0.938209,0.941278,0.941702,0.936318,0.929573,0.926423,0.928453,0.923693,0.923963,0.916261,0.912672,0.91246,0.909025,0.908237,0.909537,0.909364,0.907683,0.90527,0.906294,0.906617,0.906128,0.899134,0.899296,0.892017,0.888306,0.885675,0.878913,0.876346,0.874168,0.872373,0.866897,0.863277,0.859832,0.856468,0.849431,0.853483,0.857001,0.853832,0.851707,0.851375,0.847939,0.846412,0.847291,0.844955,0.84098,0.838988,0.837093,0.837118,0.835604,0.834784,0.830007,0.826796,0.831948,0.831553,0.831576,0.836179,0.838411,0.837013,0.839219,0.843128,0.844519,0.844883,0.853072,0.861566,0.870976,0.874176,0.878189,0.878146,0.884703,0.888485,0.890066,0.893574,0.896795,0.895805,0.89567,0.897832,0.897403,0.897428,0.895919,0.89049,0.892626,0.899009,0.90314,0.906493,0.913463,0.914732,0.91787,0.923064,0.930421,0.943092,0.955503,0.96704,0.972518,0.980454,0.986918,0.993214,1.000829,1.007647,1.011357,1.012214,1.023052,1.02689,1.034897,1.035831,1.031179,1.017771,1.012808,1.014978,1.015285,1.015947,1.019012,1.028557,1.02857,1.033673,1.041103,1.040517,1.048375,1.05398,1.068321,1.083739,1.096194,1.108121,1.118095,1.127243,1.133501,1.142579,1.142851,1.157888,1.159669,1.168559,1.178823,1.181558,1.187537,1.186272,1.187322,1.185717,1.189331,1.189151,1.193115,1.202822,1.209529,1.213873,1.206265,1.206935,1.204926,1.207609,1.20723,1.205936,1.212207,1.202838,1.204826,1.204798,1.205561,1.206585,1.21555,1.212178,1.209065,1.21319,1.220279,1.219967,1.217303,1.22968,1.243042,1.245777,1.258019,1.258789,1.265381,1.273905,1.277182,1.263095,1.259107,1.249634,1.250358,1.252045,1.245249,1.242496,1.22924,1.212847,1.201028,1.195918,1.196737,1.19064,1.197236,1.201315,1.210078,1.208573,1.21231,1.208307,1.207451,1.22044,1.239325,1.244816,1.246179,1.241124,1.232585,1.227016,1.204944,1.187016,1.167777,1.160517,1.147329,1.138954,1.131625,1.126149,1.114588,1.102681,1.09532,1.089551,1.084127,1.082776,1.086134,1.091532,1.090192,1.093784,1.08851,1.091218,1.089994,1.087114,1.081315,1.075482,1.070613,1.071539,1.070035,1.070692,1.07468,1.065087,1.058164,1.052673,1.046492,1.043095,1.044471,1.048433,1.048801,1.052962,1.061147,1.065314,1.064128,1.061491,1.059993,1.053033,1.049545,1.051858,1.053458,1.05706,1.060285,1.057492,1.055357,1.059446,1.056672,1.054118,1.055452,1.056902,1.054683,1.057276,1.057806,1.051613,1.051158,1.048716,1.042995,1.035798,1.030942,1.026126,1.014336,1.010053,1.007537,1.000734,0.999188,0.999588,0.99607,0.992578,0.998288,0.996719,0.994604,0.995183,1.004024,1.011266,1.014572,1.022067,1.023667,1.024215,1.022199,1.025102,1.029093,1.035021,1.043225,1.043171,1.052308,1.066208,1.080516,1.080589,1.081977,1.088066,1.09025,1.094548,1.092658,1.09494,1.094128,1.092814,1.091161,1.08499,1.08633,1.081912,1.067819,1.063503,1.06475,1.063428,1.056709,1.049132,1.045643,1.051167,1.058196,1.06042,1.05802,1.062684,1.064696,1.070118,1.078251,1.098672,1.096286,1.096943,1.110259,1.121,1.127411,1.130675,1.130743,1.132635,1.141998,1.149251,1.14682,1.161951,1.161961,1.151628,1.130323,1.130229,1.129692,1.116798,1.115821,1.10286,1.098134,1.099096,1.093099,1.082893,1.075185,1.076009,1.063602,1.053681,1.052806,1.053826,1.04691,1.036576,1.027519,1.011401,1.007602,1.003723,0.996556,0.990472
CRW,Croatia,0.864386,0.0086695,0.866837,0.85841,0.861509,0.862003,0.8626,0.883099,0.887667,0.896475,0.901405,0.901948,0.902346,0.910276,0.912921,0.914379,0.91425,0.918401,0.922477,0.925803,0.926708,0.932091,0.931289,0.93035,0.929769,0.932177,0.936615,0.941474,0.944341,0.948799,0.952197,0.953992,0.95683,0.957653,0.956733,0.956446,0.951492,0.947608,0.947909,0.950042,0.944189,0.958284,0.957689,0.958845,0.956656,0.96095,0.962929,0.963203,0.969154,0.973546,0.978771,0.981605,0.987278,1.000589,1.000671,1.001136,0.992029,0.991785,0.989911,0.985213,0.981699,0.986931,0.984058,0.982193,0.97844,0.977074,0.97829,0.9834,0.979274,0.984164,0.987918,0.991022,0.993334,0.995394,0.997845,0.999387,0.978902,0.984306,0.987233,0.989795,0.991677,0.992851,0.987832,0.980579,0.977994,0.975336,0.97304,0.971312,0.972541,0.973208,0.974956,0.974258,0.974905,0.974497,0.974746,0.97218,0.968927,0.965946,0.97237,0.975369,0.973939,0.973404,0.971408,0.967833,0.963335,0.960049,0.960983,0.960764,0.960124,0.958926,0.962189,0.964131,0.961212,0.955391,0.947311,0.952876,0.951794,0.951411,0.952251,0.956955,0.955669,0.950434,0.946682,0.945057,0.942745,0.936231,0.931291,0.943705,0.942996,0.945585,0.942593,0.941175,0.940375,0.935936,0.932174,0.928452,0.923511,0.919207,0.916253,0.91384,0.91303,0.910185,0.896995,0.894782,0.889849,0.890002,0.888937,0.884332,0.883198,0.879057,0.877104,0.878943,0.884224,0.88983,0.896351,0.904577,0.909194,0.909553,0.908336,0.907985,0.906085,0.908267,0.904778,0.903015,0.901881,0.901106,0.903392,0.895986,0.886492,0.878855,0.873117,0.869361,0.873822,0.872723,0.869933,0.86615,0.862621,0.862472,0.86328,0.865322,0.865782,0.864819,0.865598,0.865882,0.863911,0.861921,0.860038,0.844252,0.841795,0.843018,0.842132,0.839203,0.838135,0.837403,0.840923,0.840387,0.846572,0.847545,0.852363,0.856108,0.856097,0.855783,0.858083,0.862427,0.865498,0.868937,0.866759,0.865561,0.864387,0.864101,0.858937,0.856768,0.854692,0.855118,0.852171,0.850733,0.850419,0.846183,0.841142,0.844408,0.842231,0.845025,0.847363,0.848958,0.850473,0.849963,0.84975,0.850085,0.850125,0.850871,0.852321,0.851951,0.853631,0.851751,0.838715,0.837816,0.835339,0.834144,0.828317,0.826827,0.82756,0.823476,0.817857,0.827445,0.825121,0.827502,0.828498,0.824375,0.82378,0.828069,0.835726,0.839337,0.83595,0.82888,0.828429,0.836788,0.838451,0.836912,0.827188,0.833734,0.840144,0.84534,0.845004,0.836815,0.835684,0.833149,0.831688,0.831098,0.828961,0.827291,0.824867,0.825141,0.829968,0.827597,0.823645,0.822697,0.822206,0.833632,0.835912,0.84246,0.838077,0.825449,0.816786,0.813312,0.810032,0.810352,0.814971,0.815718,0.814651,0.814769,0.820317,0.823691,0.814726,0.813132,0.790338,0.800759,0.823061,0.829995,0.829653,0.828608,0.830068,0.829102,0.821326,0.826814,0.829367,0.83112,0.832136,0.832402,0.832227,0.833237,0.82869,0.813467,0.808802,0.802096,0.792866,0.796527,0.813811,0.824591,0.822741,0.824219,0.82038,0.818956,0.820141,0.821131,0.821984,0.823992,0.826249,0.826193,0.827094,0.827806,0.824519,0.823355,0.825562,0.830132,0.82843,0.831539,0.837367,0.838526,0.839436,0.843034,0.841784,0.842539,0.843557,0.844867,0.846567,0.849906,0.85001,0.848904,0.84761,0.846765,0.846362,0.847129,0.848375,0.852655,0.850092,0.85455,0.856722,0.858287,0.860143,0.862309,0.857872,0.856424,0.859636,0.861845,0.864769,0.864386,0.86695,0.866837,0.85841,0.861509,0.862003,0.8626,0.883099,0.887667,0.896475,0.901405,0.901948,0.902346,0.910276,0.912921,0.914379,0.91425,0.918401,0.922477,0.925803,0.926708,0.932091,0.931289,0.93035,0.929769,0.932177,0.936615,0.941474,0.944341,0.948799,0.952197,0.953992,0.95683,0.957653,0.956733,0.956446,0.951492,0.947608,0.947909,0.950042,0.944189,0.958284,0.957689,0.958845,0.956656,0.96095,0.962929,0.963203,0.969154,0.973546,0.978771,0.981605,0.987278,1.000589,1.000671,1.001136,0.992029,0.991785,0.989911,0.985213,0.981699,0.986931,0.984058,0.982193,0.97844,0.977074,0.97829,0.9834,0.979274,0.984164,0.987918,0.991022,0.993334,0.995394,0.997845,0.999387,0.978902,0.984306,0.987233,0.989795,0.991677,0.992851,0.987832,0.980579,0.977994,0.975336,0.97304,0.971312,0.972541,0.973208,0.974956,0.974258,0.974905,0.974497,0.974746,0.97218,0.968927,0.965946,0.97237,0.975369,0.973939,0.973404,0.971408,0.967833,0.963335,0.960049,0.960983,0.960764,0.960124,0.958926,0.962189,0.964131,0.961212,0.955391,0.947311,0.952876,0.951794,0.951411,0.952251,0.956955,0.955669,0.950434,0.946682,0.945057,0.942745,0.936231,0.931291,0.943705,0.942996,0.945585,0.942593,0.941175,0.940375,0.935936,0.932174,0.928452,0.923511,0.919207,0.916253,0.91384,0.91303,0.910185,0.896995,0.894782,0.889849,0.890002,0.888937,0.884332,0.883198,0.879057,0.877104,0.878943,0.884224,0.88983,0.896351,0.904577,0.909194,0.909553,0.908336,0.907985,0.906085,0.908267,0.904778,0.903015,0.901881,0.901106,0.903392,0.895986,0.886492,0.878855,0.873117,0.869361,0.873822,0.872723,0.869933,0.86615,0.862621,0.862472,0.86328,0.865322,0.865782,0.864819,0.865598,0.865882,0.863911,0.861921,0.860038,0.844252,0.841795,0.843018,0.842132,0.839203,0.838135,0.837403,0.840923,0.840387,0.846572,0.847545,0.852363,0.856108,0.856097,0.855783,0.858083,0.862427,0.865498,0.868937,0.866759,0.865561,0.864387,0.864101,0.858937,0.856768,0.854692,0.855118,0.852171,0.850733,0.850419,0.846183,0.841142,0.844408,0.842231,0.845025,0.847363,0.848958,0.850473,0.849963,0.84975,0.850085,0.850125,0.850871,0.852321,0.851951,0.853631,0.851751,0.838715,0.837816,0.835339,0.834144,0.828317,0.826827,0.82756,0.823476,0.817857,0.827445,0.825121,0.827502,0.828498,0.824375,0.82378,0.828069,0.835726,0.839337,0.83595,0.82888,0.828429,0.836788,0.838451,0.836912,0.827188,0.833734,0.840144,0.84534,0.845004,0.836815,0.835684,0.833149,0.831688,0.831098,0.828961,0.827291,0.824867,0.825141,0.829968,0.827597,0.823645,0.822697,0.822206,0.833632,0.835912,0.84246,0.838077,0.825449,0.816786,0.813312,0.810032,0.810352,0.814971,0.815718,0.814651,0.814769,0.820317,0.823691,0.814726,0.813132,0.790338,0.800759,0.823061,0.829995,0.829653,0.828608,0.830068,0.829102,0.821326,0.826814,0.829367,0.83112,0.832136,0.832402,0.832227,0.833237,0.82869,0.813467,0.808802,0.802096,0.792866,0.796527,0.813811,0.824591,0.822741,0.824219,0.82038,0.818956,0.820141,0.821131,0.821984,0.823992,0.826249,0.826193,0.827094,0.827806,0.824519,0.823355,0.825562,0.830132,0.82843,0.831539,0.837367,0.838526,0.839436,0.843034,0.841784,0.842539,0.843557,0.844867,0.846567,0.849906,0.85001,0.848904,0.84761,0.846765,0.846362,0.847129,0.848375,0.852655,0.850092,0.85455,0.856722,0.858287,0.860143,0.862309,0.857872,0.856424,0.859636,0.861845,0.864769
CRW,Cuba,0.841513,0.00829065,0.825109,0.822621,0.822091,0.810882,0.808086,0.804384,0.803208,0.800126,0.801116,0.803836,0.807882,0.813936,0.821155,0.826053,0.828954,0.833893,0.837663,0.844652,0.847854,0.85593,0.858807,0.862292,0.871271,0.875638,0.876915,0.875317,0.875496,0.878141,0.879594,0.881587,0.878289,0.874146,0.869538,0.868965,0.868493,0.870832,0.872141,0.868848,0.864125,0.867094,0.864528,0.864079,0.862788,0.863604,0.864631,0.865383,0.867364,0.86353,0.864818,0.865234,0.862293,0.860741,0.861801,0.862767,0.856598,0.874009,0.882646,0.881768,0.8832,0.879117,0.882397,0.882075,0.882944,0.884616,0.885084,0.885728,0.88555,0.889036,0.891592,0.89272,0.886609,0.878972,0.873887,0.871069,0.870222,0.86384,0.864774,0.866036,0.865769,0.865098,0.866136,0.867411,0.856118,0.823817,0.825039,0.827249,0.829668,0.828561,0.827122,0.828476,0.829361,0.829179,0.82641,0.826659,0.82588,0.824964,0.826712,0.825799,0.824642,0.825487,0.8254,0.82543,0.826556,0.826985,0.825421,0.823869,0.824884,0.828304,0.835363,0.834917,0.834859,0.832883,0.833831,0.834335,0.835102,0.834101,0.832072,0.831473,0.831009,0.83068,0.831293,0.83372,0.834621,0.827186,0.828594,0.830502,0.838203,0.842403,0.847142,0.84785,0.85096,0.854955,0.85663,0.859544,0.868961,0.874341,0.875016,0.878351,0.882084,0.884621,0.886924,0.883427,0.883706,0.886923,0.892419,0.896568,0.900745,0.905879,0.911685,0.908978,0.911742,0.915537,0.916351,0.914849,0.915291,0.912408,0.915693,0.918722,0.915407,0.911666,0.910852,0.910371,0.916785,0.920265,0.919958,0.914916,0.910346,0.911828,0.913587,0.921764,0.919057,0.918118,0.919942,0.923491,0.92819,0.926995,0.925343,0.919574,0.919149,0.925295,0.928833,0.933811,0.933075,0.936472,0.930288,0.939083,0.945508,0.941506,0.936231,0.929712,0.93058,0.928217,0.924503,0.914573,0.90386,0.898438,0.883251,0.876764,0.8721,0.86735,0.863144,0.868404,0.871957,0.884325,0.892178,0.901812,0.907776,0.912835,0.908291,0.902605,0.902775,0.907069,0.906228,0.910883,0.914297,0.914244,0.908997,0.909106,0.903812,0.901233,0.899815,0.900629,0.904621,0.911791,0.913564,0.913195,0.911053,0.913177,0.906327,0.897281,0.892571,0.884737,0.880513,0.877673,0.876758,0.867173,0.859783,0.854591,0.843743,0.839315,0.839447,0.839846,0.834199,0.833365,0.833894,0.82821,0.83314,0.832689,0.837454,0.835082,0.834559,0.83171,0.828411,0.828336,0.83331,0.831896,0.829234,0.831872,0.844638,0.870381,0.882679,0.887131,0.88899,0.889704,0.889851,0.890208,0.893739,0.896027,0.903783,0.904324,0.908957,0.916211,0.922665,0.920519,0.911977,0.905846,0.908541,0.913242,0.911392,0.90904,0.910428,0.915623,0.920991,0.926621,0.929857,0.929658,0.926126,0.92321,0.924054,0.931368,0.931528,0.926698,0.923613,0.926347,0.93307,0.933101,0.926459,0.924146,0.911913,0.913038,0.911781,0.913054,0.912218,0.912574,0.913625,0.914428,0.92208,0.921505,0.916075,0.910783,0.921207,0.926752,0.932875,0.936368,0.939029,0.9399,0.949077,0.94807,0.947244,0.943407,0.941131,0.939229,0.94256,0.945381,0.943794,0.934652,0.931743,0.963376,0.955441,0.943441,0.939823,0.938854,0.946193,0.956882,0.959435,0.965924,0.970492,0.970792,0.970123,0.968189,0.96112,0.954534,0.907447,0.911355,0.916236,0.917058,0.913175,0.908239,0.921419,0.922276,0.91443,0.905097,0.897875,0.902487,0.900719,0.901709,0.898938,0.898372,0.891301,0.886578,0.883304,0.875678,0.869616,0.841513,0.829065,0.825109,0.822621,0.822091,0.810882,0.808086,0.804384,0.803208,0.800126,0.801116,0.803836,0.807882,0.813936,0.821155,0.826053,0.828954,0.833893,0.837663,0.844652,0.847854,0.85593,0.858807,0.862292,0.871271,0.875638,0.876915,0.875317,0.875496,0.878141,0.879594,0.881587,0.878289,0.874146,0.869538,0.868965,0.868493,0.870832,0.872141,0.868848,0.864125,0.867094,0.864528,0.864079,0.862788,0.863604,0.864631,0.865383,0.867364,0.86353,0.864818,0.865234,0.862293,0.860741,0.861801,0.862767,0.856598,0.874009,0.882646,0.881768,0.8832,0.879117,0.882397,0.882075,0.882944,0.884616,0.885084,0.885728,0.88555,0.889036,0.891592,0.89272,0.886609,0.878972,0.873887,0.871069,0.870222,0.86384,0.864774,0.866036,0.865769,0.865098,0.866136,0.867411,0.856118,0.823817,0.825039,0.827249,0.829668,0.828561,0.827122,0.828476,0.829361,0.829179,0.82641,0.826659,0.82588,0.824964,0.826712,0.825799,0.824642,0.825487,0.8254,0.82543,0.826556,0.826985,0.825421,0.823869,0.824884,0.828304,0.835363,0.834917,0.834859,0.832883,0.833831,0.834335,0.835102,0.834101,0.832072,0.831473,0.831009,0.83068,0.831293,0.83372,0.834621,0.827186,0.828594,0.830502,0.838203,0.842403,0.847142,0.84785,0.85096,0.854955,0.85663,0.859544,0.868961,0.874341,0.875016,0.878351,0.882084,0.884621,0.886924,0.883427,0.883706,0.886923,0.892419,0.896568,0.900745,0.905879,0.911685,0.908978,0.911742,0.915537,0.916351,0.914849,0.915291,0.912408,0.915693,0.918722,0.915407,0.911666,0.910852,0.910371,0.916785,0.920265,0.919958,0.914916,0.910346,0.911828,0.913587,0.921764,0.919057,0.918118,0.919942,0.923491,0.92819,0.926995,0.925343,0.919574,0.919149,0.925295,0.928833,0.933811,0.933075,0.936472,0.930288,0.939083,0.945508,0.941506,0.936231,0.929712,0.93058,0.928217,0.924503,0.914573,0.90386,0.898438,0.883251,0.876764,0.8721,0.86735,0.863144,0.868404,0.871957,0.884325,0.892178,0.901812,0.907776,0.912835,0.908291,0.902605,0.902775,0.907069,0.906228,0.910883,0.914297,0.914244,0.908997,0.909106,0.903812,0.901233,0.899815,0.900629,0.904621,0.911791,0.913564,0.913195,0.911053,0.913177,0.906327,0.897281,0.892571,0.884737,0.880513,0.877673,0.876758,0.867173,0.859783,0.854591,0.843743,0.839315,0.839447,0.839846,0.834199,0.833365,0.833894,0.82821,0.83314,0.832689,0.837454,0.835082,0.834559,0.83171,0.828411,0.828336,0.83331,0.831896,0.829234,0.831872,0.844638,0.870381,0.882679,0.887131,0.88899,0.889704,0.889851,0.890208,0.893739,0.896027,0.903783,0.904324,0.908957,0.916211,0.922665,0.920519,0.911977,0.905846,0.908541,0.913242,0.911392,0.90904,0.910428,0.915623,0.920991,0.926621,0.929857,0.929658,0.926126,0.92321,0.924054,0.931368,0.931528,0.926698,0.923613,0.926347,0.93307,0.933101,0.926459,0.924146,0.911913,0.913038,0.911781,0.913054,0.912218,0.912574,0.913625,0.914428,0.92208,0.921505,0.916075,0.910783,0.921207,0.926752,0.932875,0.936368,0.939029,0.9399,0.949077,0.94807,0.947244,0.943407,0.941131,0.939229,0.94256,0.945381,0.943794,0.934652,0.931743,0.963376,0.955441,0.943441,0.939823,0.938854,0.946193,0.956882,0.959435,0.965924,0.970492,0.970792,0.970123,0.968189,0.96112,0.954534,0.907447,0.911355,0.916236,0.917058,0.913175,0.908239,0.921419,0.922276,0.91443,0.905097,0.897875,0.902487,0.900719,0.901709,0.898938,0.898372,0.891301,0.886578,0.883304,0.875678,0.869616
CRW,Cyprus,0.81315,0.00822453,0.830243,0.832658,0.83252,0.833925,0.833261,0.83238,0.833448,0.834182,0.836293,0.838039,0.84046,0.843491,0.846912,0.848433,0.845941,0.839842,0.838087,0.839936,0.837788,0.837984,0.841325,0.842937,0.852564,0.857702,0.861359,0.863357,0.86549,0.867928,0.870153,0.871392,0.874654,0.879095,0.884522,0.887666,0.886816,0.886087,0.886954,0.880168,0.878644,0.877917,0.877946,0.878868,0.882569,0.884172,0.886794,0.887136,0.895553,0.893319,0.894057,0.900004,0.902673,0.905989,0.910954,0.913584,0.916106,0.919567,0.921917,0.921295,0.921391,0.920924,0.922633,0.91617,0.914937,0.914494,0.913125,0.91409,0.914824,0.916375,0.916567,0.916881,0.919789,0.924166,0.925971,0.926879,0.931637,0.938717,0.942285,0.945238,0.947064,0.948637,0.950695,0.951649,0.950367,0.949605,0.957893,0.962605,0.960456,0.960791,0.963632,0.96541,0.961992,0.962302,0.969129,0.970046,0.971408,0.967926,0.967373,0.966495,0.968619,0.959927,0.945918,0.944341,0.940453,0.936071,0.931098,0.928959,0.924252,0.920455,0.922494,0.92104,0.923873,0.921266,0.917517,0.914269,0.911884,0.911081,0.910962,0.911617,0.91282,0.910472,0.912326,0.912657,0.907159,0.90231,0.897768,0.89266,0.888029,0.886863,0.888923,0.885522,0.882106,0.878739,0.875149,0.870632,0.869156,0.864563,0.860895,0.858565,0.855946,0.855118,0.855228,0.860294,0.858854,0.850603,0.846981,0.847204,0.848549,0.850635,0.853755,0.858031,0.858593,0.85796,0.857759,0.85692,0.855187,0.853549,0.849783,0.851178,0.851895,0.854307,0.86371,0.864765,0.866036,0.864599,0.861403,0.859188,0.859549,0.858574,0.859393,0.862192,0.863998,0.86271,0.862612,0.862668,0.861724,0.859386,0.859149,0.857087,0.857118,0.857804,0.860196,0.861286,0.864702,0.867304,0.865777,0.865649,0.866589,0.86482,0.865452,0.866674,0.862688,0.861408,0.859304,0.859519,0.861739,0.861238,0.859738,0.857019,0.855747,0.85471,0.854846,0.856981,0.858201,0.859275,0.859518,0.860443,0.859887,0.859207,0.859833,0.858956,0.859863,0.862014,0.865032,0.855421,0.84698,0.838236,0.830219,0.824217,0.816239,0.814118,0.813543,0.808428,0.803099,0.80234,0.802443,0.806487,0.811308,0.813588,0.817474,0.806686,0.804985,0.807703,0.805361,0.810208,0.813254,0.813163,0.813015,0.813693,0.815971,0.814366,0.814221,0.811684,0.814373,0.806861,0.810166,0.807473,0.804902,0.804312,0.801436,0.79959,0.802659,0.804786,0.805042,0.799064,0.797743,0.790683,0.788965,0.78216,0.77731,0.770871,0.766162,0.762176,0.763696,0.767102,0.768459,0.769765,0.76826,0.767372,0.768025,0.769256,0.771642,0.769238,0.77104,0.775383,0.783283,0.789232,0.788179,0.786807,0.783773,0.78221,0.779921,0.778764,0.777008,0.773155,0.767972,0.763776,0.76256,0.760549,0.758533,0.757362,0.756863,0.756765,0.755162,0.754889,0.753864,0.75362,0.757578,0.756517,0.757419,0.76009,0.763786,0.766111,0.767085,0.764542,0.759098,0.755213,0.753105,0.752229,0.750336,0.747391,0.742456,0.733187,0.729649,0.73014,0.728041,0.726268,0.726207,0.726654,0.731921,0.734065,0.735924,0.737587,0.739024,0.739264,0.742024,0.750929,0.757174,0.760483,0.761908,0.763052,0.764462,0.767152,0.772587,0.774206,0.779759,0.785767,0.791877,0.795017,0.800155,0.802994,0.798675,0.797135,0.796487,0.795934,0.794994,0.793585,0.79285,0.792922,0.792639,0.791323,0.791992,0.793009,0.796099,0.798427,0.800813,0.805957,0.807207,0.80898,0.810631,0.810825,0.811318,0.81114,0.810012,0.81315,0.822453,0.830243,0.832658,0.83252,0.833925,0.833261,0.83238,0.833448,0.834182,0.836293,0.838039,0.84046,0.843491,0.846912,0.848433,0.845941,0.839842,0.838087,0.839936,0.837788,0.837984,0.841325,0.842937,0.852564,0.857702,0.861359,0.863357,0.86549,0.867928,0.870153,0.871392,0.874654,0.879095,0.884522,0.887666,0.886816,0.886087,0.886954,0.880168,0.878644,0.877917,0.877946,0.878868,0.882569,0.884172,0.886794,0.887136,0.895553,0.893319,0.894057,0.900004,0.902673,0.905989,0.910954,0.913584,0.916106,0.919567,0.921917,0.921295,0.921391,0.920924,0.922633,0.91617,0.914937,0.914494,0.913125,0.91409,0.914824,0.916375,0.916567,0.916881,0.919789,0.924166,0.925971,0.926879,0.931637,0.938717,0.942285,0.945238,0.947064,0.948637,0.950695,0.951649,0.950367,0.949605,0.957893,0.962605,0.960456,0.960791,0.963632,0.96541,0.961992,0.962302,0.969129,0.970046,0.971408,0.967926,0.967373,0.966495,0.968619,0.959927,0.945918,0.944341,0.940453,0.936071,0.931098,0.928959,0.924252,0.920455,0.922494,0.92104,0.923873,0.921266,0.917517,0.914269,0.911884,0.911081,0.910962,0.911617,0.91282,0.910472,0.912326,0.912657,0.907159,0.90231,0.897768,0.89266,0.888029,0.886863,0.888923,0.885522,0.882106,0.878739,0.875149,0.870632,0.869156,0.864563,0.860895,0.858565,0.855946,0.855118,0.855228,0.860294,0.858854,0.850603,0.846981,0.847204,0.848549,0.850635,0.853755,0.858031,0.858593,0.85796,0.857759,0.85692,0.855187,0.853549,0.849783,0.851178,0.851895,0.854307,0.86371,0.864765,0.866036,0.864599,0.861403,0.859188,0.859549,0.858574,0.859393,0.862192,0.863998,0.86271,0.862612,0.862668,0.861724,0.859386,0.859149,0.857087,0.857118,0.857804,0.860196,0.861286,0.864702,0.867304,0.865777,0.865649,0.866589,0.86482,0.865452,0.866674,0.862688,0.861408,0.859304,0.859519,0.861739,0.861238,0.859738,0.857019,0.855747,0.85471,0.854846,0.856981,0.858201,0.859275,0.859518,0.860443,0.859887,0.859207,0.859833,0.858956,0.859863,0.862014,0.865032,0.855421,0.84698,0.838236,0.830219,0.824217,0.816239,0.814118,0.813543,0.808428,0.803099,0.80234,0.802443,0.806487,0.811308,0.813588,0.817474,0.806686,0.804985,0.807703,0.805361,0.810208,0.813254,0.813163,0.813015,0.813693,0.815971,0.814366,0.814221,0.811684,0.814373,0.806861,0.810166,0.807473,0.804902,0.804312,0.801436,0.79959,0.802659,0.804786,0.805042,0.799064,0.797743,0.790683,0.788965,0.78216,0.77731,0.770871,0.766162,0.762176,0.763696,0.767102,0.768459,0.769765,0.76826,0.767372,0.768025,0.769256,0.771642,0.769238,0.77104,0.775383,0.783283,0.789232,0.788179,0.786807,0.783773,0.78221,0.779921,0.778764,0.777008,0.773155,0.767972,0.763776,0.76256,0.760549,0.758533,0.757362,0.756863,0.756765,0.755162,0.754889,0.753864,0.75362,0.757578,0.756517,0.757419,0.76009,0.763786,0.766111,0.767085,0.764542,0.759098,0.755213,0.753105,0.752229,0.750336,0.747391,0.742456,0.733187,0.729649,0.73014,0.728041,0.726268,0.726207,0.726654,0.731921,0.734065,0.735924,0.737587,0.739024,0.739264,0.742024,0.750929,0.757174,0.760483,0.761908,0.763052,0.764462,0.767152,0.772587,0.774206,0.779759,0.785767,0.791877,0.795017,0.800155,0.802994,0.798675,0.797135,0.796487,0.795934,0.794994,0.793585,0.79285,0.792922,0.792639,0.791323,0.791992,0.793009,0.796099,0.798427,0.800813,0.805957,0.807207,0.80898,0.810631,0.810825,0.811318,0.81114,0.810012
CRW,CzechRepublic,0.920277,0.00916388,0.910855,0.909842,0.910068,0.911695,0.917608,0.923101,0.930567,0.929957,0.935224,0.94451,0.943763,0.947601,0.948549,0.947486,0.951059,0.953233,0.963494,0.968031,0.969837,0.970392,0.974684,0.97564,0.972235,0.969484,0.970126,0.977535,0.982481,0.986406,0.98681,0.986562,0.989388,0.983156,0.979333,0.977678,0.973506,0.964001,0.968894,0.973137,0.979679,0.983341,0.985448,0.987547,0.990177,0.995187,0.999969,1.003979,1.006724,1.016274,1.021031,1.025818,1.029846,1.026404,1.023857,1.019419,1.016069,1.01331,1.008375,1.002494,0.996357,0.989776,0.98832,0.994524,0.99313,0.994922,0.998966,1.004178,1.007565,1.013203,1.018577,1.021135,1.023392,1.03026,1.041323,1.04772,1.055045,1.055917,1.053432,1.057745,1.054563,1.051683,1.045843,1.039194,1.033572,1.027518,1.027822,1.026357,1.02573,1.022299,1.021908,1.022344,1.022999,1.019964,1.00901,1.005712,1.000185,0.997902,1.000651,1.001309,0.999887,0.997772,0.994558,0.995528,0.993049,1.005696,1.006406,1.005155,1.003664,1.003144,1.004199,1.008026,1.008068,1.010166,1.008702,1.008092,1.008975,1.011726,1.007736,1.008145,0.992194,0.985714,0.984555,0.983904,0.984472,0.985483,0.976856,0.973607,0.968776,0.972843,0.974741,0.970335,0.966619,0.967173,0.965916,0.962265,0.957722,0.954799,0.952278,0.949232,0.946125,0.948065,0.944578,0.944684,0.940375,0.939902,0.943348,0.942916,0.939547,0.933666,0.931452,0.940073,0.942554,0.945159,0.949211,0.950654,0.947757,0.949261,0.944305,0.943489,0.942757,0.942719,0.941494,0.941081,0.941036,0.937686,0.920453,0.910605,0.90259,0.893355,0.885367,0.879903,0.878349,0.880605,0.87733,0.875943,0.872691,0.87298,0.87211,0.872703,0.87338,0.872647,0.873421,0.871134,0.871449,0.871658,0.868686,0.87011,0.874195,0.87321,0.888947,0.886048,0.883663,0.88018,0.875861,0.87444,0.874992,0.876727,0.881687,0.883354,0.88385,0.884881,0.885868,0.887946,0.87957,0.879883,0.880639,0.880271,0.881057,0.879811,0.876513,0.874308,0.871694,0.870997,0.869752,0.869195,0.86724,0.861625,0.859791,0.855196,0.854423,0.853643,0.85319,0.851082,0.848486,0.848565,0.844193,0.844246,0.841509,0.842288,0.843432,0.843624,0.845634,0.839919,0.840288,0.838631,0.84174,0.849711,0.85091,0.852452,0.851371,0.853247,0.852482,0.855863,0.856868,0.855502,0.855803,0.853998,0.853972,0.85418,0.854656,0.851769,0.841921,0.842213,0.842619,0.844028,0.843313,0.841623,0.838216,0.835535,0.836298,0.837949,0.839143,0.848227,0.85401,0.854351,0.854054,0.853016,0.851923,0.851269,0.852311,0.852345,0.854682,0.855307,0.855083,0.852812,0.849959,0.84848,0.84485,0.840102,0.844768,0.845956,0.850369,0.851225,0.850714,0.850457,0.850401,0.849197,0.848249,0.847824,0.848924,0.848754,0.84996,0.849177,0.84972,0.847025,0.84588,0.840801,0.840531,0.840814,0.837408,0.836476,0.840789,0.848685,0.848177,0.848492,0.850181,0.84948,0.849173,0.848172,0.846634,0.848494,0.849638,0.849056,0.849605,0.853622,0.856239,0.852733,0.842836,0.843138,0.848608,0.852254,0.863069,0.866204,0.869405,0.873324,0.874699,0.876013,0.877729,0.880979,0.88086,0.883796,0.887029,0.88937,0.892012,0.890823,0.889382,0.876421,0.878637,0.878708,0.88316,0.886464,0.88783,0.891286,0.891832,0.89607,0.897673,0.897981,0.904755,0.90476,0.908405,0.910193,0.911344,0.915008,0.918417,0.920544,0.921212,0.922694,0.922086,0.926986,0.927207,0.926981,0.927095,0.914231,0.917063,0.920277,0.916388,0.910855,0.909842,0.910068,0.911695,0.917608,0.923101,0.930567,0.929957,0.935224,0.94451,0.943763,0.947601,0.948549,0.947486,0.951059,0.953233,0.963494,0.968031,0.969837,0.970392,0.974684,0.97564,0.972235,0.969484,0.970126,0.977535,0.982481,0.986406,0.98681,0.986562,0.989388,0.983156,0.979333,0.977678,0.973506,0.964001,0.968894,0.973137,0.979679,0.983341,0.985448,0.987547,0.990177,0.995187,0.999969,1.003979,1.006724,1.016274,1.021031,1.025818,1.029846,1.026404,1.023857,1.019419,1.016069,1.01331,1.008375,1.002494,0.996357,0.989776,0.98832,0.994524,0.99313,0.994922,0.998966,1.004178,1.007565,1.013203,1.018577,1.021135,1.023392,1.03026,1.041323,1.04772,1.055045,1.055917,1.053432,1.057745,1.054563,1.051683,1.045843,1.039194,1.033572,1.027518,1.027822,1.026357,1.02573,1.022299,1.021908,1.022344,1.022999,1.019964,1.00901,1.005712,1.000185,0.997902,1.000651,1.001309,0.999887,0.997772,0.994558,0.995528,0.993049,1.005696,1.006406,1.005155,1.003664,1.003144,1.004199,1.008026,1.008068,1.010166,1.008702,1.008092,1.008975,1.011726,1.007736,1.008145,0.992194,0.985714,0.984555,0.983904,0.984472,0.985483,0.976856,0.973607,0.968776,0.972843,0.974741,0.970335,0.966619,0.967173,0.965916,0.962265,0.957722,0.954799,0.952278,0.949232,0.946125,0.948065,0.944578,0.944684,0.940375,0.939902,0.943348,0.942916,0.939547,0.933666,0.931452,0.940073,0.942554,0.945159,0.949211,0.950654,0.947757,0.949261,0.944305,0.943489,0.942757,0.942719,0.941494,0.941081,0.941036,0.937686,0.920453,0.910605,0.90259,0.893355,0.885367,0.879903,0.878349,0.880605,0.87733,0.875943,0.872691,0.87298,0.87211,0.872703,0.87338,0.872647,0.873421,0.871134,0.871449,0.871658,0.868686,0.87011,0.874195,0.87321,0.888947,0.886048,0.883663,0.88018,0.875861,0.87444,0.874992,0.876727,0.881687,0.883354,0.88385,0.884881,0.885868,0.887946,0.87957,0.879883,0.880639,0.880271,0.881057,0.879811,0.876513,0.874308,0.871694,0.870997,0.869752,0.869195,0.86724,0.861625,0.859791,0.855196,0.854423,0.853643,0.85319,0.851082,0.848486,0.848565,0.844193,0.844246,0.841509,0.842288,0.843432,0.843624,0.845634,0.839919,0.840288,0.838631,0.84174,0.849711,0.85091,0.852452,0.851371,0.853247,0.852482,0.855863,0.856868,0.855502,0.855803,0.853998,0.853972,0.85418,0.854656,0.851769,0.841921,0.842213,0.842619,0.844028,0.843313,0.841623,0.838216,0.835535,0.836298,0.837949,0.839143,0.848227,0.85401,0.854351,0.854054,0.853016,0.851923,0.851269,0.852311,0.852345,0.854682,0.855307,0.855083,0.852812,0.849959,0.84848,0.84485,0.840102,0.844768,0.845956,0.850369,0.851225,0.850714,0.850457,0.850401,0.849197,0.848249,0.847824,0.848924,0.848754,0.84996,0.849177,0.84972,0.847025,0.84588,0.840801,0.840531,0.840814,0.837408,0.836476,0.840789,0.848685,0.848177,0.848492,0.850181,0.84948,0.849173,0.848172,0.846634,0.848494,0.849638,0.849056,0.849605,0.853622,0.856239,0.852733,0.842836,0.843138,0.848608,0.852254,0.863069,0.866204,0.869405,0.873324,0.874699,0.876013,0.877729,0.880979,0.88086,0.883796,0.887029,0.88937,0.892012,0.890823,0.889382,0.876421,0.878637,0.878708,0.88316,0.886464,0.88783,0.891286,0.891832,0.89607,0.897673,0.897981,0.904755,0.90476,0.908405,0.910193,0.911344,0.915008,0.918417,0.920544,0.921212,0.922694,0.922086,0.926986,0.927207,0.926981,0.927095,0.914231,0.917063
CRW,Denmark,0.954488,0.00954446,0.955624,0.958574,0.952934,0.949748,0.952505,0.958288,0.964167,0.96995,0.97287,0.976007,0.974242,0.975031,0.980235,0.980938,0.982443,0.984536,0.983547,0.984912,0.986822,0.988483,0.987052,0.982983,0.985946,0.988891,0.990386,0.995616,0.998636,1.000397,1.004467,1.01153,1.013261,1.019385,1.021702,1.020508,1.017964,1.018833,1.025109,1.026271,1.028262,1.029442,1.033414,1.033392,1.031972,1.030095,1.024924,1.026263,1.02382,1.02771,1.029395,1.033418,1.030045,1.027362,1.025943,1.023074,1.023581,1.02516,1.027023,1.024797,1.023279,1.021367,1.023303,1.02318,1.017383,1.01869,1.021021,1.03019,1.036051,1.03565,1.039339,1.040748,1.037062,1.038529,1.046912,1.053449,1.054861,1.050173,1.051226,1.061429,1.067667,1.065864,1.067054,1.061692,1.061997,1.058031,1.056164,1.050937,1.05036,1.047802,1.047149,1.05041,1.05594,1.05764,1.052158,1.042943,1.035709,1.018552,1.013336,1.002809,1.008146,1.008055,1.005049,1.001326,0.997465,0.993545,0.993244,0.9866,0.98322,0.982886,0.989083,0.988554,0.987907,0.992075,0.994955,0.989207,0.988051,0.99303,0.996371,0.995662,0.997442,0.994911,0.995533,0.995938,0.993387,0.986788,0.98923,0.987765,0.983162,0.981723,0.981056,0.97737,0.972504,0.968081,0.968389,0.962128,0.958302,0.956506,0.953035,0.953679,0.95478,0.951083,0.951558,0.953103,0.953906,0.953674,0.955287,0.957103,0.956922,0.953916,0.957068,0.957981,0.960338,0.962966,0.961582,0.958695,0.958499,0.956423,0.952846,0.961727,0.961313,0.960351,0.960509,0.9607,0.95914,0.954648,0.950007,0.943697,0.936001,0.930748,0.928015,0.927831,0.928869,0.929917,0.919915,0.919581,0.919918,0.920011,0.919753,0.920132,0.921158,0.918419,0.913266,0.912113,0.91253,0.908922,0.903806,0.899194,0.899425,0.892316,0.889455,0.883347,0.87691,0.872752,0.871184,0.868984,0.869402,0.872652,0.87741,0.878856,0.879154,0.880484,0.882055,0.886025,0.884656,0.886139,0.889741,0.895156,0.891041,0.886401,0.880438,0.877515,0.870189,0.866661,0.865484,0.864073,0.863863,0.859595,0.854918,0.853104,0.852198,0.84801,0.841325,0.842972,0.846989,0.847784,0.845166,0.847195,0.847888,0.84558,0.846195,0.850064,0.852331,0.857806,0.855231,0.85349,0.855084,0.855232,0.854134,0.852893,0.852633,0.85202,0.851219,0.85158,0.852336,0.853045,0.848668,0.847614,0.841735,0.841958,0.840768,0.835269,0.834426,0.835938,0.835438,0.838001,0.837978,0.842218,0.844932,0.844178,0.842672,0.841943,0.841683,0.846268,0.847983,0.847915,0.848075,0.847942,0.845793,0.845874,0.844155,0.848587,0.85134,0.849116,0.848285,0.849216,0.85069,0.851353,0.850045,0.847781,0.850262,0.854325,0.857785,0.864474,0.862908,0.861734,0.856269,0.850934,0.848324,0.848379,0.848071,0.845787,0.847476,0.847027,0.850261,0.851907,0.849483,0.850093,0.843637,0.84572,0.851192,0.854239,0.858101,0.861695,0.86428,0.866126,0.869263,0.86904,0.872394,0.873355,0.870383,0.869908,0.867526,0.869899,0.868422,0.861787,0.865623,0.864345,0.868521,0.869842,0.872838,0.872992,0.873121,0.875087,0.875707,0.877338,0.881415,0.885827,0.886131,0.889701,0.893978,0.895533,0.899536,0.89951,0.899791,0.900612,0.901349,0.900715,0.897781,0.895623,0.897606,0.895504,0.897619,0.902241,0.902317,0.899756,0.899582,0.899002,0.902414,0.907181,0.909613,0.915925,0.919991,0.922498,0.931514,0.937607,0.942606,0.944989,0.945407,0.947348,0.949688,0.952834,0.956057,0.955475,0.954276,0.954488,0.954446,0.955624,0.958574,0.952934,0.949748,0.952505,0.958288,0.964167,0.96995,0.97287,0.976007,0.974242,0.975031,0.980235,0.980938,0.982443,0.984536,0.983547,0.984912,0.986822,0.988483,0.987052,0.982983,0.985946,0.988891,0.990386,0.995616,0.998636,1.000397,1.004467,1.01153,1.013261,1.019385,1.021702,1.020508,1.017964,1.018833,1.025109,1.026271,1.028262,1.029442,1.033414,1.033392,1.031972,1.030095,1.024924,1.026263,1.02382,1.02771,1.029395,1.033418,1.030045,1.027362,1.025943,1.023074,1.023581,1.02516,1.027023,1.024797,1.023279,1.021367,1.023303,1.02318,1.017383,1.01869,1.021021,1.03019,1.036051,1.03565,1.039339,1.040748,1.037062,1.038529,1.046912,1.053449,1.054861,1.050173,1.051226,1.061429,1.067667,1.065864,1.067054,1.061692,1.061997,1.058031,1.056164,1.050937,1.05036,1.047802,1.047149,1.05041,1.05594,1.05764,1.052158,1.042943,1.035709,1.018552,1.013336,1.002809,1.008146,1.008055,1.005049,1.001326,0.997465,0.993545,0.993244,0.9866,0.98322,0.982886,0.989083,0.988554,0.987907,0.992075,0.994955,0.989207,0.988051,0.99303,0.996371,0.995662,0.997442,0.994911,0.995533,0.995938,0.993387,0.986788,0.98923,0.987765,0.983162,0.981723,0.981056,0.97737,0.972504,0.968081,0.968389,0.962128,0.958302,0.956506,0.953035,0.953679,0.95478,0.951083,0.951558,0.953103,0.953906,0.953674,0.955287,0.957103,0.956922,0.953916,0.957068,0.957981,0.960338,0.962966,0.961582,0.958695,0.958499,0.956423,0.952846,0.961727,0.961313,0.960351,0.960509,0.9607,0.95914,0.954648,0.950007,0.943697,0.936001,0.930748,0.928015,0.927831,0.928869,0.929917,0.919915,0.919581,0.919918,0.920011,0.919753,0.920132,0.921158,0.918419,0.913266,0.912113,0.91253,0.908922,0.903806,0.899194,0.899425,0.892316,0.889455,0.883347,0.87691,0.872752,0.871184,0.868984,0.869402,0.872652,0.87741,0.878856,0.879154,0.880484,0.882055,0.886025,0.884656,0.886139,0.889741,0.895156,0.891041,0.886401,0.880438,0.877515,0.870189,0.866661,0.865484,0.864073,0.863863,0.859595,0.854918,0.853104,0.852198,0.84801,0.841325,0.842972,0.846989,0.847784,0.845166,0.847195,0.847888,0.84558,0.846195,0.850064,0.852331,0.857806,0.855231,0.85349,0.855084,0.855232,0.854134,0.852893,0.852633,0.85202,0.851219,0.85158,0.852336,0.853045,0.848668,0.847614,0.841735,0.841958,0.840768,0.835269,0.834426,0.835938,0.835438,0.838001,0.837978,0.842218,0.844932,0.844178,0.842672,0.841943,0.841683,0.846268,0.847983,0.847915,0.848075,0.847942,0.845793,0.845874,0.844155,0.848587,0.85134,0.849116,0.848285,0.849216,0.85069,0.851353,0.850045,0.847781,0.850262,0.854325,0.857785,0.864474,0.862908,0.861734,0.856269,0.850934,0.848324,0.848379,0.848071,0.845787,0.847476,0.847027,0.850261,0.851907,0.849483,0.850093,0.843637,0.84572,0.851192,0.854239,0.858101,0.861695,0.86428,0.866126,0.869263,0.86904,0.872394,0.873355,0.870383,0.869908,0.867526,0.869899,0.868422,0.861787,0.865623,0.864345,0.868521,0.869842,0.872838,0.872992,0.873121,0.875087,0.875707,0.877338,0.881415,0.885827,0.886131,0.889701,0.893978,0.895533,0.899536,0.89951,0.899791,0.900612,0.901349,0.900715,0.897781,0.895623,0.897606,0.895504,0.897619,0.902241,0.902317,0.899756,0.899582,0.899002,0.902414,0.907181,0.909613,0.915925,0.919991,0.922498,0.931514,0.937607,0.942606,0.944989,0.945407,0.947348,0.949688,0.952834,0.956057,0.955475,0.954276
CRW,Djibouti,0.783204,0.00782353,0.776863,0.776685,0.773107,0.77266,0.772365,0.772153,0.772917,0.771778,0.767535,0.762051,0.760535,0.75608,0.753107,0.751319,0.74612,0.74526,0.742305,0.741351,0.742718,0.742735,0.74007,0.738624,0.738299,0.740896,0.747076,0.750662,0.754901,0.756777,0.760155,0.774267,0.785494,0.79003,0.791709,0.791541,0.793133,0.795943,0.796878,0.799991,0.804291,0.805721,0.808,0.809846,0.811879,0.81354,0.807458,0.788674,0.777207,0.774143,0.772584,0.769266,0.767165,0.764447,0.761886,0.75757,0.757875,0.75673,0.757648,0.760373,0.760065,0.76343,0.765251,0.769395,0.772044,0.774175,0.777926,0.781484,0.785542,0.788372,0.790766,0.789843,0.788696,0.788706,0.787883,0.788429,0.784621,0.785894,0.785697,0.783865,0.78205,0.780487,0.779659,0.783078,0.785057,0.795802,0.801574,0.810312,0.815141,0.819251,0.820963,0.82722,0.830175,0.83389,0.840697,0.844597,0.848276,0.853276,0.857521,0.863122,0.861281,0.864262,0.865837,0.866802,0.869847,0.876339,0.880148,0.884124,0.887089,0.889468,0.896259,0.90084,0.901817,0.901302,0.908645,0.908097,0.909712,0.910901,0.914445,0.918571,0.921518,0.92438,0.923366,0.918405,0.91711,0.915885,0.915805,0.919668,0.918248,0.915522,0.920003,0.924435,0.925849,0.929633,0.930821,0.933015,0.934153,0.938209,0.945443,0.948043,0.950615,0.954609,0.958007,0.967499,0.974349,0.978142,0.978956,0.985954,0.989821,0.989808,0.990107,0.988856,0.995918,1.002071,0.99794,1.008667,1.005536,1.003797,1.003514,0.997324,0.991659,0.985425,0.983047,0.982946,0.982633,0.978478,0.984743,0.984106,0.986377,0.996522,0.990472,1.003698,1.013471,1.010852,1.011077,1.009676,1.010934,1.003571,0.994042,0.987707,0.983134,0.972681,0.966744,0.956718,0.946611,0.938358,0.926787,0.914019,0.904654,0.900266,0.894624,0.893996,0.891922,0.89343,0.89215,0.892647,0.889137,0.882,0.876647,0.871708,0.864916,0.859894,0.85816,0.856955,0.858362,0.851395,0.843268,0.834856,0.830239,0.823033,0.816219,0.813603,0.809375,0.804593,0.800397,0.795414,0.790419,0.782309,0.769909,0.75778,0.751309,0.750575,0.750065,0.752725,0.75089,0.749618,0.74293,0.73867,0.734331,0.726868,0.721338,0.712866,0.705781,0.698637,0.694098,0.690079,0.686532,0.677692,0.666618,0.667673,0.664178,0.660968,0.656191,0.657597,0.660106,0.662408,0.666126,0.671799,0.672719,0.675852,0.678712,0.676993,0.680742,0.682686,0.675922,0.676464,0.676312,0.677378,0.673507,0.670046,0.665694,0.661452,0.657732,0.659727,0.65662,0.654751,0.65542,0.654787,0.654677,0.658627,0.659281,0.661314,0.66367,0.665648,0.66764,0.669169,0.673648,0.680398,0.690533,0.699508,0.698974,0.696872,0.698695,0.699234,0.706142,0.706225,0.71119,0.710697,0.717281,0.724576,0.728557,0.729277,0.727943,0.725404,0.724091,0.732113,0.737393,0.736799,0.740194,0.741092,0.744854,0.751437,0.758085,0.756537,0.758233,0.762972,0.765428,0.768858,0.768095,0.765805,0.761812,0.760383,0.763844,0.767324,0.76359,0.763987,0.759378,0.753499,0.749663,0.75094,0.753687,0.753491,0.754018,0.754964,0.760342,0.76798,0.776539,0.774804,0.774272,0.776337,0.779017,0.779739,0.79089,0.80074,0.800414,0.807311,0.813012,0.815304,0.819095,0.818542,0.819183,0.818549,0.828605,0.830551,0.833934,0.835502,0.838128,0.834052,0.830712,0.828622,0.817916,0.816651,0.815766,0.813916,0.816176,0.809238,0.803187,0.797839,0.79548,0.790235,0.789048,0.787083,0.784434,0.783324,0.781865,0.783204,0.782353,0.776863,0.776685,0.773107,0.77266,0.772365,0.772153,0.772917,0.771778,0.767535,0.762051,0.760535,0.75608,0.753107,0.751319,0.74612,0.74526,0.742305,0.741351,0.742718,0.742735,0.74007,0.738624,0.738299,0.740896,0.747076,0.750662,0.754901,0.756777,0.760155,0.774267,0.785494,0.79003,0.791709,0.791541,0.793133,0.795943,0.796878,0.799991,0.804291,0.805721,0.808,0.809846,0.811879,0.81354,0.807458,0.788674,0.777207,0.774143,0.772584,0.769266,0.767165,0.764447,0.761886,0.75757,0.757875,0.75673,0.757648,0.760373,0.760065,0.76343,0.765251,0.769395,0.772044,0.774175,0.777926,0.781484,0.785542,0.788372,0.790766,0.789843,0.788696,0.788706,0.787883,0.788429,0.784621,0.785894,0.785697,0.783865,0.78205,0.780487,0.779659,0.783078,0.785057,0.795802,0.801574,0.810312,0.815141,0.819251,0.820963,0.82722,0.830175,0.83389,0.840697,0.844597,0.848276,0.853276,0.857521,0.863122,0.861281,0.864262,0.865837,0.866802,0.869847,0.876339,0.880148,0.884124,0.887089,0.889468,0.896259,0.90084,0.901817,0.901302,0.908645,0.908097,0.909712,0.910901,0.914445,0.918571,0.921518,0.92438,0.923366,0.918405,0.91711,0.915885,0.915805,0.919668,0.918248,0.915522,0.920003,0.924435,0.925849,0.929633,0.930821,0.933015,0.934153,0.938209,0.945443,0.948043,0.950615,0.954609,0.958007,0.967499,0.974349,0.978142,0.978956,0.985954,0.989821,0.989808,0.990107,0.988856,0.995918,1.002071,0.99794,1.008667,1.005536,1.003797,1.003514,0.997324,0.991659,0.985425,0.983047,0.982946,0.982633,0.978478,0.984743,0.984106,0.986377,0.996522,0.990472,1.003698,1.013471,1.010852,1.011077,1.009676,1.010934,1.003571,0.994042,0.987707,0.983134,0.972681,0.966744,0.956718,0.946611,0.938358,0.926787,0.914019,0.904654,0.900266,0.894624,0.893996,0.891922,0.89343,0.89215,0.892647,0.889137,0.882,0.876647,0.871708,0.864916,0.859894,0.85816,0.856955,0.858362,0.851395,0.843268,0.834856,0.830239,0.823033,0.816219,0.813603,0.809375,0.804593,0.800397,0.795414,0.790419,0.782309,0.769909,0.75778,0.751309,0.750575,0.750065,0.752725,0.75089,0.749618,0.74293,0.73867,0.734331,0.726868,0.721338,0.712866,0.705781,0.698637,0.694098,0.690079,0.686532,0.677692,0.666618,0.667673,0.664178,0.660968,0.656191,0.657597,0.660106,0.662408,0.666126,0.671799,0.672719,0.675852,0.678712,0.676993,0.680742,0.682686,0.675922,0.676464,0.676312,0.677378,0.673507,0.670046,0.665694,0.661452,0.657732,0.659727,0.65662,0.654751,0.65542,0.654787,0.654677,0.658627,0.659281,0.661314,0.66367,0.665648,0.66764,0.669169,0.673648,0.680398,0.690533,0.699508,0.698974,0.696872,0.698695,0.699234,0.706142,0.706225,0.71119,0.710697,0.717281,0.724576,0.728557,0.729277,0.727943,0.725404,0.724091,0.732113,0.737393,0.736799,0.740194,0.741092,0.744854,0.751437,0.758085,0.756537,0.758233,0.762972,0.765428,0.768858,0.768095,0.765805,0.761812,0.760383,0.763844,0.767324,0.76359,0.763987,0.759378,0.753499,0.749663,0.75094,0.753687,0.753491,0.754018,0.754964,0.760342,0.76798,0.776539,0.774804,0.774272,0.776337,0.779017,0.779739,0.79089,0.80074,0.800414,0.807311,0.813012,0.815304,0.819095,0.818542,0.819183,0.818549,0.828605,0.830551,0.833934,0.835502,0.838128,0.834052,0.830712,0.828622,0.817916,0.816651,0.815766,0.813916,0.816176,0.809238,0.803187,0.797839,0.79548,0.790235,0.789048,0.787083,0.784434,0.783324,0.781865
CRW,Dominica,0.788056,0.007836840000000001,0.78054,0.774843,0.771792,0.767318,0.763928,0.762159,0.765207,0.768588,0.769001,0.764497,0.761507,0.761346,0.762806,0.760039,0.758694,0.764639,0.768698,0.770625,0.770422,0.776703,0.775654,0.776242,0.771849,0.767237,0.767053,0.764798,0.760698,0.753251,0.751099,0.749342,0.742138,0.741001,0.733861,0.737204,0.72999,0.727894,0.722036,0.721413,0.727229,0.724111,0.72527,0.72595,0.727931,0.729971,0.733145,0.739836,0.738497,0.742513,0.748376,0.757056,0.768909,0.771165,0.771921,0.779101,0.789043,0.791267,0.793962,0.803237,0.803678,0.803044,0.799852,0.799355,0.798087,0.791341,0.786265,0.775491,0.772534,0.772078,0.760804,0.751425,0.75456,0.757425,0.751289,0.75758,0.761671,0.761262,0.765707,0.768245,0.777533,0.781756,0.791325,0.797614,0.806948,0.809697,0.81079,0.809972,0.810871,0.816029,0.815263,0.818607,0.821437,0.819873,0.818479,0.815468,0.813969,0.811308,0.807591,0.803541,0.803949,0.806731,0.809334,0.811124,0.809104,0.814825,0.809893,0.809309,0.816095,0.822286,0.829002,0.835654,0.834337,0.840178,0.848801,0.850561,0.853649,0.851847,0.850777,0.851938,0.848354,0.851772,0.850505,0.850688,0.85076,0.851908,0.850992,0.855568,0.856942,0.855515,0.85768,0.858693,0.865274,0.86792,0.872498,0.874241,0.881688,0.887101,0.895472,0.902931,0.907132,0.909723,0.915008,0.918458,0.920614,0.921712,0.927526,0.927067,0.928216,0.92938,0.934883,0.934973,0.944124,0.943416,0.94603,0.943755,0.945439,0.943641,0.944949,0.943334,0.947037,0.945046,0.949675,0.956664,0.960418,0.964237,0.965754,0.963769,0.968996,0.969864,0.976579,0.987132,0.991691,0.994554,0.998739,0.998252,1.002946,1.000502,0.999469,0.999609,0.993897,0.989746,0.98109,0.973072,0.971387,0.968327,0.961531,0.958284,0.95495,0.962955,0.96749,0.971129,0.972067,0.972574,0.973746,0.971093,0.967703,0.968808,0.967655,0.968012,0.961983,0.958892,0.957892,0.950801,0.946126,0.940034,0.934598,0.929622,0.926806,0.924613,0.926058,0.919998,0.911646,0.916691,0.911625,0.912796,0.913645,0.91503,0.907914,0.912295,0.912724,0.926496,0.935557,0.94513,0.9489,0.944534,0.943188,0.944498,0.938983,0.933957,0.931988,0.934759,0.93586,0.935538,0.926657,0.922886,0.907035,0.898298,0.885602,0.88319,0.893234,0.898082,0.905074,0.912003,0.92153,0.924692,0.924308,0.916844,0.91802,0.922419,0.919618,0.920909,0.917725,0.909887,0.907508,0.909306,0.915566,0.909403,0.905218,0.901735,0.89779,0.900003,0.903507,0.903415,0.904641,0.905225,0.908755,0.914153,0.920329,0.917079,0.914698,0.910875,0.91415,0.913271,0.910019,0.915641,0.908711,0.907313,0.907205,0.927817,0.932081,0.927438,0.92201,0.922004,0.925594,0.924049,0.925364,0.925397,0.928757,0.933016,0.932101,0.934712,0.93611,0.939713,0.915773,0.917967,0.92293,0.921622,0.914232,0.910198,0.910945,0.908175,0.902665,0.896971,0.892789,0.888095,0.886996,0.885862,0.881629,0.895122,0.891006,0.888198,0.890169,0.888661,0.88525,0.881415,0.881853,0.883892,0.88399,0.886006,0.883317,0.879751,0.876477,0.876497,0.856712,0.851476,0.847054,0.844829,0.844878,0.852868,0.856953,0.853453,0.850604,0.852809,0.855461,0.866935,0.876172,0.875844,0.878213,0.874469,0.869608,0.869408,0.867333,0.869025,0.866599,0.861864,0.858608,0.857951,0.853844,0.847396,0.835469,0.824418,0.816823,0.808402,0.807292,0.80774,0.804389,0.805791,0.801819,0.795167,0.793627,0.796682,0.795622,0.793653,0.791083,0.788056,0.783684,0.78054,0.774843,0.771792,0.767318,0.763928,0.762159,0.765207,0.768588,0.769001,0.764497,0.761507,0.761346,0.762806,0.760039,0.758694,0.764639,0.768698,0.770625,0.770422,0.776703,0.775654,0.776242,0.771849,0.767237,0.767053,0.764798,0.760698,0.753251,0.751099,0.749342,0.742138,0.741001,0.733861,0.737204,0.72999,0.727894,0.722036,0.721413,0.727229,0.724111,0.72527,0.72595,0.727931,0.729971,0.733145,0.739836,0.738497,0.742513,0.748376,0.757056,0.768909,0.771165,0.771921,0.779101,0.789043,0.791267,0.793962,0.803237,0.803678,0.803044,0.799852,0.799355,0.798087,0.791341,0.786265,0.775491,0.772534,0.772078,0.760804,0.751425,0.75456,0.757425,0.751289,0.75758,0.761671,0.761262,0.765707,0.768245,0.777533,0.781756,0.791325,0.797614,0.806948,0.809697,0.81079,0.809972,0.810871,0.816029,0.815263,0.818607,0.821437,0.819873,0.818479,0.815468,0.813969,0.811308,0.807591,0.803541,0.803949,0.806731,0.809334,0.811124,0.809104,0.814825,0.809893,0.809309,0.816095,0.822286,0.829002,0.835654,0.834337,0.840178,0.848801,0.850561,0.853649,0.851847,0.850777,0.851938,0.848354,0.851772,0.850505,0.850688,0.85076,0.851908,0.850992,0.855568,0.856942,0.855515,0.85768,0.858693,0.865274,0.86792,0.872498,0.874241,0.881688,0.887101,0.895472,0.902931,0.907132,0.909723,0.915008,0.918458,0.920614,0.921712,0.927526,0.927067,0.928216,0.92938,0.934883,0.934973,0.944124,0.943416,0.94603,0.943755,0.945439,0.943641,0.944949,0.943334,0.947037,0.945046,0.949675,0.956664,0.960418,0.964237,0.965754,0.963769,0.968996,0.969864,0.976579,0.987132,0.991691,0.994554,0.998739,0.998252,1.002946,1.000502,0.999469,0.999609,0.993897,0.989746,0.98109,0.973072,0.971387,0.968327,0.961531,0.958284,0.95495,0.962955,0.96749,0.971129,0.972067,0.972574,0.973746,0.971093,0.967703,0.968808,0.967655,0.968012,0.961983,0.958892,0.957892,0.950801,0.946126,0.940034,0.934598,0.929622,0.926806,0.924613,0.926058,0.919998,0.911646,0.916691,0.911625,0.912796,0.913645,0.91503,0.907914,0.912295,0.912724,0.926496,0.935557,0.94513,0.9489,0.944534,0.943188,0.944498,0.938983,0.933957,0.931988,0.934759,0.93586,0.935538,0.926657,0.922886,0.907035,0.898298,0.885602,0.88319,0.893234,0.898082,0.905074,0.912003,0.92153,0.924692,0.924308,0.916844,0.91802,0.922419,0.919618,0.920909,0.917725,0.909887,0.907508,0.909306,0.915566,0.909403,0.905218,0.901735,0.89779,0.900003,0.903507,0.903415,0.904641,0.905225,0.908755,0.914153,0.920329,0.917079,0.914698,0.910875,0.91415,0.913271,0.910019,0.915641,0.908711,0.907313,0.907205,0.927817,0.932081,0.927438,0.92201,0.922004,0.925594,0.924049,0.925364,0.925397,0.928757,0.933016,0.932101,0.934712,0.93611,0.939713,0.915773,0.917967,0.92293,0.921622,0.914232,0.910198,0.910945,0.908175,0.902665,0.896971,0.892789,0.888095,0.886996,0.885862,0.881629,0.895122,0.891006,0.888198,0.890169,0.888661,0.88525,0.881415,0.881853,0.883892,0.88399,0.886006,0.883317,0.879751,0.876477,0.876497,0.856712,0.851476,0.847054,0.844829,0.844878,0.852868,0.856953,0.853453,0.850604,0.852809,0.855461,0.866935,0.876172,0.875844,0.878213,0.874469,0.869608,0.869408,0.867333,0.869025,0.866599,0.861864,0.858608,0.857951,0.853844,0.847396,0.835469,0.824418,0.816823,0.808402,0.807292,0.80774,0.804389,0.805791,0.801819,0.795167,0.793627,0.796682,0.795622,0.793653,0.791083
CRW,DominicanRepublic,0.814438,0.0081382,0.820431,0.822229,0.819266,0.81713,0.817616,0.818191,0.820287,0.822537,0.821168,0.820899,0.820404,0.820381,0.821928,0.819164,0.815883,0.809255,0.809243,0.810813,0.811993,0.811825,0.809129,0.809686,0.807742,0.80328,0.798717,0.794868,0.789635,0.787112,0.791223,0.798395,0.806035,0.807325,0.808879,0.80825,0.808017,0.808935,0.80818,0.811904,0.81784,0.821684,0.819957,0.820874,0.81865,0.814509,0.809983,0.807803,0.811179,0.813274,0.818551,0.825997,0.831384,0.833431,0.831877,0.830148,0.832142,0.833694,0.833409,0.831472,0.832364,0.833187,0.831911,0.8316,0.829145,0.827265,0.824845,0.823614,0.822764,0.823946,0.823878,0.821,0.818016,0.818023,0.818669,0.816468,0.810915,0.813545,0.810099,0.811428,0.813276,0.812876,0.814936,0.813705,0.81122,0.801008,0.799527,0.799097,0.798193,0.797423,0.796149,0.795116,0.796526,0.797126,0.798403,0.796207,0.794327,0.788295,0.78594,0.784018,0.782255,0.78215,0.783351,0.781828,0.782824,0.786341,0.788765,0.790609,0.791958,0.792275,0.79485,0.800446,0.803846,0.806011,0.80988,0.812153,0.815645,0.817044,0.818534,0.819675,0.82218,0.823958,0.825001,0.825902,0.834971,0.837695,0.838272,0.841021,0.845066,0.844991,0.846171,0.84967,0.852145,0.854041,0.854453,0.854121,0.857756,0.859436,0.866552,0.867815,0.875121,0.878307,0.878759,0.879023,0.882974,0.889205,0.897151,0.901433,0.907281,0.9146,0.921059,0.921644,0.923856,0.929168,0.927824,0.925294,0.923375,0.929631,0.93237,0.936122,0.938229,0.933729,0.945823,0.951578,0.954534,0.960756,0.966521,0.973618,0.966651,0.976032,0.98325,0.989306,0.988261,0.996285,1.001439,1.007403,1.013781,1.000361,0.998214,1.003833,0.999837,0.997028,0.990571,0.989675,0.988592,0.983898,0.984297,0.986416,0.983419,0.982115,0.980302,0.980355,0.976987,0.975399,0.969066,0.966653,0.963401,0.965487,0.949667,0.944627,0.940463,0.934173,0.932784,0.926378,0.922096,0.916214,0.919394,0.917924,0.92209,0.922214,0.920779,0.916977,0.914602,0.910979,0.911594,0.908602,0.908739,0.910512,0.913954,0.920343,0.922041,0.924269,0.927882,0.92657,0.928205,0.930022,0.927867,0.929808,0.926576,0.923247,0.919606,0.915958,0.908043,0.908948,0.897214,0.890908,0.884711,0.877001,0.875095,0.87284,0.871578,0.874698,0.874257,0.872646,0.874655,0.87845,0.885791,0.891373,0.891273,0.895979,0.895417,0.893778,0.890809,0.885236,0.880622,0.878198,0.876932,0.89293,0.892628,0.890565,0.914656,0.919343,0.921876,0.921936,0.923122,0.929878,0.931602,0.938905,0.943063,0.947504,0.95033,0.951938,0.939996,0.949102,0.956088,0.9489,0.946325,0.948918,0.951228,0.949312,0.946035,0.953371,0.958805,0.966351,0.969533,0.971926,0.967856,0.966813,0.964934,0.958809,0.962671,0.965974,0.958167,0.953552,0.953526,0.949451,0.941495,0.935948,0.9301,0.932999,0.93445,0.939821,0.938273,0.937543,0.938273,0.940406,0.938104,0.937961,0.938028,0.939863,0.940644,0.940848,0.936701,0.935698,0.929832,0.921569,0.91489,0.914182,0.909915,0.914015,0.911543,0.915654,0.917643,0.920573,0.91666,0.918101,0.915505,0.913509,0.919113,0.954073,0.95769,0.959874,0.980249,0.987899,0.985965,0.980789,0.975799,0.975822,0.979386,0.983215,0.982965,0.991921,1.002058,0.98973,0.9504,0.946596,0.94516,0.920244,0.90591,0.901128,0.898646,0.894804,0.887812,0.875155,0.867586,0.860796,0.848489,0.835072,0.828554,0.823269,0.820168,0.81565,0.818225,0.820233,0.815796,0.814438,0.81382,0.820431,0.822229,0.819266,0.81713,0.817616,0.818191,0.820287,0.822537,0.821168,0.820899,0.820404,0.820381,0.821928,0.819164,0.815883,0.809255,0.809243,0.810813,0.811993,0.811825,0.809129,0.809686,0.807742,0.80328,0.798717,0.794868,0.789635,0.787112,0.791223,0.798395,0.806035,0.807325,0.808879,0.80825,0.808017,0.808935,0.80818,0.811904,0.81784,0.821684,0.819957,0.820874,0.81865,0.814509,0.809983,0.807803,0.811179,0.813274,0.818551,0.825997,0.831384,0.833431,0.831877,0.830148,0.832142,0.833694,0.833409,0.831472,0.832364,0.833187,0.831911,0.8316,0.829145,0.827265,0.824845,0.823614,0.822764,0.823946,0.823878,0.821,0.818016,0.818023,0.818669,0.816468,0.810915,0.813545,0.810099,0.811428,0.813276,0.812876,0.814936,0.813705,0.81122,0.801008,0.799527,0.799097,0.798193,0.797423,0.796149,0.795116,0.796526,0.797126,0.798403,0.796207,0.794327,0.788295,0.78594,0.784018,0.782255,0.78215,0.783351,0.781828,0.782824,0.786341,0.788765,0.790609,0.791958,0.792275,0.79485,0.800446,0.803846,0.806011,0.80988,0.812153,0.815645,0.817044,0.818534,0.819675,0.82218,0.823958,0.825001,0.825902,0.834971,0.837695,0.838272,0.841021,0.845066,0.844991,0.846171,0.84967,0.852145,0.854041,0.854453,0.854121,0.857756,0.859436,0.866552,0.867815,0.875121,0.878307,0.878759,0.879023,0.882974,0.889205,0.897151,0.901433,0.907281,0.9146,0.921059,0.921644,0.923856,0.929168,0.927824,0.925294,0.923375,0.929631,0.93237,0.936122,0.938229,0.933729,0.945823,0.951578,0.954534,0.960756,0.966521,0.973618,0.966651,0.976032,0.98325,0.989306,0.988261,0.996285,1.001439,1.007403,1.013781,1.000361,0.998214,1.003833,0.999837,0.997028,0.990571,0.989675,0.988592,0.983898,0.984297,0.986416,0.983419,0.982115,0.980302,0.980355,0.976987,0.975399,0.969066,0.966653,0.963401,0.965487,0.949667,0.944627,0.940463,0.934173,0.932784,0.926378,0.922096,0.916214,0.919394,0.917924,0.92209,0.922214,0.920779,0.916977,0.914602,0.910979,0.911594,0.908602,0.908739,0.910512,0.913954,0.920343,0.922041,0.924269,0.927882,0.92657,0.928205,0.930022,0.927867,0.929808,0.926576,0.923247,0.919606,0.915958,0.908043,0.908948,0.897214,0.890908,0.884711,0.877001,0.875095,0.87284,0.871578,0.874698,0.874257,0.872646,0.874655,0.87845,0.885791,0.891373,0.891273,0.895979,0.895417,0.893778,0.890809,0.885236,0.880622,0.878198,0.876932,0.89293,0.892628,0.890565,0.914656,0.919343,0.921876,0.921936,0.923122,0.929878,0.931602,0.938905,0.943063,0.947504,0.95033,0.951938,0.939996,0.949102,0.956088,0.9489,0.946325,0.948918,0.951228,0.949312,0.946035,0.953371,0.958805,0.966351,0.969533,0.971926,0.967856,0.966813,0.964934,0.958809,0.962671,0.965974,0.958167,0.953552,0.953526,0.949451,0.941495,0.935948,0.9301,0.932999,0.93445,0.939821,0.938273,0.937543,0.938273,0.940406,0.938104,0.937961,0.938028,0.939863,0.940644,0.940848,0.936701,0.935698,0.929832,0.921569,0.91489,0.914182,0.909915,0.914015,0.911543,0.915654,0.917643,0.920573,0.91666,0.918101,0.915505,0.913509,0.919113,0.954073,0.95769,0.959874,0.980249,0.987899,0.985965,0.980789,0.975799,0.975822,0.979386,0.983215,0.982965,0.991921,1.002058,0.98973,0.9504,0.946596,0.94516,0.920244,0.90591,0.901128,0.898646,0.894804,0.887812,0.875155,0.867586,0.860796,0.848489,0.835072,0.828554,0.823269,0.820168,0.81565,0.818225,0.820233,0.815796
CRW,DRC,1.047695,0.01041137,1.04835,1.050117,1.046523,1.048205,1.054369,1.051459,1.048279,1.046281,1.043056,1.044817,1.04479,1.043148,1.03588,1.027676,1.035072,1.029453,1.018317,1.010812,1.011303,1.007268,1.007863,1.01022,1.004683,1.01417,1.012593,1.015599,1.011464,1.016776,1.025053,1.024499,1.024245,1.030961,1.034955,1.031067,1.030992,1.038618,1.041367,1.045126,1.040523,1.041082,1.043286,1.046864,1.046468,1.047286,1.0567,1.062093,1.069977,1.071789,1.067164,1.071195,1.05948,1.052239,1.052405,1.04772,1.03764,1.031948,1.03345,1.025559,1.01734,1.000717,0.993631,0.980574,0.976763,0.983631,0.981723,0.98076,0.978953,0.978242,0.976541,0.979142,0.967628,0.959824,0.960759,0.955664,0.950583,0.945956,0.945566,0.950096,0.952607,0.951022,0.947263,0.93726,0.928833,0.921878,0.914662,0.923321,0.934614,0.935642,0.942713,0.958569,0.964253,0.958126,0.95113,0.944734,0.94063,0.947207,0.958019,0.967414,0.979247,0.986715,0.987603,0.983725,0.997954,1.017732,1.010455,1.009767,1.022081,1.038085,1.046188,1.057827,1.061464,1.065495,1.061563,1.067108,1.070324,1.067722,1.069611,1.061247,1.063674,1.070631,1.069668,1.063521,1.057135,1.056702,1.043124,1.035488,1.027715,1.034628,1.041459,1.047201,1.044892,1.046618,1.038222,1.018095,1.013312,1.022002,1.026974,1.025077,1.016327,1.02482,1.035119,1.041908,1.038288,1.018697,1.021995,1.043402,1.045271,1.049324,1.057133,1.063618,1.059668,1.06272,1.054796,1.061653,1.057199,1.051557,1.045077,1.039344,1.034599,1.018025,0.984734,0.959321,0.944567,0.920523,0.898105,0.885718,0.870737,0.866654,0.846409,0.827649,0.828338,0.825425,0.815037,0.810731,0.808343,0.812799,0.812728,0.808381,0.805532,0.801752,0.800716,0.796136,0.785596,0.7796,0.776722,0.758081,0.749552,0.749384,0.742568,0.739259,0.738364,0.73814,0.737462,0.730936,0.731233,0.739387,0.736623,0.736709,0.740291,0.736899,0.735147,0.735229,0.733612,0.731112,0.72949,0.730133,0.734387,0.737202,0.738975,0.724749,0.728947,0.728621,0.725814,0.718082,0.71934,0.720179,0.715129,0.71683,0.718303,0.718612,0.719423,0.710991,0.712385,0.71213,0.717378,0.715997,0.719748,0.726501,0.728239,0.728625,0.729153,0.729776,0.730256,0.730473,0.73069,0.729671,0.732184,0.732998,0.733163,0.731792,0.727788,0.730679,0.733171,0.73484,0.737752,0.742801,0.746538,0.750844,0.75121,0.755337,0.75547,0.755943,0.756888,0.755544,0.756008,0.762934,0.766783,0.767289,0.770139,0.776445,0.778742,0.780027,0.780612,0.780476,0.781364,0.789786,0.791815,0.790031,0.79781,0.803349,0.800335,0.797688,0.799552,0.796692,0.792119,0.787145,0.786444,0.787223,0.791335,0.794137,0.788579,0.78941,0.795395,0.797156,0.796737,0.800045,0.800121,0.80021,0.805096,0.808869,0.811925,0.810034,0.809776,0.808655,0.805467,0.80538,0.808371,0.809297,0.808649,0.81103,0.8102,0.813458,0.812538,0.81508,0.815461,0.818689,0.825256,0.828328,0.834765,0.840732,0.846169,0.84668,0.845014,0.839621,0.842318,0.850858,0.849589,0.849977,0.849894,0.854825,0.856328,0.863553,0.867721,0.869767,0.868442,0.870983,0.876616,0.881903,0.890969,0.901034,0.898059,0.907681,0.913914,0.91488,0.913704,0.914154,0.914944,0.914491,0.910194,0.916288,0.926974,0.938233,0.946623,0.95246,0.956048,0.97877,0.982942,0.981748,0.995465,1.004742,1.009863,1.014879,1.025495,1.033788,1.036732,1.040491,1.03476,1.034885,1.041274,1.044257,1.029979,1.035144,1.048713,1.047695,1.041137,1.04835,1.050117,1.046523,1.048205,1.054369,1.051459,1.048279,1.046281,1.043056,1.044817,1.04479,1.043148,1.03588,1.027676,1.035072,1.029453,1.018317,1.010812,1.011303,1.007268,1.007863,1.01022,1.004683,1.01417,1.012593,1.015599,1.011464,1.016776,1.025053,1.024499,1.024245,1.030961,1.034955,1.031067,1.030992,1.038618,1.041367,1.045126,1.040523,1.041082,1.043286,1.046864,1.046468,1.047286,1.0567,1.062093,1.069977,1.071789,1.067164,1.071195,1.05948,1.052239,1.052405,1.04772,1.03764,1.031948,1.03345,1.025559,1.01734,1.000717,0.993631,0.980574,0.976763,0.983631,0.981723,0.98076,0.978953,0.978242,0.976541,0.979142,0.967628,0.959824,0.960759,0.955664,0.950583,0.945956,0.945566,0.950096,0.952607,0.951022,0.947263,0.93726,0.928833,0.921878,0.914662,0.923321,0.934614,0.935642,0.942713,0.958569,0.964253,0.958126,0.95113,0.944734,0.94063,0.947207,0.958019,0.967414,0.979247,0.986715,0.987603,0.983725,0.997954,1.017732,1.010455,1.009767,1.022081,1.038085,1.046188,1.057827,1.061464,1.065495,1.061563,1.067108,1.070324,1.067722,1.069611,1.061247,1.063674,1.070631,1.069668,1.063521,1.057135,1.056702,1.043124,1.035488,1.027715,1.034628,1.041459,1.047201,1.044892,1.046618,1.038222,1.018095,1.013312,1.022002,1.026974,1.025077,1.016327,1.02482,1.035119,1.041908,1.038288,1.018697,1.021995,1.043402,1.045271,1.049324,1.057133,1.063618,1.059668,1.06272,1.054796,1.061653,1.057199,1.051557,1.045077,1.039344,1.034599,1.018025,0.984734,0.959321,0.944567,0.920523,0.898105,0.885718,0.870737,0.866654,0.846409,0.827649,0.828338,0.825425,0.815037,0.810731,0.808343,0.812799,0.812728,0.808381,0.805532,0.801752,0.800716,0.796136,0.785596,0.7796,0.776722,0.758081,0.749552,0.749384,0.742568,0.739259,0.738364,0.73814,0.737462,0.730936,0.731233,0.739387,0.736623,0.736709,0.740291,0.736899,0.735147,0.735229,0.733612,0.731112,0.72949,0.730133,0.734387,0.737202,0.738975,0.724749,0.728947,0.728621,0.725814,0.718082,0.71934,0.720179,0.715129,0.71683,0.718303,0.718612,0.719423,0.710991,0.712385,0.71213,0.717378,0.715997,0.719748,0.726501,0.728239,0.728625,0.729153,0.729776,0.730256,0.730473,0.73069,0.729671,0.732184,0.732998,0.733163,0.731792,0.727788,0.730679,0.733171,0.73484,0.737752,0.742801,0.746538,0.750844,0.75121,0.755337,0.75547,0.755943,0.756888,0.755544,0.756008,0.762934,0.766783,0.767289,0.770139,0.776445,0.778742,0.780027,0.780612,0.780476,0.781364,0.789786,0.791815,0.790031,0.79781,0.803349,0.800335,0.797688,0.799552,0.796692,0.792119,0.787145,0.786444,0.787223,0.791335,0.794137,0.788579,0.78941,0.795395,0.797156,0.796737,0.800045,0.800121,0.80021,0.805096,0.808869,0.811925,0.810034,0.809776,0.808655,0.805467,0.80538,0.808371,0.809297,0.808649,0.81103,0.8102,0.813458,0.812538,0.81508,0.815461,0.818689,0.825256,0.828328,0.834765,0.840732,0.846169,0.84668,0.845014,0.839621,0.842318,0.850858,0.849589,0.849977,0.849894,0.854825,0.856328,0.863553,0.867721,0.869767,0.868442,0.870983,0.876616,0.881903,0.890969,0.901034,0.898059,0.907681,0.913914,0.91488,0.913704,0.914154,0.914944,0.914491,0.910194,0.916288,0.926974,0.938233,0.946623,0.95246,0.956048,0.97877,0.982942,0.981748,0.995465,1.004742,1.009863,1.014879,1.025495,1.033788,1.036732,1.040491,1.03476,1.034885,1.041274,1.044257,1.029979,1.035144,1.048713
CRW,Ecuador,1.353323,0.01358078,1.368214,1.365639,1.361458,1.351519,1.349593,1.341914,1.337293,1.331914,1.329642,1.319461,1.308848,1.298153,1.296523,1.291986,1.283966,1.276897,1.272463,1.269802,1.272331,1.272707,1.272013,1.272055,1.276245,1.270276,1.268538,1.262902,1.266143,1.26732,1.262586,1.261322,1.25833,1.261324,1.259361,1.251848,1.239805,1.23401,1.224779,1.21238,1.212359,1.214272,1.216765,1.209162,1.202977,1.19541,1.183361,1.174202,1.162962,1.157224,1.157706,1.167969,1.163462,1.161407,1.163095,1.163403,1.157839,1.153026,1.146151,1.1401,1.137295,1.137325,1.135871,1.139175,1.141564,1.143619,1.131881,1.135362,1.145603,1.152536,1.151559,1.154031,1.156245,1.165321,1.171461,1.174919,1.178578,1.184366,1.180422,1.182631,1.179208,1.180065,1.170712,1.16397,1.161713,1.154751,1.1504,1.150077,1.143904,1.145985,1.158896,1.180098,1.188512,1.196557,1.200959,1.205654,1.213384,1.224487,1.23577,1.241477,1.249949,1.257423,1.260329,1.26741,1.276041,1.277423,1.276987,1.269004,1.271702,1.271187,1.281095,1.280654,1.280149,1.278608,1.276848,1.281157,1.281968,1.28604,1.290297,1.286596,1.287822,1.293489,1.311678,1.325399,1.337854,1.348708,1.362005,1.384019,1.394442,1.414131,1.415604,1.421068,1.431367,1.440596,1.456861,1.469791,1.475004,1.479569,1.476834,1.468588,1.455564,1.458348,1.453037,1.447216,1.427994,1.424627,1.437997,1.441661,1.433901,1.418874,1.410466,1.410394,1.402829,1.40083,1.407065,1.40658,1.400145,1.392937,1.387356,1.388312,1.383489,1.36931,1.359783,1.359733,1.357043,1.348303,1.336667,1.334087,1.327957,1.320701,1.312535,1.299907,1.294132,1.285144,1.282299,1.27969,1.275061,1.266652,1.25471,1.244361,1.239226,1.24046,1.230308,1.22496,1.215105,1.220913,1.22146,1.209437,1.203687,1.195089,1.191007,1.182137,1.174534,1.170259,1.166596,1.158527,1.142868,1.134213,1.108147,1.0939,1.082538,1.075521,1.073112,1.066778,1.060939,1.062026,1.060043,1.053685,1.044502,1.042101,1.037562,1.033895,1.037223,1.03942,1.036558,1.033493,1.032434,1.026582,1.024305,1.020873,1.014431,1.007349,1.001656,1.000642,0.996187,0.996438,0.99515,0.989006,0.981774,0.976814,0.972849,0.970324,0.967385,0.961023,0.95646,0.950936,0.948825,0.945892,0.942824,0.941397,0.938187,0.935193,0.933031,0.929881,0.930771,0.930196,0.926121,0.920234,0.91818,0.915951,0.914469,0.914708,0.917571,0.918715,0.921979,0.922202,0.922762,0.922439,0.926952,0.926124,0.929809,0.929444,0.932706,0.937376,0.940347,0.945099,0.952014,0.953483,0.954958,0.956958,0.962217,0.965142,0.969546,0.970448,0.972825,0.976607,0.982494,0.987584,0.990684,0.991748,0.991793,0.99132,0.996091,0.998729,1.001499,1.003422,1.009369,1.013036,1.014704,1.020931,1.024242,1.029526,1.032777,1.039206,1.046899,1.05473,1.063026,1.072029,1.08214,1.089745,1.095064,1.099232,1.107807,1.116754,1.119327,1.121029,1.119964,1.124086,1.127027,1.129641,1.13191,1.131667,1.130451,1.13236,1.134007,1.139256,1.139401,1.137567,1.143137,1.14707,1.154155,1.164423,1.169561,1.179522,1.188017,1.201047,1.21266,1.223231,1.238991,1.257596,1.265031,1.284229,1.303088,1.313797,1.32332,1.325457,1.326502,1.335872,1.334739,1.337043,1.332178,1.341161,1.349367,1.346111,1.334699,1.335126,1.335802,1.333836,1.328633,1.334551,1.337496,1.341893,1.33609,1.338785,1.339845,1.34513,1.33604,1.334869,1.332001,1.331228,1.334489,1.337012,1.344025,1.353496,1.34787,1.353323,1.358078,1.368214,1.365639,1.361458,1.351519,1.349593,1.341914,1.337293,1.331914,1.329642,1.319461,1.308848,1.298153,1.296523,1.291986,1.283966,1.276897,1.272463,1.269802,1.272331,1.272707,1.272013,1.272055,1.276245,1.270276,1.268538,1.262902,1.266143,1.26732,1.262586,1.261322,1.25833,1.261324,1.259361,1.251848,1.239805,1.23401,1.224779,1.21238,1.212359,1.214272,1.216765,1.209162,1.202977,1.19541,1.183361,1.174202,1.162962,1.157224,1.157706,1.167969,1.163462,1.161407,1.163095,1.163403,1.157839,1.153026,1.146151,1.1401,1.137295,1.137325,1.135871,1.139175,1.141564,1.143619,1.131881,1.135362,1.145603,1.152536,1.151559,1.154031,1.156245,1.165321,1.171461,1.174919,1.178578,1.184366,1.180422,1.182631,1.179208,1.180065,1.170712,1.16397,1.161713,1.154751,1.1504,1.150077,1.143904,1.145985,1.158896,1.180098,1.188512,1.196557,1.200959,1.205654,1.213384,1.224487,1.23577,1.241477,1.249949,1.257423,1.260329,1.26741,1.276041,1.277423,1.276987,1.269004,1.271702,1.271187,1.281095,1.280654,1.280149,1.278608,1.276848,1.281157,1.281968,1.28604,1.290297,1.286596,1.287822,1.293489,1.311678,1.325399,1.337854,1.348708,1.362005,1.384019,1.394442,1.414131,1.415604,1.421068,1.431367,1.440596,1.456861,1.469791,1.475004,1.479569,1.476834,1.468588,1.455564,1.458348,1.453037,1.447216,1.427994,1.424627,1.437997,1.441661,1.433901,1.418874,1.410466,1.410394,1.402829,1.40083,1.407065,1.40658,1.400145,1.392937,1.387356,1.388312,1.383489,1.36931,1.359783,1.359733,1.357043,1.348303,1.336667,1.334087,1.327957,1.320701,1.312535,1.299907,1.294132,1.285144,1.282299,1.27969,1.275061,1.266652,1.25471,1.244361,1.239226,1.24046,1.230308,1.22496,1.215105,1.220913,1.22146,1.209437,1.203687,1.195089,1.191007,1.182137,1.174534,1.170259,1.166596,1.158527,1.142868,1.134213,1.108147,1.0939,1.082538,1.075521,1.073112,1.066778,1.060939,1.062026,1.060043,1.053685,1.044502,1.042101,1.037562,1.033895,1.037223,1.03942,1.036558,1.033493,1.032434,1.026582,1.024305,1.020873,1.014431,1.007349,1.001656,1.000642,0.996187,0.996438,0.99515,0.989006,0.981774,0.976814,0.972849,0.970324,0.967385,0.961023,0.95646,0.950936,0.948825,0.945892,0.942824,0.941397,0.938187,0.935193,0.933031,0.929881,0.930771,0.930196,0.926121,0.920234,0.91818,0.915951,0.914469,0.914708,0.917571,0.918715,0.921979,0.922202,0.922762,0.922439,0.926952,0.926124,0.929809,0.929444,0.932706,0.937376,0.940347,0.945099,0.952014,0.953483,0.954958,0.956958,0.962217,0.965142,0.969546,0.970448,0.972825,0.976607,0.982494,0.987584,0.990684,0.991748,0.991793,0.99132,0.996091,0.998729,1.001499,1.003422,1.009369,1.013036,1.014704,1.020931,1.024242,1.029526,1.032777,1.039206,1.046899,1.05473,1.063026,1.072029,1.08214,1.089745,1.095064,1.099232,1.107807,1.116754,1.119327,1.121029,1.119964,1.124086,1.127027,1.129641,1.13191,1.131667,1.130451,1.13236,1.134007,1.139256,1.139401,1.137567,1.143137,1.14707,1.154155,1.164423,1.169561,1.179522,1.188017,1.201047,1.21266,1.223231,1.238991,1.257596,1.265031,1.284229,1.303088,1.313797,1.32332,1.325457,1.326502,1.335872,1.334739,1.337043,1.332178,1.341161,1.349367,1.346111,1.334699,1.335126,1.335802,1.333836,1.328633,1.334551,1.337496,1.341893,1.33609,1.338785,1.339845,1.34513,1.33604,1.334869,1.332001,1.331228,1.334489,1.337012,1.344025,1.353496,1.34787
CRW,Egypt,0.794512,0.008053,0.813423,0.824278,0.830134,0.837927,0.845785,0.855535,0.863847,0.871009,0.871781,0.874464,0.876125,0.876075,0.878111,0.87898,0.877822,0.876539,0.871584,0.870083,0.871635,0.874029,0.870003,0.867743,0.868761,0.87384,0.87703,0.877157,0.881249,0.883702,0.886794,0.890949,0.892537,0.893882,0.895365,0.895798,0.897028,0.898277,0.899378,0.900742,0.902469,0.904393,0.905854,0.90393,0.903989,0.903649,0.904907,0.90837,0.910232,0.911962,0.914082,0.923214,0.92582,0.930271,0.935482,0.938694,0.942077,0.944134,0.948082,0.950548,0.952338,0.952404,0.952051,0.953054,0.958134,0.96019,0.955313,0.955471,0.954382,0.952757,0.952795,0.949299,0.948194,0.950223,0.952308,0.951993,0.950143,0.950331,0.95109,0.950616,0.951509,0.950644,0.951666,0.947493,0.943888,0.936488,0.935923,0.935392,0.932435,0.929207,0.930338,0.933435,0.935933,0.934744,0.930016,0.92698,0.927909,0.923975,0.924093,0.924047,0.923453,0.925444,0.92459,0.921481,0.918533,0.914674,0.908076,0.903007,0.902404,0.901808,0.901659,0.900376,0.900139,0.900568,0.90016,0.899039,0.895397,0.892373,0.890113,0.888827,0.890204,0.88943,0.888067,0.884677,0.882093,0.88224,0.880079,0.876044,0.871742,0.867337,0.866823,0.866945,0.866827,0.867,0.865285,0.86033,0.861515,0.86036,0.861367,0.862881,0.861926,0.862306,0.885294,0.891125,0.890928,0.888644,0.886897,0.89015,0.891937,0.89382,0.896284,0.896995,0.89699,0.895706,0.891829,0.889071,0.886707,0.874991,0.863874,0.864291,0.867437,0.86938,0.867129,0.866023,0.865624,0.865343,0.865489,0.866974,0.868239,0.871076,0.87261,0.874908,0.875738,0.878485,0.883523,0.886296,0.890881,0.89382,0.895661,0.895306,0.897029,0.897782,0.899443,0.901983,0.906617,0.911828,0.91485,0.9188,0.918785,0.915355,0.916048,0.916373,0.918779,0.922093,0.926178,0.93379,0.940671,0.943433,0.926799,0.924811,0.919572,0.913652,0.903945,0.907057,0.904253,0.896477,0.890091,0.887926,0.875513,0.866587,0.860758,0.851201,0.833685,0.808966,0.788188,0.786436,0.790454,0.801784,0.804715,0.804824,0.806025,0.811055,0.807991,0.812897,0.809133,0.810479,0.816421,0.822059,0.837636,0.845584,0.838181,0.824228,0.811316,0.805759,0.802417,0.803762,0.801685,0.799467,0.79639,0.792985,0.789666,0.787041,0.790732,0.788343,0.790719,0.793816,0.796363,0.798714,0.795371,0.797191,0.795359,0.795841,0.798511,0.796022,0.79515,0.794873,0.793373,0.787152,0.785082,0.778717,0.775479,0.774276,0.774266,0.773489,0.773278,0.774693,0.775254,0.772358,0.767559,0.765098,0.766092,0.766532,0.769682,0.769239,0.770281,0.773793,0.777286,0.78195,0.790352,0.790922,0.788748,0.783869,0.787751,0.794921,0.797273,0.79309,0.787765,0.783107,0.782541,0.785521,0.784451,0.785379,0.77847,0.772969,0.770412,0.77046,0.772812,0.763429,0.760499,0.759581,0.762844,0.765899,0.765676,0.763553,0.76182,0.763071,0.759578,0.759696,0.757768,0.754888,0.752171,0.752693,0.757852,0.759332,0.757671,0.755951,0.757144,0.757106,0.757246,0.751235,0.748692,0.752553,0.759734,0.765246,0.769807,0.775496,0.780004,0.784468,0.786847,0.79136,0.792198,0.791469,0.792975,0.796993,0.804704,0.808041,0.80951,0.809343,0.807906,0.802825,0.798829,0.795895,0.795195,0.797879,0.797859,0.798883,0.794001,0.788684,0.785461,0.783465,0.780245,0.775988,0.773218,0.775622,0.782665,0.784977,0.783835,0.780457,0.774918,0.775012,0.774604,0.781241,0.786283,0.787803,0.786122,0.794512,0.8053,0.813423,0.824278,0.830134,0.837927,0.845785,0.855535,0.863847,0.871009,0.871781,0.874464,0.876125,0.876075,0.878111,0.87898,0.877822,0.876539,0.871584,0.870083,0.871635,0.874029,0.870003,0.867743,0.868761,0.87384,0.87703,0.877157,0.881249,0.883702,0.886794,0.890949,0.892537,0.893882,0.895365,0.895798,0.897028,0.898277,0.899378,0.900742,0.902469,0.904393,0.905854,0.90393,0.903989,0.903649,0.904907,0.90837,0.910232,0.911962,0.914082,0.923214,0.92582,0.930271,0.935482,0.938694,0.942077,0.944134,0.948082,0.950548,0.952338,0.952404,0.952051,0.953054,0.958134,0.96019,0.955313,0.955471,0.954382,0.952757,0.952795,0.949299,0.948194,0.950223,0.952308,0.951993,0.950143,0.950331,0.95109,0.950616,0.951509,0.950644,0.951666,0.947493,0.943888,0.936488,0.935923,0.935392,0.932435,0.929207,0.930338,0.933435,0.935933,0.934744,0.930016,0.92698,0.927909,0.923975,0.924093,0.924047,0.923453,0.925444,0.92459,0.921481,0.918533,0.914674,0.908076,0.903007,0.902404,0.901808,0.901659,0.900376,0.900139,0.900568,0.90016,0.899039,0.895397,0.892373,0.890113,0.888827,0.890204,0.88943,0.888067,0.884677,0.882093,0.88224,0.880079,0.876044,0.871742,0.867337,0.866823,0.866945,0.866827,0.867,0.865285,0.86033,0.861515,0.86036,0.861367,0.862881,0.861926,0.862306,0.885294,0.891125,0.890928,0.888644,0.886897,0.89015,0.891937,0.89382,0.896284,0.896995,0.89699,0.895706,0.891829,0.889071,0.886707,0.874991,0.863874,0.864291,0.867437,0.86938,0.867129,0.866023,0.865624,0.865343,0.865489,0.866974,0.868239,0.871076,0.87261,0.874908,0.875738,0.878485,0.883523,0.886296,0.890881,0.89382,0.895661,0.895306,0.897029,0.897782,0.899443,0.901983,0.906617,0.911828,0.91485,0.9188,0.918785,0.915355,0.916048,0.916373,0.918779,0.922093,0.926178,0.93379,0.940671,0.943433,0.926799,0.924811,0.919572,0.913652,0.903945,0.907057,0.904253,0.896477,0.890091,0.887926,0.875513,0.866587,0.860758,0.851201,0.833685,0.808966,0.788188,0.786436,0.790454,0.801784,0.804715,0.804824,0.806025,0.811055,0.807991,0.812897,0.809133,0.810479,0.816421,0.822059,0.837636,0.845584,0.838181,0.824228,0.811316,0.805759,0.802417,0.803762,0.801685,0.799467,0.79639,0.792985,0.789666,0.787041,0.790732,0.788343,0.790719,0.793816,0.796363,0.798714,0.795371,0.797191,0.795359,0.795841,0.798511,0.796022,0.79515,0.794873,0.793373,0.787152,0.785082,0.778717,0.775479,0.774276,0.774266,0.773489,0.773278,0.774693,0.775254,0.772358,0.767559,0.765098,0.766092,0.766532,0.769682,0.769239,0.770281,0.773793,0.777286,0.78195,0.790352,0.790922,0.788748,0.783869,0.787751,0.794921,0.797273,0.79309,0.787765,0.783107,0.782541,0.785521,0.784451,0.785379,0.77847,0.772969,0.770412,0.77046,0.772812,0.763429,0.760499,0.759581,0.762844,0.765899,0.765676,0.763553,0.76182,0.763071,0.759578,0.759696,0.757768,0.754888,0.752171,0.752693,0.757852,0.759332,0.757671,0.755951,0.757144,0.757106,0.757246,0.751235,0.748692,0.752553,0.759734,0.765246,0.769807,0.775496,0.780004,0.784468,0.786847,0.79136,0.792198,0.791469,0.792975,0.796993,0.804704,0.808041,0.80951,0.809343,0.807906,0.802825,0.798829,0.795895,0.795195,0.797879,0.797859,0.798883,0.794001,0.788684,0.785461,0.783465,0.780245,0.775988,0.773218,0.775622,0.782665,0.784977,0.783835,0.780457,0.774918,0.775012,0.774604,0.781241,0.786283,0.787803,0.786122
CRW,ElSalvador,0.920805,0.009172409999999999,0.917831,0.913351,0.908475,0.909591,0.903083,0.898023,0.881306,0.880603,0.880536,0.879331,0.876797,0.870468,0.86536,0.860554,0.854751,0.845936,0.848675,0.843344,0.831152,0.829865,0.824962,0.824988,0.825869,0.823232,0.820963,0.820493,0.820107,0.81811,0.815548,0.814155,0.81379,0.808268,0.805208,0.810193,0.80348,0.802487,0.79853,0.789529,0.789431,0.793309,0.793267,0.791106,0.794408,0.798128,0.801238,0.797216,0.799222,0.800555,0.800081,0.804739,0.80398,0.809203,0.804141,0.800295,0.804381,0.806735,0.811687,0.813293,0.814863,0.812559,0.813941,0.812364,0.812245,0.813604,0.815531,0.816388,0.810074,0.811027,0.811467,0.806003,0.800655,0.795307,0.787296,0.786444,0.790694,0.787501,0.788142,0.786771,0.783358,0.782549,0.778453,0.784326,0.789307,0.791972,0.793732,0.795924,0.79774,0.795932,0.790691,0.794715,0.800394,0.801057,0.801993,0.806743,0.809303,0.815048,0.822338,0.824465,0.827544,0.824892,0.824404,0.827141,0.835552,0.840602,0.831276,0.825824,0.827099,0.827118,0.829197,0.834182,0.8344,0.826525,0.82727,0.828118,0.832511,0.840536,0.845405,0.843225,0.839725,0.840835,0.844005,0.84797,0.854391,0.855432,0.855163,0.857959,0.869002,0.883468,0.896179,0.90051,0.900994,0.90391,0.910245,0.911943,0.921798,0.933569,0.940916,0.948377,0.953405,0.955202,0.958784,0.956178,0.951704,0.942956,0.945079,0.948026,0.947783,0.948522,0.95295,0.95501,0.949235,0.944722,0.940606,0.939219,0.939107,0.938104,0.941928,0.951952,0.955408,0.952026,0.957027,0.957186,0.957939,0.966371,0.969526,0.993113,1.011343,1.032592,1.055445,1.068934,1.072805,1.06966,1.066811,1.069812,1.078256,1.07823,1.089457,1.091821,1.095906,1.101695,1.092879,1.077417,1.058185,1.045043,1.042109,1.048718,1.044965,1.039033,1.043533,1.049034,1.044134,1.040417,1.044791,1.037878,1.03008,1.028898,1.045386,1.041894,1.039589,1.040921,1.048056,1.052082,1.054001,1.061144,1.073004,1.077211,1.07943,1.088076,1.088645,1.086161,1.07905,1.080648,1.080206,1.070302,1.056346,1.046047,1.048268,1.046771,1.047799,1.052407,1.055648,1.055428,1.0566,1.055259,1.059797,1.057985,1.055425,1.057746,1.061792,1.065629,1.068159,1.064753,1.06755,1.060789,1.044605,1.032336,1.021752,1.008217,1.00441,0.991972,0.98919,0.985179,0.970964,0.963789,0.96059,0.955198,0.950098,0.934444,0.93075,0.935315,0.934793,0.935906,0.94027,0.933815,0.928137,0.926111,0.922674,0.937012,0.946902,0.942882,0.941601,0.944057,0.943808,0.946994,0.951686,0.957238,0.96525,0.966913,0.972898,0.983687,0.976259,0.969419,0.959252,0.955697,0.962151,0.962488,0.95947,0.960366,0.959169,0.956648,0.954873,0.949036,0.9487,0.954645,0.948572,0.955095,0.96093,0.968223,0.971465,0.966701,0.969951,0.965644,0.96776,0.968906,0.970521,0.973098,0.976092,0.979866,0.981586,0.991069,0.998077,1.00475,1.004148,0.998832,1.002785,1.002034,1.015024,1.016991,1.023744,1.019546,1.01905,1.019464,1.014733,1.01267,1.001243,0.998003,0.991307,0.999134,1.00632,1.009764,1.015269,1.016152,1.017118,1.007525,1.006264,1.005785,1.011061,1.048685,1.047724,1.052512,1.047716,1.049358,1.046583,1.039138,1.036517,1.033179,1.038824,1.033266,1.041348,1.038088,1.029775,1.020608,0.99921,1.000697,1.001068,1.002133,0.996819,0.992772,0.992837,0.988781,0.984933,0.969163,0.97014,0.956028,0.955554,0.957785,0.968404,0.961234,0.95002,0.945757,0.935815,0.934812,0.928512,0.920805,0.917241,0.917831,0.913351,0.908475,0.909591,0.903083,0.898023,0.881306,0.880603,0.880536,0.879331,0.876797,0.870468,0.86536,0.860554,0.854751,0.845936,0.848675,0.843344,0.831152,0.829865,0.824962,0.824988,0.825869,0.823232,0.820963,0.820493,0.820107,0.81811,0.815548,0.814155,0.81379,0.808268,0.805208,0.810193,0.80348,0.802487,0.79853,0.789529,0.789431,0.793309,0.793267,0.791106,0.794408,0.798128,0.801238,0.797216,0.799222,0.800555,0.800081,0.804739,0.80398,0.809203,0.804141,0.800295,0.804381,0.806735,0.811687,0.813293,0.814863,0.812559,0.813941,0.812364,0.812245,0.813604,0.815531,0.816388,0.810074,0.811027,0.811467,0.806003,0.800655,0.795307,0.787296,0.786444,0.790694,0.787501,0.788142,0.786771,0.783358,0.782549,0.778453,0.784326,0.789307,0.791972,0.793732,0.795924,0.79774,0.795932,0.790691,0.794715,0.800394,0.801057,0.801993,0.806743,0.809303,0.815048,0.822338,0.824465,0.827544,0.824892,0.824404,0.827141,0.835552,0.840602,0.831276,0.825824,0.827099,0.827118,0.829197,0.834182,0.8344,0.826525,0.82727,0.828118,0.832511,0.840536,0.845405,0.843225,0.839725,0.840835,0.844005,0.84797,0.854391,0.855432,0.855163,0.857959,0.869002,0.883468,0.896179,0.90051,0.900994,0.90391,0.910245,0.911943,0.921798,0.933569,0.940916,0.948377,0.953405,0.955202,0.958784,0.956178,0.951704,0.942956,0.945079,0.948026,0.947783,0.948522,0.95295,0.95501,0.949235,0.944722,0.940606,0.939219,0.939107,0.938104,0.941928,0.951952,0.955408,0.952026,0.957027,0.957186,0.957939,0.966371,0.969526,0.993113,1.011343,1.032592,1.055445,1.068934,1.072805,1.06966,1.066811,1.069812,1.078256,1.07823,1.089457,1.091821,1.095906,1.101695,1.092879,1.077417,1.058185,1.045043,1.042109,1.048718,1.044965,1.039033,1.043533,1.049034,1.044134,1.040417,1.044791,1.037878,1.03008,1.028898,1.045386,1.041894,1.039589,1.040921,1.048056,1.052082,1.054001,1.061144,1.073004,1.077211,1.07943,1.088076,1.088645,1.086161,1.07905,1.080648,1.080206,1.070302,1.056346,1.046047,1.048268,1.046771,1.047799,1.052407,1.055648,1.055428,1.0566,1.055259,1.059797,1.057985,1.055425,1.057746,1.061792,1.065629,1.068159,1.064753,1.06755,1.060789,1.044605,1.032336,1.021752,1.008217,1.00441,0.991972,0.98919,0.985179,0.970964,0.963789,0.96059,0.955198,0.950098,0.934444,0.93075,0.935315,0.934793,0.935906,0.94027,0.933815,0.928137,0.926111,0.922674,0.937012,0.946902,0.942882,0.941601,0.944057,0.943808,0.946994,0.951686,0.957238,0.96525,0.966913,0.972898,0.983687,0.976259,0.969419,0.959252,0.955697,0.962151,0.962488,0.95947,0.960366,0.959169,0.956648,0.954873,0.949036,0.9487,0.954645,0.948572,0.955095,0.96093,0.968223,0.971465,0.966701,0.969951,0.965644,0.96776,0.968906,0.970521,0.973098,0.976092,0.979866,0.981586,0.991069,0.998077,1.00475,1.004148,0.998832,1.002785,1.002034,1.015024,1.016991,1.023744,1.019546,1.01905,1.019464,1.014733,1.01267,1.001243,0.998003,0.991307,0.999134,1.00632,1.009764,1.015269,1.016152,1.017118,1.007525,1.006264,1.005785,1.011061,1.048685,1.047724,1.052512,1.047716,1.049358,1.046583,1.039138,1.036517,1.033179,1.038824,1.033266,1.041348,1.038088,1.029775,1.020608,0.99921,1.000697,1.001068,1.002133,0.996819,0.992772,0.992837,0.988781,0.984933,0.969163,0.97014,0.956028,0.955554,0.957785,0.968404,0.961234,0.95002,0.945757,0.935815,0.934812,0.928512
CRW,EquatorialGuinea,1.026124,0.01039788,1.029644,1.024775,1.016048,1.016707,1.015142,1.004066,0.996566,0.996183,0.995553,0.99055,0.986003,0.964869,0.962543,0.956366,0.938113,0.930487,0.925799,0.924429,0.920281,0.932995,0.928065,0.921974,0.91846,0.916562,0.911987,0.905366,0.899088,0.892637,0.896207,0.896829,0.89768,0.897291,0.894385,0.888514,0.864767,0.867906,0.869105,0.869002,0.865267,0.863878,0.868833,0.871302,0.866934,0.860071,0.857848,0.857071,0.854494,0.852821,0.850736,0.847373,0.844857,0.846691,0.844437,0.842877,0.844523,0.84082,0.840128,0.839077,0.833087,0.831044,0.827884,0.825041,0.819764,0.818894,0.818815,0.817704,0.812003,0.811312,0.813003,0.814705,0.814583,0.816238,0.820602,0.828446,0.831356,0.835425,0.841723,0.845848,0.848697,0.852544,0.855611,0.859273,0.860605,0.861096,0.863521,0.867322,0.872074,0.876244,0.873569,0.877662,0.883625,0.886121,0.89058,0.891286,0.892928,0.893115,0.89482,0.895957,0.898812,0.899216,0.902647,0.906445,0.908442,0.91827,0.92614,0.929844,0.932297,0.934777,0.938392,0.944689,0.952705,0.959591,0.971392,0.976821,0.982492,0.988267,0.991276,0.993053,0.992422,0.988303,0.984973,0.98834,0.990852,0.991717,0.986919,0.98702,0.983488,0.985671,0.98972,0.988036,0.981109,0.976586,0.976003,0.977749,0.982847,0.990124,0.989277,0.985812,0.981311,0.983292,0.980823,0.982739,0.978344,0.97576,0.980249,0.984091,0.983171,0.978884,0.978755,0.975554,0.973661,0.979253,0.99622,1.01515,1.024743,1.024885,1.025411,1.023044,1.024454,1.021769,1.020098,1.017678,1.014768,1.012286,1.008647,1.00793,0.998299,0.981416,0.9626,0.949837,0.949484,0.951152,0.952854,0.945494,0.942731,0.937478,0.935327,0.93706,0.936327,0.933127,0.925711,0.924522,0.923062,0.923413,0.923364,0.920938,0.910343,0.900922,0.905835,0.904375,0.902625,0.904398,0.897967,0.89153,0.88688,0.886149,0.885781,0.886925,0.887492,0.884775,0.883735,0.883115,0.870469,0.866173,0.869951,0.864827,0.866604,0.866565,0.866826,0.864773,0.861612,0.862535,0.858347,0.855651,0.854657,0.855468,0.854927,0.857975,0.866383,0.86247,0.86253,0.859425,0.857908,0.855798,0.854346,0.857342,0.858224,0.860307,0.860633,0.85864,0.85975,0.85911,0.862753,0.853429,0.849821,0.856398,0.859359,0.862209,0.866849,0.873727,0.87072,0.870366,0.868689,0.868698,0.86968,0.870836,0.872472,0.866802,0.865676,0.869665,0.859997,0.855987,0.85476,0.853909,0.85064,0.85045,0.854034,0.855558,0.855261,0.865443,0.8637,0.863996,0.864736,0.868428,0.864582,0.865165,0.865271,0.86801,0.873054,0.878617,0.880836,0.877333,0.878738,0.879617,0.876146,0.876892,0.879496,0.884228,0.884822,0.8884,0.896545,0.902694,0.904869,0.901371,0.895602,0.89417,0.898428,0.901197,0.907294,0.909234,0.914428,0.916487,0.918962,0.925781,0.931105,0.928923,0.931466,0.937716,0.943359,0.947772,0.954083,0.962297,0.9687,0.976771,1.005372,1.011334,1.01646,1.019413,1.02022,1.020596,1.025944,1.02931,1.027717,1.027566,1.031519,1.031857,1.031538,1.036346,1.034802,1.020468,1.035388,1.039407,1.041378,1.040041,1.04719,1.049211,1.054728,1.060194,1.070789,1.076926,1.08127,1.084521,1.075337,1.072117,1.070337,1.058532,1.056908,1.052153,1.081346,1.081354,1.104893,1.102781,1.10326,1.09724,1.095026,1.093069,1.089895,1.086965,1.091503,1.087037,1.090364,1.08553,1.093218,1.068959,1.067862,1.045873,1.043495,1.037047,1.029598,1.016805,1.015925,1.026928,1.028958,1.026124,1.039788,1.029644,1.024775,1.016048,1.016707,1.015142,1.004066,0.996566,0.996183,0.995553,0.99055,0.986003,0.964869,0.962543,0.956366,0.938113,0.930487,0.925799,0.924429,0.920281,0.932995,0.928065,0.921974,0.91846,0.916562,0.911987,0.905366,0.899088,0.892637,0.896207,0.896829,0.89768,0.897291,0.894385,0.888514,0.864767,0.867906,0.869105,0.869002,0.865267,0.863878,0.868833,0.871302,0.866934,0.860071,0.857848,0.857071,0.854494,0.852821,0.850736,0.847373,0.844857,0.846691,0.844437,0.842877,0.844523,0.84082,0.840128,0.839077,0.833087,0.831044,0.827884,0.825041,0.819764,0.818894,0.818815,0.817704,0.812003,0.811312,0.813003,0.814705,0.814583,0.816238,0.820602,0.828446,0.831356,0.835425,0.841723,0.845848,0.848697,0.852544,0.855611,0.859273,0.860605,0.861096,0.863521,0.867322,0.872074,0.876244,0.873569,0.877662,0.883625,0.886121,0.89058,0.891286,0.892928,0.893115,0.89482,0.895957,0.898812,0.899216,0.902647,0.906445,0.908442,0.91827,0.92614,0.929844,0.932297,0.934777,0.938392,0.944689,0.952705,0.959591,0.971392,0.976821,0.982492,0.988267,0.991276,0.993053,0.992422,0.988303,0.984973,0.98834,0.990852,0.991717,0.986919,0.98702,0.983488,0.985671,0.98972,0.988036,0.981109,0.976586,0.976003,0.977749,0.982847,0.990124,0.989277,0.985812,0.981311,0.983292,0.980823,0.982739,0.978344,0.97576,0.980249,0.984091,0.983171,0.978884,0.978755,0.975554,0.973661,0.979253,0.99622,1.01515,1.024743,1.024885,1.025411,1.023044,1.024454,1.021769,1.020098,1.017678,1.014768,1.012286,1.008647,1.00793,0.998299,0.981416,0.9626,0.949837,0.949484,0.951152,0.952854,0.945494,0.942731,0.937478,0.935327,0.93706,0.936327,0.933127,0.925711,0.924522,0.923062,0.923413,0.923364,0.920938,0.910343,0.900922,0.905835,0.904375,0.902625,0.904398,0.897967,0.89153,0.88688,0.886149,0.885781,0.886925,0.887492,0.884775,0.883735,0.883115,0.870469,0.866173,0.869951,0.864827,0.866604,0.866565,0.866826,0.864773,0.861612,0.862535,0.858347,0.855651,0.854657,0.855468,0.854927,0.857975,0.866383,0.86247,0.86253,0.859425,0.857908,0.855798,0.854346,0.857342,0.858224,0.860307,0.860633,0.85864,0.85975,0.85911,0.862753,0.853429,0.849821,0.856398,0.859359,0.862209,0.866849,0.873727,0.87072,0.870366,0.868689,0.868698,0.86968,0.870836,0.872472,0.866802,0.865676,0.869665,0.859997,0.855987,0.85476,0.853909,0.85064,0.85045,0.854034,0.855558,0.855261,0.865443,0.8637,0.863996,0.864736,0.868428,0.864582,0.865165,0.865271,0.86801,0.873054,0.878617,0.880836,0.877333,0.878738,0.879617,0.876146,0.876892,0.879496,0.884228,0.884822,0.8884,0.896545,0.902694,0.904869,0.901371,0.895602,0.89417,0.898428,0.901197,0.907294,0.909234,0.914428,0.916487,0.918962,0.925781,0.931105,0.928923,0.931466,0.937716,0.943359,0.947772,0.954083,0.962297,0.9687,0.976771,1.005372,1.011334,1.01646,1.019413,1.02022,1.020596,1.025944,1.02931,1.027717,1.027566,1.031519,1.031857,1.031538,1.036346,1.034802,1.020468,1.035388,1.039407,1.041378,1.040041,1.04719,1.049211,1.054728,1.060194,1.070789,1.076926,1.08127,1.084521,1.075337,1.072117,1.070337,1.058532,1.056908,1.052153,1.081346,1.081354,1.104893,1.102781,1.10326,1.09724,1.095026,1.093069,1.089895,1.086965,1.091503,1.087037,1.090364,1.08553,1.093218,1.068959,1.067862,1.045873,1.043495,1.037047,1.029598,1.016805,1.015925,1.026928,1.028958
CRW,Eritrea,0.994547,0.00987429,0.977483,0.96812,0.957268,0.948522,0.935205,0.93164,0.928184,0.922827,0.916143,0.909601,0.905974,0.904112,0.899148,0.897611,0.901257,0.904176,0.901656,0.900011,0.896228,0.894232,0.890992,0.886087,0.884313,0.88136,0.879507,0.874684,0.870449,0.866609,0.861448,0.858482,0.853365,0.853197,0.852433,0.850667,0.846752,0.843074,0.841747,0.83948,0.839035,0.837362,0.837267,0.835376,0.835163,0.835459,0.831343,0.830116,0.825574,0.826132,0.827599,0.828654,0.827081,0.826757,0.826075,0.825343,0.825397,0.825204,0.825175,0.824934,0.824713,0.824356,0.823284,0.822994,0.819297,0.815499,0.813835,0.815176,0.8145,0.815152,0.815713,0.816331,0.815483,0.817249,0.818534,0.819738,0.820271,0.820848,0.823475,0.825065,0.826309,0.827591,0.829794,0.830631,0.831222,0.832235,0.831472,0.830521,0.828859,0.828125,0.829071,0.831178,0.835192,0.837279,0.840849,0.843532,0.847436,0.849555,0.853416,0.856208,0.859788,0.865757,0.873705,0.880151,0.883997,0.888794,0.892348,0.895233,0.899396,0.903563,0.906909,0.90817,0.9107,0.91306,0.91773,0.920093,0.921436,0.922525,0.925977,0.932011,0.937126,0.94394,0.944962,0.945689,0.943982,0.949274,0.957624,0.963213,0.967968,0.973128,0.978682,0.982124,0.986253,0.987958,0.991202,0.992074,0.990707,0.996692,1.001625,1.006248,1.004274,1.001492,1.002836,1.007502,1.010635,1.014941,1.020479,1.026035,1.032923,1.038685,1.047896,1.062535,1.07021,1.077836,1.092265,1.109746,1.12188,1.131591,1.140514,1.142503,1.138731,1.143297,1.152713,1.164843,1.17571,1.183549,1.195876,1.247699,1.270344,1.285137,1.287754,1.289014,1.308326,1.319291,1.335137,1.355529,1.362892,1.361423,1.353237,1.358371,1.354758,1.349717,1.340485,1.337196,1.327804,1.333661,1.33911,1.321984,1.307867,1.302707,1.302675,1.311521,1.314453,1.32174,1.319282,1.319274,1.319144,1.321577,1.327609,1.341799,1.33684,1.337734,1.347219,1.349092,1.343438,1.330816,1.320667,1.308948,1.302868,1.306778,1.304341,1.29843,1.29226,1.284346,1.273346,1.26575,1.262469,1.258606,1.251415,1.246446,1.24681,1.240552,1.231522,1.22226,1.211661,1.206836,1.196623,1.184502,1.165674,1.137886,1.122775,1.108495,1.098842,1.091631,1.07698,1.085279,1.090011,1.096251,1.093357,1.092621,1.096199,1.09658,1.098479,1.105524,1.110208,1.114499,1.111915,1.114229,1.112475,1.116951,1.106039,1.105563,1.111399,1.112861,1.11003,1.10285,1.104211,1.10241,1.100371,1.101402,1.10755,1.118759,1.129453,1.129137,1.130572,1.133301,1.136689,1.135971,1.141916,1.142087,1.148485,1.152479,1.15323,1.155166,1.163264,1.165567,1.160188,1.150029,1.155153,1.155763,1.15328,1.152359,1.153287,1.152647,1.155228,1.161584,1.159701,1.167906,1.173595,1.181476,1.184371,1.184364,1.193944,1.202227,1.207361,1.2146,1.219354,1.214191,1.21353,1.217536,1.210467,1.213197,1.212466,1.205168,1.198072,1.193947,1.196133,1.189761,1.185307,1.177281,1.167231,1.165857,1.169426,1.166895,1.166502,1.169705,1.168648,1.157102,1.155601,1.155411,1.155138,1.149528,1.148868,1.145654,1.153783,1.160745,1.163166,1.163113,1.16251,1.166983,1.162856,1.159875,1.173572,1.180871,1.183319,1.177919,1.17598,1.175283,1.160591,1.142969,1.131829,1.126166,1.120597,1.138341,1.137895,1.13377,1.129624,1.120446,1.113137,1.101093,1.100711,1.09537,1.088865,1.086606,1.083305,1.076594,1.06735,1.05721,1.044688,1.037044,1.029778,1.023381,1.017629,1.009018,1.006166,0.994547,0.987429,0.977483,0.96812,0.957268,0.948522,0.935205,0.93164,0.928184,0.922827,0.916143,0.909601,0.905974,0.904112,0.899148,0.897611,0.901257,0.904176,0.901656,0.900011,0.896228,0.894232,0.890992,0.886087,0.884313,0.88136,0.879507,0.874684,0.870449,0.866609,0.861448,0.858482,0.853365,0.853197,0.852433,0.850667,0.846752,0.843074,0.841747,0.83948,0.839035,0.837362,0.837267,0.835376,0.835163,0.835459,0.831343,0.830116,0.825574,0.826132,0.827599,0.828654,0.827081,0.826757,0.826075,0.825343,0.825397,0.825204,0.825175,0.824934,0.824713,0.824356,0.823284,0.822994,0.819297,0.815499,0.813835,0.815176,0.8145,0.815152,0.815713,0.816331,0.815483,0.817249,0.818534,0.819738,0.820271,0.820848,0.823475,0.825065,0.826309,0.827591,0.829794,0.830631,0.831222,0.832235,0.831472,0.830521,0.828859,0.828125,0.829071,0.831178,0.835192,0.837279,0.840849,0.843532,0.847436,0.849555,0.853416,0.856208,0.859788,0.865757,0.873705,0.880151,0.883997,0.888794,0.892348,0.895233,0.899396,0.903563,0.906909,0.90817,0.9107,0.91306,0.91773,0.920093,0.921436,0.922525,0.925977,0.932011,0.937126,0.94394,0.944962,0.945689,0.943982,0.949274,0.957624,0.963213,0.967968,0.973128,0.978682,0.982124,0.986253,0.987958,0.991202,0.992074,0.990707,0.996692,1.001625,1.006248,1.004274,1.001492,1.002836,1.007502,1.010635,1.014941,1.020479,1.026035,1.032923,1.038685,1.047896,1.062535,1.07021,1.077836,1.092265,1.109746,1.12188,1.131591,1.140514,1.142503,1.138731,1.143297,1.152713,1.164843,1.17571,1.183549,1.195876,1.247699,1.270344,1.285137,1.287754,1.289014,1.308326,1.319291,1.335137,1.355529,1.362892,1.361423,1.353237,1.358371,1.354758,1.349717,1.340485,1.337196,1.327804,1.333661,1.33911,1.321984,1.307867,1.302707,1.302675,1.311521,1.314453,1.32174,1.319282,1.319274,1.319144,1.321577,1.327609,1.341799,1.33684,1.337734,1.347219,1.349092,1.343438,1.330816,1.320667,1.308948,1.302868,1.306778,1.304341,1.29843,1.29226,1.284346,1.273346,1.26575,1.262469,1.258606,1.251415,1.246446,1.24681,1.240552,1.231522,1.22226,1.211661,1.206836,1.196623,1.184502,1.165674,1.137886,1.122775,1.108495,1.098842,1.091631,1.07698,1.085279,1.090011,1.096251,1.093357,1.092621,1.096199,1.09658,1.098479,1.105524,1.110208,1.114499,1.111915,1.114229,1.112475,1.116951,1.106039,1.105563,1.111399,1.112861,1.11003,1.10285,1.104211,1.10241,1.100371,1.101402,1.10755,1.118759,1.129453,1.129137,1.130572,1.133301,1.136689,1.135971,1.141916,1.142087,1.148485,1.152479,1.15323,1.155166,1.163264,1.165567,1.160188,1.150029,1.155153,1.155763,1.15328,1.152359,1.153287,1.152647,1.155228,1.161584,1.159701,1.167906,1.173595,1.181476,1.184371,1.184364,1.193944,1.202227,1.207361,1.2146,1.219354,1.214191,1.21353,1.217536,1.210467,1.213197,1.212466,1.205168,1.198072,1.193947,1.196133,1.189761,1.185307,1.177281,1.167231,1.165857,1.169426,1.166895,1.166502,1.169705,1.168648,1.157102,1.155601,1.155411,1.155138,1.149528,1.148868,1.145654,1.153783,1.160745,1.163166,1.163113,1.16251,1.166983,1.162856,1.159875,1.173572,1.180871,1.183319,1.177919,1.17598,1.175283,1.160591,1.142969,1.131829,1.126166,1.120597,1.138341,1.137895,1.13377,1.129624,1.120446,1.113137,1.101093,1.100711,1.09537,1.088865,1.086606,1.083305,1.076594,1.06735,1.05721,1.044688,1.037044,1.029778,1.023381,1.017629,1.009018,1.006166
CRW,Estonia,0.962178,0.00961633,0.962249,0.966033,0.972636,0.975099,0.975977,0.976583,0.979914,0.984206,0.98562,0.99138,0.994907,0.99782,0.998907,1.001683,1.007284,1.008586,1.012575,1.008659,1.003961,1.008969,1.014456,1.014251,1.016667,1.017834,1.01703,1.016715,1.01501,1.018212,1.019912,1.023376,1.030579,1.034923,1.039031,1.044139,1.041828,1.028641,1.023272,1.022956,1.02649,1.027857,1.033245,1.032784,1.03255,1.040207,1.037977,1.039205,1.036695,1.040685,1.039021,1.041138,1.041265,1.044773,1.043388,1.04057,1.039822,1.039501,1.041334,1.040231,1.037386,1.032143,1.02336,1.019777,1.009027,1.005793,1.007555,1.014307,1.018244,1.018843,1.017509,1.019494,1.010772,1.012765,1.01218,1.020181,1.031429,1.035764,1.038725,1.038467,1.039275,1.03953,1.041958,1.037752,1.041064,1.046689,1.052762,1.051598,1.053047,1.056197,1.054829,1.053531,1.05416,1.054729,1.053135,1.052264,1.045923,1.036259,1.032419,1.026946,1.016285,0.994727,0.999502,0.995395,0.991379,0.985238,0.984086,0.989404,0.990252,0.994247,0.995599,1.00421,1.004083,1.003451,1.003057,1.005479,1.014004,1.015571,1.021418,1.021325,1.019212,1.015675,1.012937,1.017049,1.01277,1.009516,1.005645,1.01288,1.014566,1.01642,1.017415,1.011759,1.006549,1.001801,1.003568,1.00175,0.999452,0.995234,0.985192,0.984869,0.982936,0.981387,0.973934,0.973336,0.972878,0.972678,0.976927,0.979257,0.982664,0.978392,0.981752,0.986455,0.99026,0.995106,0.998279,1.002107,1.003333,1.00387,1.000428,0.999864,0.997594,0.984472,0.984711,0.974842,0.975496,0.973426,0.969323,0.965216,0.960169,0.957443,0.956107,0.954355,0.953386,0.95364,0.951696,0.951491,0.950987,0.948345,0.94423,0.940462,0.938705,0.935529,0.932207,0.930384,0.927239,0.921897,0.916927,0.912493,0.908261,0.905806,0.904381,0.900995,0.89688,0.903582,0.902429,0.903387,0.903134,0.903306,0.903597,0.904178,0.900452,0.908392,0.908398,0.912313,0.91026,0.909356,0.910155,0.909287,0.907658,0.902964,0.898878,0.894097,0.889114,0.88222,0.875571,0.876274,0.868536,0.864773,0.855014,0.853345,0.85194,0.849819,0.84944,0.847053,0.848146,0.848212,0.846441,0.846025,0.8457,0.847233,0.851516,0.851765,0.854376,0.854317,0.852433,0.847148,0.845692,0.843132,0.842019,0.840258,0.840011,0.839861,0.839484,0.841464,0.841667,0.837208,0.837366,0.832996,0.836247,0.835673,0.838395,0.835127,0.833917,0.837855,0.83723,0.836877,0.843607,0.846099,0.845738,0.844655,0.839932,0.835782,0.836629,0.836129,0.835487,0.83698,0.839815,0.839826,0.839747,0.840374,0.840669,0.836624,0.835258,0.838108,0.836688,0.838654,0.839418,0.839994,0.837991,0.834738,0.831548,0.833272,0.831894,0.829433,0.827737,0.826792,0.827472,0.828138,0.822151,0.828922,0.829441,0.831926,0.830838,0.833127,0.836771,0.83797,0.8379,0.840954,0.843341,0.845866,0.84642,0.846605,0.847645,0.848294,0.84772,0.852084,0.853625,0.856762,0.857277,0.856597,0.858588,0.860189,0.862884,0.861948,0.861557,0.862517,0.86217,0.86326,0.866267,0.868942,0.866799,0.866049,0.86795,0.86987,0.87335,0.876963,0.879534,0.880921,0.894143,0.896599,0.898717,0.901823,0.905149,0.9086,0.90886,0.911988,0.917763,0.920446,0.921989,0.923262,0.923612,0.924562,0.922551,0.908378,0.909445,0.910886,0.913511,0.915851,0.917815,0.920876,0.922208,0.922497,0.925396,0.924045,0.927809,0.935552,0.937221,0.945703,0.953417,0.95465,0.959122,0.958863,0.959309,0.960685,0.960305,0.962178,0.961633,0.962249,0.966033,0.972636,0.975099,0.975977,0.976583,0.979914,0.984206,0.98562,0.99138,0.994907,0.99782,0.998907,1.001683,1.007284,1.008586,1.012575,1.008659,1.003961,1.008969,1.014456,1.014251,1.016667,1.017834,1.01703,1.016715,1.01501,1.018212,1.019912,1.023376,1.030579,1.034923,1.039031,1.044139,1.041828,1.028641,1.023272,1.022956,1.02649,1.027857,1.033245,1.032784,1.03255,1.040207,1.037977,1.039205,1.036695,1.040685,1.039021,1.041138,1.041265,1.044773,1.043388,1.04057,1.039822,1.039501,1.041334,1.040231,1.037386,1.032143,1.02336,1.019777,1.009027,1.005793,1.007555,1.014307,1.018244,1.018843,1.017509,1.019494,1.010772,1.012765,1.01218,1.020181,1.031429,1.035764,1.038725,1.038467,1.039275,1.03953,1.041958,1.037752,1.041064,1.046689,1.052762,1.051598,1.053047,1.056197,1.054829,1.053531,1.05416,1.054729,1.053135,1.052264,1.045923,1.036259,1.032419,1.026946,1.016285,0.994727,0.999502,0.995395,0.991379,0.985238,0.984086,0.989404,0.990252,0.994247,0.995599,1.00421,1.004083,1.003451,1.003057,1.005479,1.014004,1.015571,1.021418,1.021325,1.019212,1.015675,1.012937,1.017049,1.01277,1.009516,1.005645,1.01288,1.014566,1.01642,1.017415,1.011759,1.006549,1.001801,1.003568,1.00175,0.999452,0.995234,0.985192,0.984869,0.982936,0.981387,0.973934,0.973336,0.972878,0.972678,0.976927,0.979257,0.982664,0.978392,0.981752,0.986455,0.99026,0.995106,0.998279,1.002107,1.003333,1.00387,1.000428,0.999864,0.997594,0.984472,0.984711,0.974842,0.975496,0.973426,0.969323,0.965216,0.960169,0.957443,0.956107,0.954355,0.953386,0.95364,0.951696,0.951491,0.950987,0.948345,0.94423,0.940462,0.938705,0.935529,0.932207,0.930384,0.927239,0.921897,0.916927,0.912493,0.908261,0.905806,0.904381,0.900995,0.89688,0.903582,0.902429,0.903387,0.903134,0.903306,0.903597,0.904178,0.900452,0.908392,0.908398,0.912313,0.91026,0.909356,0.910155,0.909287,0.907658,0.902964,0.898878,0.894097,0.889114,0.88222,0.875571,0.876274,0.868536,0.864773,0.855014,0.853345,0.85194,0.849819,0.84944,0.847053,0.848146,0.848212,0.846441,0.846025,0.8457,0.847233,0.851516,0.851765,0.854376,0.854317,0.852433,0.847148,0.845692,0.843132,0.842019,0.840258,0.840011,0.839861,0.839484,0.841464,0.841667,0.837208,0.837366,0.832996,0.836247,0.835673,0.838395,0.835127,0.833917,0.837855,0.83723,0.836877,0.843607,0.846099,0.845738,0.844655,0.839932,0.835782,0.836629,0.836129,0.835487,0.83698,0.839815,0.839826,0.839747,0.840374,0.840669,0.836624,0.835258,0.838108,0.836688,0.838654,0.839418,0.839994,0.837991,0.834738,0.831548,0.833272,0.831894,0.829433,0.827737,0.826792,0.827472,0.828138,0.822151,0.828922,0.829441,0.831926,0.830838,0.833127,0.836771,0.83797,0.8379,0.840954,0.843341,0.845866,0.84642,0.846605,0.847645,0.848294,0.84772,0.852084,0.853625,0.856762,0.857277,0.856597,0.858588,0.860189,0.862884,0.861948,0.861557,0.862517,0.86217,0.86326,0.866267,0.868942,0.866799,0.866049,0.86795,0.86987,0.87335,0.876963,0.879534,0.880921,0.894143,0.896599,0.898717,0.901823,0.905149,0.9086,0.90886,0.911988,0.917763,0.920446,0.921989,0.923262,0.923612,0.924562,0.922551,0.908378,0.909445,0.910886,0.913511,0.915851,0.917815,0.920876,0.922208,0.922497,0.925396,0.924045,0.927809,0.935552,0.937221,0.945703,0.953417,0.95465,0.959122,0.958863,0.959309,0.960685,0.960305
CRW,Eswatini,0.913721,0.009191860000000001,0.922969,0.931547,0.948439,0.950604,0.961514,0.969022,0.97387,0.980446,0.981117,0.985749,0.989687,0.987194,0.986484,0.99067,0.991482,0.989894,0.983774,0.98774,0.988159,0.985407,0.983138,0.98587,0.981018,0.983374,0.978797,0.977456,0.988889,0.997172,1.004054,1.005859,1.016231,1.021016,1.01842,1.022676,1.02782,1.036248,1.037293,1.050986,1.060385,1.070139,1.080661,1.082508,1.086401,1.088842,1.097775,1.095296,1.105678,1.112353,1.116121,1.111773,1.11426,1.121086,1.131441,1.127365,1.127186,1.12103,1.127226,1.125403,1.12117,1.117722,1.124277,1.133336,1.139479,1.13789,1.152558,1.153652,1.153407,1.148498,1.152424,1.151742,1.17263,1.171727,1.190592,1.196537,1.205444,1.204163,1.200469,1.206582,1.2123,1.211194,1.216471,1.215493,1.207696,1.202431,1.20283,1.194308,1.194504,1.178739,1.17737,1.172377,1.167253,1.160188,1.148262,1.152341,1.146906,1.142412,1.125518,1.121936,1.126462,1.128102,1.125367,1.11584,1.10563,1.099006,1.094753,1.110857,1.102959,1.100472,1.097791,1.098722,1.095971,1.105992,1.102595,1.09333,1.086938,1.081957,1.074109,1.071928,1.067281,1.06495,1.058076,1.061288,1.057572,1.047707,1.041032,1.033423,1.020286,1.021592,1.026799,1.021424,1.017435,1.009518,1.00628,1.002842,0.997625,0.98983,0.977388,0.967852,0.961438,0.958792,0.953818,0.952765,0.940235,0.930812,0.932037,0.928925,0.928,0.923224,0.919308,0.914737,0.912417,0.911025,0.910579,0.90398,0.898623,0.893061,0.888889,0.886541,0.881297,0.87395,0.884732,0.881041,0.877514,0.874713,0.87411,0.87494,0.871518,0.866782,0.86669,0.863758,0.861116,0.856419,0.858071,0.865965,0.864676,0.855939,0.855174,0.854071,0.852329,0.848047,0.839856,0.838129,0.835897,0.83457,0.836621,0.838551,0.839633,0.837242,0.831054,0.832516,0.82597,0.830218,0.831142,0.830355,0.833877,0.831597,0.83293,0.838071,0.837175,0.836363,0.838499,0.841276,0.842175,0.842164,0.842769,0.841671,0.838758,0.841312,0.844412,0.839772,0.83958,0.843762,0.841206,0.84342,0.842169,0.843571,0.84226,0.842455,0.842786,0.842289,0.844446,0.844023,0.844491,0.848143,0.858051,0.865439,0.863936,0.865858,0.864959,0.871631,0.873416,0.880519,0.882052,0.882904,0.884074,0.887271,0.890179,0.894062,0.894242,0.890925,0.888799,0.889998,0.889999,0.891101,0.888548,0.887871,0.879641,0.88461,0.885781,0.886051,0.883584,0.881603,0.881435,0.882947,0.883943,0.884106,0.884354,0.886158,0.890032,0.903644,0.905694,0.90804,0.904041,0.907016,0.912445,0.912839,0.916252,0.915636,0.91655,0.915216,0.91609,0.918442,0.919791,0.917868,0.908733,0.908791,0.906123,0.916055,0.915144,0.918038,0.917514,0.912626,0.909719,0.905029,0.904796,0.905154,0.899863,0.894196,0.890726,0.889785,0.886735,0.886952,0.880173,0.874872,0.860452,0.858089,0.869147,0.869301,0.869051,0.870724,0.866507,0.867976,0.869909,0.872369,0.873247,0.876872,0.87833,0.874783,0.874094,0.873682,0.871019,0.857003,0.855192,0.861908,0.861082,0.864081,0.863606,0.876031,0.876469,0.875264,0.868262,0.864729,0.864944,0.870945,0.873523,0.874725,0.874147,0.875496,0.872644,0.870757,0.866247,0.86617,0.855707,0.854493,0.854979,0.857771,0.864092,0.867715,0.867053,0.868599,0.870449,0.873553,0.878053,0.874685,0.879918,0.884216,0.885876,0.887531,0.888181,0.888467,0.889779,0.892712,0.890361,0.894788,0.893513,0.894012,0.895456,0.895679,0.89944,0.899451,0.901727,0.908087,0.910659,0.913721,0.919186,0.922969,0.931547,0.948439,0.950604,0.961514,0.969022,0.97387,0.980446,0.981117,0.985749,0.989687,0.987194,0.986484,0.99067,0.991482,0.989894,0.983774,0.98774,0.988159,0.985407,0.983138,0.98587,0.981018,0.983374,0.978797,0.977456,0.988889,0.997172,1.004054,1.005859,1.016231,1.021016,1.01842,1.022676,1.02782,1.036248,1.037293,1.050986,1.060385,1.070139,1.080661,1.082508,1.086401,1.088842,1.097775,1.095296,1.105678,1.112353,1.116121,1.111773,1.11426,1.121086,1.131441,1.127365,1.127186,1.12103,1.127226,1.125403,1.12117,1.117722,1.124277,1.133336,1.139479,1.13789,1.152558,1.153652,1.153407,1.148498,1.152424,1.151742,1.17263,1.171727,1.190592,1.196537,1.205444,1.204163,1.200469,1.206582,1.2123,1.211194,1.216471,1.215493,1.207696,1.202431,1.20283,1.194308,1.194504,1.178739,1.17737,1.172377,1.167253,1.160188,1.148262,1.152341,1.146906,1.142412,1.125518,1.121936,1.126462,1.128102,1.125367,1.11584,1.10563,1.099006,1.094753,1.110857,1.102959,1.100472,1.097791,1.098722,1.095971,1.105992,1.102595,1.09333,1.086938,1.081957,1.074109,1.071928,1.067281,1.06495,1.058076,1.061288,1.057572,1.047707,1.041032,1.033423,1.020286,1.021592,1.026799,1.021424,1.017435,1.009518,1.00628,1.002842,0.997625,0.98983,0.977388,0.967852,0.961438,0.958792,0.953818,0.952765,0.940235,0.930812,0.932037,0.928925,0.928,0.923224,0.919308,0.914737,0.912417,0.911025,0.910579,0.90398,0.898623,0.893061,0.888889,0.886541,0.881297,0.87395,0.884732,0.881041,0.877514,0.874713,0.87411,0.87494,0.871518,0.866782,0.86669,0.863758,0.861116,0.856419,0.858071,0.865965,0.864676,0.855939,0.855174,0.854071,0.852329,0.848047,0.839856,0.838129,0.835897,0.83457,0.836621,0.838551,0.839633,0.837242,0.831054,0.832516,0.82597,0.830218,0.831142,0.830355,0.833877,0.831597,0.83293,0.838071,0.837175,0.836363,0.838499,0.841276,0.842175,0.842164,0.842769,0.841671,0.838758,0.841312,0.844412,0.839772,0.83958,0.843762,0.841206,0.84342,0.842169,0.843571,0.84226,0.842455,0.842786,0.842289,0.844446,0.844023,0.844491,0.848143,0.858051,0.865439,0.863936,0.865858,0.864959,0.871631,0.873416,0.880519,0.882052,0.882904,0.884074,0.887271,0.890179,0.894062,0.894242,0.890925,0.888799,0.889998,0.889999,0.891101,0.888548,0.887871,0.879641,0.88461,0.885781,0.886051,0.883584,0.881603,0.881435,0.882947,0.883943,0.884106,0.884354,0.886158,0.890032,0.903644,0.905694,0.90804,0.904041,0.907016,0.912445,0.912839,0.916252,0.915636,0.91655,0.915216,0.91609,0.918442,0.919791,0.917868,0.908733,0.908791,0.906123,0.916055,0.915144,0.918038,0.917514,0.912626,0.909719,0.905029,0.904796,0.905154,0.899863,0.894196,0.890726,0.889785,0.886735,0.886952,0.880173,0.874872,0.860452,0.858089,0.869147,0.869301,0.869051,0.870724,0.866507,0.867976,0.869909,0.872369,0.873247,0.876872,0.87833,0.874783,0.874094,0.873682,0.871019,0.857003,0.855192,0.861908,0.861082,0.864081,0.863606,0.876031,0.876469,0.875264,0.868262,0.864729,0.864944,0.870945,0.873523,0.874725,0.874147,0.875496,0.872644,0.870757,0.866247,0.86617,0.855707,0.854493,0.854979,0.857771,0.864092,0.867715,0.867053,0.868599,0.870449,0.873553,0.878053,0.874685,0.879918,0.884216,0.885876,0.887531,0.888181,0.888467,0.889779,0.892712,0.890361,0.894788,0.893513,0.894012,0.895456,0.895679,0.89944,0.899451,0.901727,0.908087,0.910659
CRW,Ethiopia,1.152856,0.01145054,1.138977,1.124238,1.10808,1.099386,1.097638,1.095353,1.089058,1.081647,1.079445,1.073786,1.065427,1.058574,1.051179,1.049165,1.045206,1.039531,1.036827,1.032283,1.027147,1.020003,1.012908,1.006216,1.001158,0.994992,0.990139,0.982082,0.982467,0.988048,0.984288,0.986923,0.987818,0.997083,0.994801,0.991022,0.990143,0.98949,0.989394,0.98666,0.987703,0.986803,0.988541,0.985739,0.980857,0.978007,0.973893,0.969108,0.957879,0.952579,0.957717,0.956103,0.955371,0.955245,0.95518,0.954968,0.950939,0.950523,0.951326,0.951341,0.952083,0.951711,0.952116,0.948101,0.946703,0.939856,0.940683,0.940353,0.937487,0.939334,0.939381,0.941652,0.942275,0.944113,0.946454,0.945698,0.946512,0.951163,0.951513,0.954126,0.955538,0.953777,0.953892,0.960349,0.959187,0.962127,0.965864,0.970916,0.972169,0.974391,0.979342,0.982369,0.984688,0.987488,0.995286,1.005627,1.01518,1.025023,1.02507,1.031111,1.031621,1.03747,1.047605,1.056924,1.060982,1.068628,1.079049,1.084237,1.096256,1.102593,1.106408,1.109304,1.116319,1.128132,1.136127,1.143895,1.149341,1.146222,1.146056,1.15159,1.149583,1.148957,1.147914,1.144075,1.140731,1.145844,1.153787,1.161449,1.170511,1.179271,1.19097,1.199852,1.213691,1.219061,1.216357,1.226366,1.237134,1.25627,1.265541,1.281769,1.289497,1.297827,1.30891,1.301273,1.31381,1.328111,1.346966,1.368993,1.375841,1.390799,1.398989,1.400298,1.389126,1.389073,1.391729,1.390737,1.390827,1.386178,1.400267,1.398853,1.409976,1.398822,1.380818,1.391782,1.399581,1.418128,1.420553,1.429437,1.447306,1.45579,1.483014,1.49795,1.496258,1.494786,1.499694,1.498979,1.513592,1.509594,1.492714,1.475433,1.454075,1.450768,1.442917,1.43478,1.436779,1.40875,1.393637,1.389712,1.387443,1.38014,1.36759,1.352549,1.341221,1.342974,1.344643,1.349664,1.343505,1.342445,1.290737,1.288641,1.286366,1.281035,1.266217,1.254767,1.235722,1.232403,1.229209,1.225672,1.232362,1.244478,1.248193,1.241661,1.238795,1.23642,1.234437,1.230807,1.227786,1.222724,1.215357,1.220143,1.216651,1.215036,1.21724,1.220664,1.217849,1.209906,1.201235,1.197332,1.19181,1.186603,1.188084,1.189891,1.19204,1.189586,1.177724,1.176712,1.173911,1.169066,1.153936,1.144009,1.144126,1.146308,1.137766,1.134822,1.135088,1.124359,1.115383,1.109219,1.102475,1.10035,1.099989,1.102351,1.101684,1.101368,1.109207,1.107147,1.10251,1.10658,1.112092,1.109668,1.112614,1.120213,1.11983,1.128708,1.136337,1.138967,1.141482,1.141316,1.149506,1.14705,1.157615,1.167207,1.173181,1.171035,1.180674,1.183453,1.186179,1.191404,1.194692,1.200454,1.207166,1.216174,1.219167,1.226523,1.233319,1.232755,1.230041,1.231679,1.230381,1.226896,1.235242,1.242977,1.249315,1.257854,1.263473,1.268591,1.267511,1.273762,1.27682,1.287624,1.294933,1.302298,1.30358,1.31344,1.314727,1.317805,1.31278,1.317872,1.309812,1.310917,1.305436,1.306888,1.311769,1.312181,1.312409,1.308662,1.313205,1.320026,1.329946,1.337367,1.340488,1.347337,1.34958,1.35298,1.354708,1.367669,1.371772,1.3823,1.384746,1.381622,1.3913,1.406336,1.41011,1.413528,1.419883,1.423088,1.420709,1.424329,1.435917,1.438918,1.432695,1.435886,1.422312,1.424406,1.412575,1.397375,1.383623,1.379549,1.36672,1.352034,1.342746,1.337558,1.323462,1.306498,1.298654,1.289899,1.271788,1.258991,1.240193,1.236405,1.218286,1.205398,1.193441,1.170515,1.166071,1.152856,1.145054,1.138977,1.124238,1.10808,1.099386,1.097638,1.095353,1.089058,1.081647,1.079445,1.073786,1.065427,1.058574,1.051179,1.049165,1.045206,1.039531,1.036827,1.032283,1.027147,1.020003,1.012908,1.006216,1.001158,0.994992,0.990139,0.982082,0.982467,0.988048,0.984288,0.986923,0.987818,0.997083,0.994801,0.991022,0.990143,0.98949,0.989394,0.98666,0.987703,0.986803,0.988541,0.985739,0.980857,0.978007,0.973893,0.969108,0.957879,0.952579,0.957717,0.956103,0.955371,0.955245,0.95518,0.954968,0.950939,0.950523,0.951326,0.951341,0.952083,0.951711,0.952116,0.948101,0.946703,0.939856,0.940683,0.940353,0.937487,0.939334,0.939381,0.941652,0.942275,0.944113,0.946454,0.945698,0.946512,0.951163,0.951513,0.954126,0.955538,0.953777,0.953892,0.960349,0.959187,0.962127,0.965864,0.970916,0.972169,0.974391,0.979342,0.982369,0.984688,0.987488,0.995286,1.005627,1.01518,1.025023,1.02507,1.031111,1.031621,1.03747,1.047605,1.056924,1.060982,1.068628,1.079049,1.084237,1.096256,1.102593,1.106408,1.109304,1.116319,1.128132,1.136127,1.143895,1.149341,1.146222,1.146056,1.15159,1.149583,1.148957,1.147914,1.144075,1.140731,1.145844,1.153787,1.161449,1.170511,1.179271,1.19097,1.199852,1.213691,1.219061,1.216357,1.226366,1.237134,1.25627,1.265541,1.281769,1.289497,1.297827,1.30891,1.301273,1.31381,1.328111,1.346966,1.368993,1.375841,1.390799,1.398989,1.400298,1.389126,1.389073,1.391729,1.390737,1.390827,1.386178,1.400267,1.398853,1.409976,1.398822,1.380818,1.391782,1.399581,1.418128,1.420553,1.429437,1.447306,1.45579,1.483014,1.49795,1.496258,1.494786,1.499694,1.498979,1.513592,1.509594,1.492714,1.475433,1.454075,1.450768,1.442917,1.43478,1.436779,1.40875,1.393637,1.389712,1.387443,1.38014,1.36759,1.352549,1.341221,1.342974,1.344643,1.349664,1.343505,1.342445,1.290737,1.288641,1.286366,1.281035,1.266217,1.254767,1.235722,1.232403,1.229209,1.225672,1.232362,1.244478,1.248193,1.241661,1.238795,1.23642,1.234437,1.230807,1.227786,1.222724,1.215357,1.220143,1.216651,1.215036,1.21724,1.220664,1.217849,1.209906,1.201235,1.197332,1.19181,1.186603,1.188084,1.189891,1.19204,1.189586,1.177724,1.176712,1.173911,1.169066,1.153936,1.144009,1.144126,1.146308,1.137766,1.134822,1.135088,1.124359,1.115383,1.109219,1.102475,1.10035,1.099989,1.102351,1.101684,1.101368,1.109207,1.107147,1.10251,1.10658,1.112092,1.109668,1.112614,1.120213,1.11983,1.128708,1.136337,1.138967,1.141482,1.141316,1.149506,1.14705,1.157615,1.167207,1.173181,1.171035,1.180674,1.183453,1.186179,1.191404,1.194692,1.200454,1.207166,1.216174,1.219167,1.226523,1.233319,1.232755,1.230041,1.231679,1.230381,1.226896,1.235242,1.242977,1.249315,1.257854,1.263473,1.268591,1.267511,1.273762,1.27682,1.287624,1.294933,1.302298,1.30358,1.31344,1.314727,1.317805,1.31278,1.317872,1.309812,1.310917,1.305436,1.306888,1.311769,1.312181,1.312409,1.308662,1.313205,1.320026,1.329946,1.337367,1.340488,1.347337,1.34958,1.35298,1.354708,1.367669,1.371772,1.3823,1.384746,1.381622,1.3913,1.406336,1.41011,1.413528,1.419883,1.423088,1.420709,1.424329,1.435917,1.438918,1.432695,1.435886,1.422312,1.424406,1.412575,1.397375,1.383623,1.379549,1.36672,1.352034,1.342746,1.337558,1.323462,1.306498,1.298654,1.289899,1.271788,1.258991,1.240193,1.236405,1.218286,1.205398,1.193441,1.170515,1.166071
CRW,Fiji,1.034907,0.0099708,1.012235,1.015657,1.028394,1.028233,1.029241,1.038905,1.045481,1.052739,1.062751,1.072336,1.079021,1.08307,1.080689,1.085954,1.080302,1.072328,1.077818,1.077181,1.0833,1.089604,1.085851,1.083656,1.084652,1.084501,1.085534,1.083497,1.090295,1.100823,1.097558,1.106699,1.114936,1.114096,1.115104,1.118092,1.109914,1.119628,1.12652,1.12213,1.116238,1.113307,1.11611,1.112328,1.10923,1.109746,1.103039,1.098458,1.09778,1.088671,1.071413,1.060103,1.05544,1.056691,1.059445,1.059918,1.065292,1.070973,1.070597,1.07204,1.074705,1.071576,1.071213,1.081152,1.084357,1.095265,1.12547,1.11833,1.116465,1.11399,1.119964,1.12237,1.139743,1.148303,1.158978,1.164073,1.180531,1.179122,1.185787,1.18826,1.184597,1.165667,1.188679,1.201606,1.19249,1.187308,1.200427,1.210045,1.209738,1.206221,1.213604,1.210478,1.223399,1.226037,1.234407,1.235154,1.229502,1.214586,1.200268,1.206251,1.20704,1.194216,1.161246,1.159489,1.14916,1.143223,1.143368,1.143886,1.140261,1.133857,1.139396,1.149148,1.153936,1.161124,1.166767,1.175129,1.171865,1.171584,1.168404,1.177807,1.171102,1.161822,1.146999,1.138005,1.137063,1.127417,1.121759,1.123508,1.112829,1.109572,1.086255,1.074359,1.068448,1.055849,1.045571,1.046736,1.045907,1.049017,1.052069,1.047782,1.048935,1.041478,1.032884,1.031977,1.02005,1.017723,1.014395,1.017076,1.025003,1.03695,1.035169,1.03514,1.031495,1.021256,1.016773,1.009916,1.002898,0.997192,0.998281,0.997092,0.995229,0.999236,0.987513,0.972989,0.955959,0.943463,0.936276,0.927032,0.925171,0.917606,0.914511,0.906128,0.899476,0.881426,0.87774,0.872546,0.865383,0.866572,0.864702,0.860817,0.861686,0.864553,0.869611,0.869873,0.869166,0.874645,0.871584,0.875588,0.872046,0.862815,0.85456,0.850008,0.846711,0.848636,0.853944,0.853849,0.845842,0.843808,0.835954,0.825359,0.826211,0.821918,0.827099,0.839009,0.846582,0.846317,0.84578,0.842736,0.841299,0.840098,0.840261,0.837175,0.832255,0.830279,0.827451,0.824237,0.82042,0.816166,0.809003,0.806285,0.803805,0.796522,0.79295,0.784309,0.784288,0.782795,0.776301,0.771062,0.77087,0.781839,0.785312,0.786886,0.800583,0.800004,0.80032,0.802813,0.804398,0.806562,0.808457,0.807364,0.806735,0.806572,0.807591,0.810267,0.808779,0.807357,0.80664,0.795122,0.797628,0.806147,0.817226,0.839351,0.837662,0.836785,0.836932,0.837159,0.838707,0.83967,0.839692,0.838702,0.836315,0.836357,0.835181,0.833035,0.830274,0.824283,0.793264,0.790295,0.789532,0.791426,0.791256,0.788127,0.788611,0.788062,0.787925,0.790329,0.790538,0.791609,0.799677,0.798053,0.796303,0.796002,0.795269,0.795818,0.798123,0.801373,0.805211,0.805611,0.806612,0.807116,0.805843,0.804495,0.802662,0.795693,0.795114,0.796699,0.799922,0.802725,0.80683,0.808532,0.80581,0.802847,0.800622,0.800875,0.80107,0.803116,0.810733,0.817322,0.821956,0.824329,0.825794,0.827721,0.832733,0.834656,0.83683,0.842042,0.845596,0.850654,0.854509,0.859352,0.863875,0.86446,0.865307,0.86543,0.869912,0.876257,0.884877,0.886104,0.894853,0.899251,0.911099,0.918491,0.923607,0.931665,0.937617,0.944677,0.952398,0.963581,0.972092,0.977574,0.984458,0.986956,0.995614,0.996369,0.996806,0.992514,0.998781,1.004871,1.006899,1.026074,1.039404,1.072209,1.0659,1.063113,1.061823,1.060367,1.06125,1.058936,1.054396,1.054388,1.051192,1.047083,1.045728,1.046669,1.039601,1.034907,0.99708,1.012235,1.015657,1.028394,1.028233,1.029241,1.038905,1.045481,1.052739,1.062751,1.072336,1.079021,1.08307,1.080689,1.085954,1.080302,1.072328,1.077818,1.077181,1.0833,1.089604,1.085851,1.083656,1.084652,1.084501,1.085534,1.083497,1.090295,1.100823,1.097558,1.106699,1.114936,1.114096,1.115104,1.118092,1.109914,1.119628,1.12652,1.12213,1.116238,1.113307,1.11611,1.112328,1.10923,1.109746,1.103039,1.098458,1.09778,1.088671,1.071413,1.060103,1.05544,1.056691,1.059445,1.059918,1.065292,1.070973,1.070597,1.07204,1.074705,1.071576,1.071213,1.081152,1.084357,1.095265,1.12547,1.11833,1.116465,1.11399,1.119964,1.12237,1.139743,1.148303,1.158978,1.164073,1.180531,1.179122,1.185787,1.18826,1.184597,1.165667,1.188679,1.201606,1.19249,1.187308,1.200427,1.210045,1.209738,1.206221,1.213604,1.210478,1.223399,1.226037,1.234407,1.235154,1.229502,1.214586,1.200268,1.206251,1.20704,1.194216,1.161246,1.159489,1.14916,1.143223,1.143368,1.143886,1.140261,1.133857,1.139396,1.149148,1.153936,1.161124,1.166767,1.175129,1.171865,1.171584,1.168404,1.177807,1.171102,1.161822,1.146999,1.138005,1.137063,1.127417,1.121759,1.123508,1.112829,1.109572,1.086255,1.074359,1.068448,1.055849,1.045571,1.046736,1.045907,1.049017,1.052069,1.047782,1.048935,1.041478,1.032884,1.031977,1.02005,1.017723,1.014395,1.017076,1.025003,1.03695,1.035169,1.03514,1.031495,1.021256,1.016773,1.009916,1.002898,0.997192,0.998281,0.997092,0.995229,0.999236,0.987513,0.972989,0.955959,0.943463,0.936276,0.927032,0.925171,0.917606,0.914511,0.906128,0.899476,0.881426,0.87774,0.872546,0.865383,0.866572,0.864702,0.860817,0.861686,0.864553,0.869611,0.869873,0.869166,0.874645,0.871584,0.875588,0.872046,0.862815,0.85456,0.850008,0.846711,0.848636,0.853944,0.853849,0.845842,0.843808,0.835954,0.825359,0.826211,0.821918,0.827099,0.839009,0.846582,0.846317,0.84578,0.842736,0.841299,0.840098,0.840261,0.837175,0.832255,0.830279,0.827451,0.824237,0.82042,0.816166,0.809003,0.806285,0.803805,0.796522,0.79295,0.784309,0.784288,0.782795,0.776301,0.771062,0.77087,0.781839,0.785312,0.786886,0.800583,0.800004,0.80032,0.802813,0.804398,0.806562,0.808457,0.807364,0.806735,0.806572,0.807591,0.810267,0.808779,0.807357,0.80664,0.795122,0.797628,0.806147,0.817226,0.839351,0.837662,0.836785,0.836932,0.837159,0.838707,0.83967,0.839692,0.838702,0.836315,0.836357,0.835181,0.833035,0.830274,0.824283,0.793264,0.790295,0.789532,0.791426,0.791256,0.788127,0.788611,0.788062,0.787925,0.790329,0.790538,0.791609,0.799677,0.798053,0.796303,0.796002,0.795269,0.795818,0.798123,0.801373,0.805211,0.805611,0.806612,0.807116,0.805843,0.804495,0.802662,0.795693,0.795114,0.796699,0.799922,0.802725,0.80683,0.808532,0.80581,0.802847,0.800622,0.800875,0.80107,0.803116,0.810733,0.817322,0.821956,0.824329,0.825794,0.827721,0.832733,0.834656,0.83683,0.842042,0.845596,0.850654,0.854509,0.859352,0.863875,0.86446,0.865307,0.86543,0.869912,0.876257,0.884877,0.886104,0.894853,0.899251,0.911099,0.918491,0.923607,0.931665,0.937617,0.944677,0.952398,0.963581,0.972092,0.977574,0.984458,0.986956,0.995614,0.996369,0.996806,0.992514,0.998781,1.004871,1.006899,1.026074,1.039404,1.072209,1.0659,1.063113,1.061823,1.060367,1.06125,1.058936,1.054396,1.054388,1.051192,1.047083,1.045728,1.046669,1.039601
CRW,Finland,0.998446,0.01001873,1.006314,1.009071,1.013733,1.018501,1.021373,1.020706,1.025171,1.028544,1.029857,1.033722,1.032872,1.029367,1.031685,1.034829,1.039687,1.044007,1.0479,1.047286,1.032805,1.039666,1.055924,1.052213,1.052692,1.054153,1.05496,1.061642,1.063131,1.064033,1.066422,1.066672,1.068509,1.075413,1.078825,1.082176,1.079146,1.069063,1.072888,1.07428,1.076547,1.075674,1.077322,1.077036,1.074099,1.069067,1.066047,1.065329,1.057372,1.056081,1.060916,1.06214,1.061195,1.060687,1.060413,1.055602,1.056122,1.056027,1.059728,1.062881,1.06214,1.060759,1.055742,1.054666,1.048866,1.040958,1.043874,1.049309,1.054168,1.05148,1.055019,1.054379,1.042252,1.041183,1.037061,1.044541,1.049831,1.052691,1.055581,1.050544,1.050431,1.048442,1.047997,1.039805,1.040989,1.039013,1.034402,1.033737,1.033808,1.036764,1.036831,1.03552,1.033799,1.032215,1.033095,1.032365,1.026017,1.018225,1.022477,1.025679,1.026145,1.023412,1.026308,1.020761,1.017798,1.012642,1.012005,1.013341,1.016318,1.019237,1.020566,1.023,1.015765,1.01036,1.005844,1.003421,1.013152,1.019481,1.030243,1.030002,1.026223,1.024302,1.024464,1.025141,1.018116,1.014661,1.016623,1.020549,1.023758,1.022549,1.020406,1.015717,1.006797,1.002462,1.007176,1.00913,1.008743,1.005276,0.990738,0.993092,0.993693,0.991933,0.98966,0.988467,0.9912,0.993637,0.995937,0.996995,0.992501,0.986244,0.986931,0.98991,0.992839,0.998143,1.001633,1.00423,1.003259,1.003612,1.003439,1.002413,0.999535,0.988778,0.989017,0.984487,0.985583,0.983367,0.975311,0.971582,0.964572,0.960127,0.953714,0.951977,0.950723,0.948683,0.945033,0.943535,0.939195,0.933238,0.927146,0.921724,0.919413,0.916799,0.912583,0.910733,0.906546,0.903709,0.899033,0.896751,0.893536,0.893637,0.89311,0.891465,0.889161,0.907088,0.910797,0.912197,0.914418,0.915095,0.915299,0.916929,0.915972,0.917459,0.920513,0.917835,0.915302,0.913216,0.9125,0.904418,0.898406,0.893385,0.88661,0.883247,0.877673,0.87173,0.869735,0.8684,0.868049,0.861081,0.856522,0.855894,0.855872,0.857552,0.859483,0.85832,0.858071,0.857835,0.855723,0.856239,0.857367,0.853032,0.853525,0.84867,0.849871,0.851515,0.851022,0.844519,0.84009,0.835715,0.83499,0.834068,0.832573,0.833719,0.833011,0.831575,0.832716,0.832229,0.832071,0.83339,0.839479,0.836088,0.839391,0.837509,0.837493,0.841157,0.840325,0.840579,0.848435,0.848274,0.845872,0.842891,0.839995,0.840139,0.840155,0.839842,0.840396,0.840535,0.843372,0.845702,0.844937,0.846368,0.846827,0.838277,0.843094,0.844259,0.846303,0.847386,0.846093,0.846729,0.845026,0.845419,0.843802,0.844939,0.838819,0.838702,0.838191,0.833951,0.834107,0.832073,0.837672,0.840984,0.839984,0.840791,0.840519,0.843976,0.845489,0.849085,0.853925,0.855715,0.856829,0.85839,0.859072,0.861663,0.861479,0.861671,0.864004,0.870011,0.872074,0.875172,0.875561,0.877173,0.879489,0.875002,0.87552,0.875182,0.874481,0.874966,0.869471,0.870699,0.877053,0.879816,0.880232,0.887225,0.887478,0.888806,0.892672,0.89675,0.902216,0.905476,0.913794,0.915415,0.917683,0.920101,0.925884,0.93002,0.930785,0.933449,0.934731,0.939349,0.941063,0.940766,0.939831,0.937913,0.936287,0.925218,0.93584,0.940241,0.944306,0.944738,0.946816,0.950224,0.9498,0.948613,0.94838,0.949526,0.953375,0.961642,0.963625,0.973681,0.982785,0.981998,0.987773,0.988561,0.989371,0.994606,0.99495,0.998446,1.001873,1.006314,1.009071,1.013733,1.018501,1.021373,1.020706,1.025171,1.028544,1.029857,1.033722,1.032872,1.029367,1.031685,1.034829,1.039687,1.044007,1.0479,1.047286,1.032805,1.039666,1.055924,1.052213,1.052692,1.054153,1.05496,1.061642,1.063131,1.064033,1.066422,1.066672,1.068509,1.075413,1.078825,1.082176,1.079146,1.069063,1.072888,1.07428,1.076547,1.075674,1.077322,1.077036,1.074099,1.069067,1.066047,1.065329,1.057372,1.056081,1.060916,1.06214,1.061195,1.060687,1.060413,1.055602,1.056122,1.056027,1.059728,1.062881,1.06214,1.060759,1.055742,1.054666,1.048866,1.040958,1.043874,1.049309,1.054168,1.05148,1.055019,1.054379,1.042252,1.041183,1.037061,1.044541,1.049831,1.052691,1.055581,1.050544,1.050431,1.048442,1.047997,1.039805,1.040989,1.039013,1.034402,1.033737,1.033808,1.036764,1.036831,1.03552,1.033799,1.032215,1.033095,1.032365,1.026017,1.018225,1.022477,1.025679,1.026145,1.023412,1.026308,1.020761,1.017798,1.012642,1.012005,1.013341,1.016318,1.019237,1.020566,1.023,1.015765,1.01036,1.005844,1.003421,1.013152,1.019481,1.030243,1.030002,1.026223,1.024302,1.024464,1.025141,1.018116,1.014661,1.016623,1.020549,1.023758,1.022549,1.020406,1.015717,1.006797,1.002462,1.007176,1.00913,1.008743,1.005276,0.990738,0.993092,0.993693,0.991933,0.98966,0.988467,0.9912,0.993637,0.995937,0.996995,0.992501,0.986244,0.986931,0.98991,0.992839,0.998143,1.001633,1.00423,1.003259,1.003612,1.003439,1.002413,0.999535,0.988778,0.989017,0.984487,0.985583,0.983367,0.975311,0.971582,0.964572,0.960127,0.953714,0.951977,0.950723,0.948683,0.945033,0.943535,0.939195,0.933238,0.927146,0.921724,0.919413,0.916799,0.912583,0.910733,0.906546,0.903709,0.899033,0.896751,0.893536,0.893637,0.89311,0.891465,0.889161,0.907088,0.910797,0.912197,0.914418,0.915095,0.915299,0.916929,0.915972,0.917459,0.920513,0.917835,0.915302,0.913216,0.9125,0.904418,0.898406,0.893385,0.88661,0.883247,0.877673,0.87173,0.869735,0.8684,0.868049,0.861081,0.856522,0.855894,0.855872,0.857552,0.859483,0.85832,0.858071,0.857835,0.855723,0.856239,0.857367,0.853032,0.853525,0.84867,0.849871,0.851515,0.851022,0.844519,0.84009,0.835715,0.83499,0.834068,0.832573,0.833719,0.833011,0.831575,0.832716,0.832229,0.832071,0.83339,0.839479,0.836088,0.839391,0.837509,0.837493,0.841157,0.840325,0.840579,0.848435,0.848274,0.845872,0.842891,0.839995,0.840139,0.840155,0.839842,0.840396,0.840535,0.843372,0.845702,0.844937,0.846368,0.846827,0.838277,0.843094,0.844259,0.846303,0.847386,0.846093,0.846729,0.845026,0.845419,0.843802,0.844939,0.838819,0.838702,0.838191,0.833951,0.834107,0.832073,0.837672,0.840984,0.839984,0.840791,0.840519,0.843976,0.845489,0.849085,0.853925,0.855715,0.856829,0.85839,0.859072,0.861663,0.861479,0.861671,0.864004,0.870011,0.872074,0.875172,0.875561,0.877173,0.879489,0.875002,0.87552,0.875182,0.874481,0.874966,0.869471,0.870699,0.877053,0.879816,0.880232,0.887225,0.887478,0.888806,0.892672,0.89675,0.902216,0.905476,0.913794,0.915415,0.917683,0.920101,0.925884,0.93002,0.930785,0.933449,0.934731,0.939349,0.941063,0.940766,0.939831,0.937913,0.936287,0.925218,0.93584,0.940241,0.944306,0.944738,0.946816,0.950224,0.9498,0.948613,0.94838,0.949526,0.953375,0.961642,0.963625,0.973681,0.982785,0.981998,0.987773,0.988561,0.989371,0.994606,0.99495
CRW,France,0.904301,0.00907068,0.909759,0.911127,0.913321,0.919864,0.922907,0.926799,0.925203,0.926579,0.930707,0.932464,0.935275,0.93669,0.936693,0.937141,0.938847,0.93879,0.942016,0.945773,0.945835,0.949396,0.950477,0.957781,0.963838,0.966403,0.969661,0.972968,0.977501,0.980606,0.983814,0.986366,0.991334,0.991057,0.990695,0.989908,0.988721,0.988812,0.984898,0.981438,0.986832,0.989506,0.989971,0.990526,0.992853,0.9969,0.995903,0.992888,0.99932,1.003278,1.00807,1.01466,1.021267,1.024301,1.024233,1.019209,1.016432,1.014562,1.013923,1.01662,1.012366,1.012717,1.013888,1.012564,1.011391,1.011055,1.011424,1.010774,1.012516,1.016581,1.020215,1.022379,1.02397,1.024041,1.016039,1.014484,1.01075,1.005957,0.999468,1.001222,1.002415,0.992918,0.991124,0.989737,0.989588,0.985196,0.984621,0.989141,0.989032,0.990814,0.993815,0.996419,0.999856,1.002011,0.999471,0.993864,0.99315,0.996708,1.000903,0.999405,0.998618,0.994274,0.994325,0.994924,0.991306,0.990358,0.987274,0.984992,0.982791,0.981073,0.98274,0.984261,0.983845,0.9801,0.981177,0.979285,0.980903,0.97688,0.975279,0.974681,0.972505,0.969507,0.967344,0.965591,0.964162,0.960625,0.957623,0.957785,0.959564,0.95443,0.954296,0.957543,0.958469,0.955997,0.951661,0.948819,0.947192,0.94536,0.943253,0.943189,0.94278,0.93831,0.932587,0.928669,0.92711,0.925178,0.919369,0.913825,0.909861,0.906939,0.897703,0.89334,0.892051,0.891417,0.889807,0.884467,0.886773,0.886062,0.883835,0.884827,0.888328,0.889741,0.888231,0.890138,0.896457,0.898437,0.896641,0.897659,0.893481,0.888492,0.886063,0.882089,0.881093,0.880462,0.878171,0.874151,0.871363,0.87106,0.869836,0.866272,0.864551,0.865789,0.86103,0.858145,0.857565,0.856974,0.859687,0.861534,0.862358,0.861952,0.86063,0.858716,0.856919,0.85656,0.855503,0.856165,0.857741,0.859448,0.867121,0.867887,0.86465,0.86892,0.869128,0.870158,0.870798,0.871177,0.871149,0.870199,0.8691,0.86597,0.861747,0.860393,0.859065,0.855348,0.852782,0.854103,0.8429,0.839032,0.83594,0.834702,0.83363,0.833276,0.832304,0.831669,0.830163,0.83498,0.840125,0.84201,0.843744,0.8454,0.845464,0.845508,0.846188,0.846639,0.845968,0.845682,0.846679,0.846759,0.846915,0.847512,0.845603,0.841625,0.840082,0.838319,0.836002,0.83481,0.834326,0.83524,0.834778,0.835375,0.834136,0.830575,0.833348,0.834736,0.838025,0.838445,0.839039,0.83885,0.838851,0.839944,0.842264,0.842459,0.842533,0.841108,0.839704,0.839284,0.839836,0.838018,0.83692,0.834044,0.832683,0.833709,0.834346,0.835215,0.834095,0.831573,0.833145,0.83354,0.839419,0.840687,0.839742,0.838463,0.837589,0.837973,0.838121,0.837539,0.837073,0.836205,0.838686,0.838245,0.836397,0.835846,0.836308,0.833462,0.832069,0.832977,0.832862,0.832821,0.831645,0.834012,0.833987,0.833862,0.836031,0.834508,0.836138,0.838847,0.83916,0.838118,0.837393,0.836489,0.83592,0.835771,0.835763,0.835886,0.831984,0.831398,0.830684,0.825914,0.826544,0.827713,0.827673,0.829153,0.829668,0.837355,0.83945,0.839528,0.840741,0.843506,0.846468,0.848362,0.848775,0.851523,0.854406,0.856496,0.858374,0.861084,0.861709,0.863594,0.859895,0.859526,0.861537,0.862186,0.86122,0.859067,0.858303,0.859847,0.859932,0.859057,0.857034,0.856951,0.857391,0.860343,0.863116,0.865316,0.867967,0.86776,0.869195,0.871193,0.880336,0.88502,0.885978,0.887943,0.891486,0.896209,0.900088,0.904301,0.907068,0.909759,0.911127,0.913321,0.919864,0.922907,0.926799,0.925203,0.926579,0.930707,0.932464,0.935275,0.93669,0.936693,0.937141,0.938847,0.93879,0.942016,0.945773,0.945835,0.949396,0.950477,0.957781,0.963838,0.966403,0.969661,0.972968,0.977501,0.980606,0.983814,0.986366,0.991334,0.991057,0.990695,0.989908,0.988721,0.988812,0.984898,0.981438,0.986832,0.989506,0.989971,0.990526,0.992853,0.9969,0.995903,0.992888,0.99932,1.003278,1.00807,1.01466,1.021267,1.024301,1.024233,1.019209,1.016432,1.014562,1.013923,1.01662,1.012366,1.012717,1.013888,1.012564,1.011391,1.011055,1.011424,1.010774,1.012516,1.016581,1.020215,1.022379,1.02397,1.024041,1.016039,1.014484,1.01075,1.005957,0.999468,1.001222,1.002415,0.992918,0.991124,0.989737,0.989588,0.985196,0.984621,0.989141,0.989032,0.990814,0.993815,0.996419,0.999856,1.002011,0.999471,0.993864,0.99315,0.996708,1.000903,0.999405,0.998618,0.994274,0.994325,0.994924,0.991306,0.990358,0.987274,0.984992,0.982791,0.981073,0.98274,0.984261,0.983845,0.9801,0.981177,0.979285,0.980903,0.97688,0.975279,0.974681,0.972505,0.969507,0.967344,0.965591,0.964162,0.960625,0.957623,0.957785,0.959564,0.95443,0.954296,0.957543,0.958469,0.955997,0.951661,0.948819,0.947192,0.94536,0.943253,0.943189,0.94278,0.93831,0.932587,0.928669,0.92711,0.925178,0.919369,0.913825,0.909861,0.906939,0.897703,0.89334,0.892051,0.891417,0.889807,0.884467,0.886773,0.886062,0.883835,0.884827,0.888328,0.889741,0.888231,0.890138,0.896457,0.898437,0.896641,0.897659,0.893481,0.888492,0.886063,0.882089,0.881093,0.880462,0.878171,0.874151,0.871363,0.87106,0.869836,0.866272,0.864551,0.865789,0.86103,0.858145,0.857565,0.856974,0.859687,0.861534,0.862358,0.861952,0.86063,0.858716,0.856919,0.85656,0.855503,0.856165,0.857741,0.859448,0.867121,0.867887,0.86465,0.86892,0.869128,0.870158,0.870798,0.871177,0.871149,0.870199,0.8691,0.86597,0.861747,0.860393,0.859065,0.855348,0.852782,0.854103,0.8429,0.839032,0.83594,0.834702,0.83363,0.833276,0.832304,0.831669,0.830163,0.83498,0.840125,0.84201,0.843744,0.8454,0.845464,0.845508,0.846188,0.846639,0.845968,0.845682,0.846679,0.846759,0.846915,0.847512,0.845603,0.841625,0.840082,0.838319,0.836002,0.83481,0.834326,0.83524,0.834778,0.835375,0.834136,0.830575,0.833348,0.834736,0.838025,0.838445,0.839039,0.83885,0.838851,0.839944,0.842264,0.842459,0.842533,0.841108,0.839704,0.839284,0.839836,0.838018,0.83692,0.834044,0.832683,0.833709,0.834346,0.835215,0.834095,0.831573,0.833145,0.83354,0.839419,0.840687,0.839742,0.838463,0.837589,0.837973,0.838121,0.837539,0.837073,0.836205,0.838686,0.838245,0.836397,0.835846,0.836308,0.833462,0.832069,0.832977,0.832862,0.832821,0.831645,0.834012,0.833987,0.833862,0.836031,0.834508,0.836138,0.838847,0.83916,0.838118,0.837393,0.836489,0.83592,0.835771,0.835763,0.835886,0.831984,0.831398,0.830684,0.825914,0.826544,0.827713,0.827673,0.829153,0.829668,0.837355,0.83945,0.839528,0.840741,0.843506,0.846468,0.848362,0.848775,0.851523,0.854406,0.856496,0.858374,0.861084,0.861709,0.863594,0.859895,0.859526,0.861537,0.862186,0.86122,0.859067,0.858303,0.859847,0.859932,0.859057,0.857034,0.856951,0.857391,0.860343,0.863116,0.865316,0.867967,0.86776,0.869195,0.871193,0.880336,0.88502,0.885978,0.887943,0.891486,0.896209,0.900088
CRW,Gabon,1.139431,0.011422980000000001,1.126098,1.121126,1.115717,1.120268,1.114453,1.10911,1.109257,1.111746,1.106925,1.107721,1.107944,1.102663,1.091986,1.084693,1.070164,1.063737,1.068544,1.060918,1.049951,1.059307,1.051543,1.03762,1.030097,1.030445,1.015305,1.002846,0.989431,0.985941,1.005049,1.005391,1.005709,0.99634,0.995983,0.991187,0.979439,0.979571,0.98356,0.976474,0.970374,0.97163,0.979537,0.982811,0.984339,0.962742,0.964685,0.967205,0.970808,0.969273,0.963793,0.960995,0.959987,0.961587,0.960505,0.959712,0.956992,0.947292,0.944884,0.939243,0.932151,0.923218,0.918729,0.913542,0.908685,0.907644,0.903711,0.896472,0.891868,0.895226,0.89586,0.898585,0.89771,0.901221,0.90572,0.912252,0.916379,0.919515,0.919039,0.925816,0.927972,0.929211,0.933365,0.933681,0.931324,0.932716,0.933801,0.936271,0.935492,0.934425,0.933598,0.932492,0.929126,0.933996,0.930548,0.933961,0.942014,0.945748,0.943088,0.94409,0.948318,0.951024,0.950085,0.95865,0.989565,0.998963,1.007634,1.015431,1.019195,1.028269,1.038582,1.04445,1.045599,1.06223,1.069923,1.069738,1.07042,1.0766,1.080132,1.052081,1.044213,1.044801,1.047049,1.048882,1.041432,1.027185,1.019012,1.017239,1.009096,1.005115,1.008787,1.006241,1.003277,1.002352,1.001611,1.012034,1.018339,1.028448,1.025695,1.02356,1.021779,1.017745,1.024311,1.029202,1.034883,1.037894,1.04424,1.049151,1.040436,1.036964,1.036775,1.03166,1.020923,1.025581,1.037691,1.067262,1.076917,1.073538,1.069391,1.067689,1.063571,1.054274,1.044835,1.04323,1.036037,1.024519,1.020419,1.017847,1.003693,0.990856,0.957858,0.946631,0.948131,0.945269,0.945015,0.93818,0.934405,0.932248,0.933457,0.936546,0.93755,0.941143,0.935148,0.933137,0.930517,0.932623,0.930324,0.925812,0.918599,0.908707,0.912395,0.913057,0.913155,0.910767,0.905407,0.897383,0.882973,0.878748,0.870373,0.870685,0.873473,0.877419,0.874322,0.874333,0.862383,0.856501,0.860665,0.858507,0.85544,0.857318,0.85869,0.85918,0.861841,0.861795,0.855632,0.851954,0.844125,0.848542,0.847538,0.852839,0.855055,0.848001,0.848552,0.854561,0.853798,0.853477,0.851778,0.851043,0.85238,0.854379,0.856794,0.857109,0.852812,0.852157,0.849732,0.850033,0.852218,0.853961,0.847563,0.84926,0.851184,0.854469,0.856815,0.85627,0.857276,0.856296,0.855629,0.85503,0.855241,0.852898,0.852461,0.854666,0.85253,0.851449,0.849863,0.847812,0.846059,0.846106,0.846605,0.84546,0.845767,0.849354,0.849517,0.850099,0.850982,0.852044,0.850355,0.85222,0.854796,0.858336,0.876143,0.88448,0.888951,0.892812,0.895686,0.89799,0.898541,0.89961,0.900313,0.903548,0.906171,0.90969,0.912905,0.917594,0.921237,0.912547,0.908212,0.90134,0.900914,0.902572,0.907625,0.910432,0.916073,0.921267,0.922903,0.926104,0.929825,0.931068,0.932507,0.932967,0.936637,0.939682,0.945089,0.951752,0.954342,0.962381,0.995622,0.997567,1.009205,1.012481,1.014878,1.017171,1.020106,1.019808,1.022015,1.024263,1.026229,1.029713,1.027787,1.030304,1.028808,1.011257,1.03358,1.030637,1.036534,1.039043,1.042582,1.049162,1.057311,1.059386,1.067131,1.071117,1.073453,1.082424,1.09045,1.091723,1.088687,1.077717,1.074433,1.071655,1.103826,1.122426,1.136017,1.137743,1.145176,1.140806,1.137158,1.134325,1.129911,1.126776,1.13005,1.136007,1.145211,1.146271,1.152488,1.145125,1.138462,1.120378,1.120133,1.117972,1.124073,1.12879,1.132093,1.138667,1.141267,1.139431,1.142298,1.126098,1.121126,1.115717,1.120268,1.114453,1.10911,1.109257,1.111746,1.106925,1.107721,1.107944,1.102663,1.091986,1.084693,1.070164,1.063737,1.068544,1.060918,1.049951,1.059307,1.051543,1.03762,1.030097,1.030445,1.015305,1.002846,0.989431,0.985941,1.005049,1.005391,1.005709,0.99634,0.995983,0.991187,0.979439,0.979571,0.98356,0.976474,0.970374,0.97163,0.979537,0.982811,0.984339,0.962742,0.964685,0.967205,0.970808,0.969273,0.963793,0.960995,0.959987,0.961587,0.960505,0.959712,0.956992,0.947292,0.944884,0.939243,0.932151,0.923218,0.918729,0.913542,0.908685,0.907644,0.903711,0.896472,0.891868,0.895226,0.89586,0.898585,0.89771,0.901221,0.90572,0.912252,0.916379,0.919515,0.919039,0.925816,0.927972,0.929211,0.933365,0.933681,0.931324,0.932716,0.933801,0.936271,0.935492,0.934425,0.933598,0.932492,0.929126,0.933996,0.930548,0.933961,0.942014,0.945748,0.943088,0.94409,0.948318,0.951024,0.950085,0.95865,0.989565,0.998963,1.007634,1.015431,1.019195,1.028269,1.038582,1.04445,1.045599,1.06223,1.069923,1.069738,1.07042,1.0766,1.080132,1.052081,1.044213,1.044801,1.047049,1.048882,1.041432,1.027185,1.019012,1.017239,1.009096,1.005115,1.008787,1.006241,1.003277,1.002352,1.001611,1.012034,1.018339,1.028448,1.025695,1.02356,1.021779,1.017745,1.024311,1.029202,1.034883,1.037894,1.04424,1.049151,1.040436,1.036964,1.036775,1.03166,1.020923,1.025581,1.037691,1.067262,1.076917,1.073538,1.069391,1.067689,1.063571,1.054274,1.044835,1.04323,1.036037,1.024519,1.020419,1.017847,1.003693,0.990856,0.957858,0.946631,0.948131,0.945269,0.945015,0.93818,0.934405,0.932248,0.933457,0.936546,0.93755,0.941143,0.935148,0.933137,0.930517,0.932623,0.930324,0.925812,0.918599,0.908707,0.912395,0.913057,0.913155,0.910767,0.905407,0.897383,0.882973,0.878748,0.870373,0.870685,0.873473,0.877419,0.874322,0.874333,0.862383,0.856501,0.860665,0.858507,0.85544,0.857318,0.85869,0.85918,0.861841,0.861795,0.855632,0.851954,0.844125,0.848542,0.847538,0.852839,0.855055,0.848001,0.848552,0.854561,0.853798,0.853477,0.851778,0.851043,0.85238,0.854379,0.856794,0.857109,0.852812,0.852157,0.849732,0.850033,0.852218,0.853961,0.847563,0.84926,0.851184,0.854469,0.856815,0.85627,0.857276,0.856296,0.855629,0.85503,0.855241,0.852898,0.852461,0.854666,0.85253,0.851449,0.849863,0.847812,0.846059,0.846106,0.846605,0.84546,0.845767,0.849354,0.849517,0.850099,0.850982,0.852044,0.850355,0.85222,0.854796,0.858336,0.876143,0.88448,0.888951,0.892812,0.895686,0.89799,0.898541,0.89961,0.900313,0.903548,0.906171,0.90969,0.912905,0.917594,0.921237,0.912547,0.908212,0.90134,0.900914,0.902572,0.907625,0.910432,0.916073,0.921267,0.922903,0.926104,0.929825,0.931068,0.932507,0.932967,0.936637,0.939682,0.945089,0.951752,0.954342,0.962381,0.995622,0.997567,1.009205,1.012481,1.014878,1.017171,1.020106,1.019808,1.022015,1.024263,1.026229,1.029713,1.027787,1.030304,1.028808,1.011257,1.03358,1.030637,1.036534,1.039043,1.042582,1.049162,1.057311,1.059386,1.067131,1.071117,1.073453,1.082424,1.09045,1.091723,1.088687,1.077717,1.074433,1.071655,1.103826,1.122426,1.136017,1.137743,1.145176,1.140806,1.137158,1.134325,1.129911,1.126776,1.13005,1.136007,1.145211,1.146271,1.152488,1.145125,1.138462,1.120378,1.120133,1.117972,1.124073,1.12879,1.132093,1.138667,1.141267
CRW,Gambia,0.830857,0.00826466,0.801088,0.797115,0.797177,0.789392,0.784269,0.777788,0.764867,0.757634,0.751404,0.74788,0.744414,0.74003,0.738275,0.734888,0.732428,0.726966,0.726775,0.725029,0.728796,0.725714,0.720229,0.727155,0.731577,0.737564,0.741312,0.740907,0.742814,0.739323,0.741629,0.741612,0.738935,0.73714,0.732874,0.736293,0.742593,0.749033,0.746845,0.742238,0.73716,0.73199,0.731477,0.733152,0.7407,0.747422,0.754721,0.758956,0.760699,0.760673,0.757919,0.757857,0.754587,0.755498,0.761324,0.766777,0.774895,0.776613,0.776962,0.772881,0.766587,0.761715,0.756442,0.754623,0.754022,0.756488,0.759364,0.762969,0.760735,0.758782,0.757395,0.757761,0.762316,0.766674,0.772652,0.779516,0.786241,0.79767,0.810232,0.821517,0.824943,0.827198,0.829349,0.832661,0.835681,0.837338,0.837196,0.837754,0.838302,0.839249,0.838253,0.83717,0.837623,0.838022,0.837355,0.833661,0.830115,0.825268,0.824209,0.819283,0.812963,0.808849,0.808751,0.809925,0.812939,0.812369,0.810904,0.810806,0.812083,0.817563,0.821327,0.823401,0.826608,0.82464,0.823229,0.825271,0.826308,0.823564,0.819031,0.814641,0.812406,0.813741,0.816728,0.826259,0.831926,0.832232,0.833696,0.833955,0.838554,0.846605,0.854911,0.862809,0.870368,0.877416,0.884166,0.890079,0.900741,0.904968,0.900115,0.896369,0.899257,0.901208,0.905608,0.909857,0.914248,0.921677,0.934125,0.952742,0.964299,0.975574,0.997502,1.00121,1.009171,1.023948,1.038678,1.044989,1.056953,1.057628,1.059573,1.063702,1.066315,1.065734,1.056529,1.058486,1.064697,1.062776,1.065591,1.06612,1.070121,1.068414,1.065548,1.051756,1.049136,1.044671,1.045394,1.047892,1.049016,1.054172,1.05991,1.052551,1.039494,1.038972,1.050616,1.05819,1.077566,1.090906,1.098034,1.100973,1.102123,1.100362,1.095728,1.102879,1.113143,1.120671,1.120362,1.118782,1.115089,1.119123,1.111874,1.114084,1.120246,1.117456,1.122896,1.126815,1.122494,1.122652,1.121665,1.117036,1.116967,1.113028,1.11003,1.095027,1.085395,1.074115,1.064182,1.060996,1.060993,1.062255,1.063517,1.071642,1.070466,1.064045,1.062824,1.057042,1.060086,1.062631,1.066277,1.074682,1.082511,1.078439,1.073323,1.068863,1.054894,1.041433,1.030526,1.026696,1.019777,1.011708,1.000476,0.989964,0.982984,0.977519,0.970728,0.959332,0.955822,0.954617,0.955397,0.953703,0.952105,0.94649,0.942543,0.941177,0.936609,0.934796,0.935376,0.933065,0.92806,0.925444,0.928553,0.932427,0.924109,0.914358,0.918134,0.922253,0.936199,0.936934,0.935202,0.939766,0.941152,0.936716,0.94357,0.949788,0.94846,0.947863,0.942188,0.941366,0.95517,0.970295,0.971173,0.969096,0.972915,0.973181,0.969273,0.971888,0.977336,0.971321,0.96398,0.966617,0.965052,0.976515,0.980714,0.975747,0.954962,0.954244,0.944627,0.934782,0.936561,0.937633,0.931963,0.931023,0.964617,0.980902,0.980089,0.977973,0.982974,0.986062,0.985398,0.986336,0.986765,0.993898,1.003236,1.006421,1.025978,1.0326,1.036002,1.029686,1.023352,1.02413,1.034471,1.031128,1.027974,1.035935,1.034861,1.034979,1.031689,1.022131,1.022259,1.006373,0.997831,0.991687,0.975951,0.982799,0.981547,0.974445,0.981646,0.974147,0.95779,0.957753,0.954876,0.951532,0.949056,0.941343,0.928109,0.922304,0.919796,0.916933,0.905422,0.895607,0.883687,0.865942,0.850027,0.848251,0.870491,0.864204,0.860674,0.855643,0.853175,0.855047,0.854917,0.850795,0.848202,0.841556,0.838715,0.8352,0.832088,0.830857,0.826466,0.801088,0.797115,0.797177,0.789392,0.784269,0.777788,0.764867,0.757634,0.751404,0.74788,0.744414,0.74003,0.738275,0.734888,0.732428,0.726966,0.726775,0.725029,0.728796,0.725714,0.720229,0.727155,0.731577,0.737564,0.741312,0.740907,0.742814,0.739323,0.741629,0.741612,0.738935,0.73714,0.732874,0.736293,0.742593,0.749033,0.746845,0.742238,0.73716,0.73199,0.731477,0.733152,0.7407,0.747422,0.754721,0.758956,0.760699,0.760673,0.757919,0.757857,0.754587,0.755498,0.761324,0.766777,0.774895,0.776613,0.776962,0.772881,0.766587,0.761715,0.756442,0.754623,0.754022,0.756488,0.759364,0.762969,0.760735,0.758782,0.757395,0.757761,0.762316,0.766674,0.772652,0.779516,0.786241,0.79767,0.810232,0.821517,0.824943,0.827198,0.829349,0.832661,0.835681,0.837338,0.837196,0.837754,0.838302,0.839249,0.838253,0.83717,0.837623,0.838022,0.837355,0.833661,0.830115,0.825268,0.824209,0.819283,0.812963,0.808849,0.808751,0.809925,0.812939,0.812369,0.810904,0.810806,0.812083,0.817563,0.821327,0.823401,0.826608,0.82464,0.823229,0.825271,0.826308,0.823564,0.819031,0.814641,0.812406,0.813741,0.816728,0.826259,0.831926,0.832232,0.833696,0.833955,0.838554,0.846605,0.854911,0.862809,0.870368,0.877416,0.884166,0.890079,0.900741,0.904968,0.900115,0.896369,0.899257,0.901208,0.905608,0.909857,0.914248,0.921677,0.934125,0.952742,0.964299,0.975574,0.997502,1.00121,1.009171,1.023948,1.038678,1.044989,1.056953,1.057628,1.059573,1.063702,1.066315,1.065734,1.056529,1.058486,1.064697,1.062776,1.065591,1.06612,1.070121,1.068414,1.065548,1.051756,1.049136,1.044671,1.045394,1.047892,1.049016,1.054172,1.05991,1.052551,1.039494,1.038972,1.050616,1.05819,1.077566,1.090906,1.098034,1.100973,1.102123,1.100362,1.095728,1.102879,1.113143,1.120671,1.120362,1.118782,1.115089,1.119123,1.111874,1.114084,1.120246,1.117456,1.122896,1.126815,1.122494,1.122652,1.121665,1.117036,1.116967,1.113028,1.11003,1.095027,1.085395,1.074115,1.064182,1.060996,1.060993,1.062255,1.063517,1.071642,1.070466,1.064045,1.062824,1.057042,1.060086,1.062631,1.066277,1.074682,1.082511,1.078439,1.073323,1.068863,1.054894,1.041433,1.030526,1.026696,1.019777,1.011708,1.000476,0.989964,0.982984,0.977519,0.970728,0.959332,0.955822,0.954617,0.955397,0.953703,0.952105,0.94649,0.942543,0.941177,0.936609,0.934796,0.935376,0.933065,0.92806,0.925444,0.928553,0.932427,0.924109,0.914358,0.918134,0.922253,0.936199,0.936934,0.935202,0.939766,0.941152,0.936716,0.94357,0.949788,0.94846,0.947863,0.942188,0.941366,0.95517,0.970295,0.971173,0.969096,0.972915,0.973181,0.969273,0.971888,0.977336,0.971321,0.96398,0.966617,0.965052,0.976515,0.980714,0.975747,0.954962,0.954244,0.944627,0.934782,0.936561,0.937633,0.931963,0.931023,0.964617,0.980902,0.980089,0.977973,0.982974,0.986062,0.985398,0.986336,0.986765,0.993898,1.003236,1.006421,1.025978,1.0326,1.036002,1.029686,1.023352,1.02413,1.034471,1.031128,1.027974,1.035935,1.034861,1.034979,1.031689,1.022131,1.022259,1.006373,0.997831,0.991687,0.975951,0.982799,0.981547,0.974445,0.981646,0.974147,0.95779,0.957753,0.954876,0.951532,0.949056,0.941343,0.928109,0.922304,0.919796,0.916933,0.905422,0.895607,0.883687,0.865942,0.850027,0.848251,0.870491,0.864204,0.860674,0.855643,0.853175,0.855047,0.854917,0.850795,0.848202,0.841556,0.838715,0.8352,0.832088
CRW,Georgia,0.837905,0.00839985,0.840563,0.843815,0.846412,0.842487,0.841461,0.842383,0.845289,0.849248,0.854831,0.873908,0.880159,0.884676,0.889576,0.895535,0.898816,0.901159,0.9031,0.905244,0.907649,0.910955,0.91417,0.916033,0.917167,0.919366,0.903198,0.902299,0.904833,0.907738,0.911778,0.921109,0.927633,0.933056,0.936885,0.940034,0.941613,0.944369,0.945566,0.947386,0.947244,0.955116,0.956052,0.958402,0.962094,0.961824,0.957309,0.953591,0.953138,0.952004,0.952167,0.953254,0.952937,0.953895,0.955502,0.960692,0.954196,0.956565,0.958678,0.960314,0.960355,0.960684,0.960346,0.95848,0.958337,0.957203,0.955687,0.956531,0.955406,0.954857,0.951831,0.95022,0.951771,0.951625,0.952192,0.954032,0.955537,0.957053,0.957548,0.961052,0.965597,0.971089,0.972642,0.979798,0.983456,0.985802,0.99266,0.994978,0.993214,0.990818,0.990288,0.992131,0.995617,0.997816,1.002101,1.004147,1.005955,1.006218,1.001312,0.997868,0.995123,0.988918,0.992142,0.990886,0.9868,0.983418,0.979409,0.974214,0.972437,0.970662,0.973691,0.972601,0.972009,0.971947,0.970674,0.972133,0.972566,0.964186,0.96241,0.961815,0.959383,0.955056,0.951832,0.944327,0.935277,0.921088,0.916508,0.913573,0.907794,0.90338,0.895261,0.894983,0.891461,0.888025,0.885232,0.881553,0.879224,0.877812,0.878851,0.876532,0.874639,0.871289,0.868993,0.867138,0.863541,0.862846,0.871309,0.89075,0.898392,0.89757,0.897774,0.89815,0.896331,0.894853,0.891864,0.889408,0.88763,0.885322,0.884482,0.883195,0.88056,0.877221,0.864794,0.850194,0.847264,0.85184,0.852634,0.854037,0.854544,0.852508,0.854179,0.852251,0.850672,0.850671,0.85303,0.853787,0.850665,0.848595,0.850549,0.84996,0.852284,0.851533,0.852013,0.851845,0.85595,0.859502,0.86221,0.864582,0.864611,0.863934,0.863887,0.865038,0.86693,0.86529,0.864325,0.86527,0.865009,0.863779,0.861552,0.859387,0.85723,0.857803,0.85725,0.856964,0.858245,0.860072,0.860999,0.858042,0.85538,0.845089,0.854183,0.854813,0.852786,0.853881,0.853942,0.857603,0.857665,0.860601,0.862933,0.861694,0.861494,0.860446,0.86161,0.863533,0.864305,0.859251,0.871431,0.875767,0.877711,0.878388,0.878621,0.879899,0.881569,0.881953,0.884943,0.886993,0.888909,0.888528,0.890085,0.890852,0.889022,0.875973,0.870871,0.868754,0.864401,0.862984,0.859346,0.852234,0.846532,0.838227,0.845931,0.85928,0.876727,0.887479,0.888709,0.889328,0.892423,0.896799,0.898255,0.896239,0.892061,0.885552,0.879636,0.884601,0.88908,0.883753,0.880773,0.881245,0.883542,0.878603,0.879636,0.878501,0.870474,0.864148,0.865844,0.857985,0.858222,0.867146,0.865499,0.859054,0.852166,0.839643,0.834129,0.824673,0.830294,0.823862,0.818573,0.829402,0.845901,0.849445,0.849215,0.846774,0.843823,0.843989,0.843799,0.844135,0.843647,0.841286,0.840164,0.838668,0.838984,0.834109,0.820601,0.80148,0.789173,0.778422,0.76858,0.769269,0.76503,0.763145,0.76205,0.761092,0.769159,0.780772,0.793109,0.803193,0.814314,0.821998,0.819985,0.817509,0.827175,0.831577,0.829909,0.826944,0.824435,0.823361,0.82317,0.824341,0.8262,0.828243,0.830763,0.832117,0.834212,0.832328,0.837796,0.835417,0.823719,0.824062,0.824537,0.824903,0.824006,0.832904,0.833978,0.834056,0.833568,0.832719,0.83142,0.830107,0.830643,0.826816,0.828111,0.826753,0.828269,0.828512,0.830024,0.835373,0.830065,0.831616,0.83419,0.836698,0.83653,0.837942,0.839136,0.842357,0.844622,0.837905,0.839985,0.840563,0.843815,0.846412,0.842487,0.841461,0.842383,0.845289,0.849248,0.854831,0.873908,0.880159,0.884676,0.889576,0.895535,0.898816,0.901159,0.9031,0.905244,0.907649,0.910955,0.91417,0.916033,0.917167,0.919366,0.903198,0.902299,0.904833,0.907738,0.911778,0.921109,0.927633,0.933056,0.936885,0.940034,0.941613,0.944369,0.945566,0.947386,0.947244,0.955116,0.956052,0.958402,0.962094,0.961824,0.957309,0.953591,0.953138,0.952004,0.952167,0.953254,0.952937,0.953895,0.955502,0.960692,0.954196,0.956565,0.958678,0.960314,0.960355,0.960684,0.960346,0.95848,0.958337,0.957203,0.955687,0.956531,0.955406,0.954857,0.951831,0.95022,0.951771,0.951625,0.952192,0.954032,0.955537,0.957053,0.957548,0.961052,0.965597,0.971089,0.972642,0.979798,0.983456,0.985802,0.99266,0.994978,0.993214,0.990818,0.990288,0.992131,0.995617,0.997816,1.002101,1.004147,1.005955,1.006218,1.001312,0.997868,0.995123,0.988918,0.992142,0.990886,0.9868,0.983418,0.979409,0.974214,0.972437,0.970662,0.973691,0.972601,0.972009,0.971947,0.970674,0.972133,0.972566,0.964186,0.96241,0.961815,0.959383,0.955056,0.951832,0.944327,0.935277,0.921088,0.916508,0.913573,0.907794,0.90338,0.895261,0.894983,0.891461,0.888025,0.885232,0.881553,0.879224,0.877812,0.878851,0.876532,0.874639,0.871289,0.868993,0.867138,0.863541,0.862846,0.871309,0.89075,0.898392,0.89757,0.897774,0.89815,0.896331,0.894853,0.891864,0.889408,0.88763,0.885322,0.884482,0.883195,0.88056,0.877221,0.864794,0.850194,0.847264,0.85184,0.852634,0.854037,0.854544,0.852508,0.854179,0.852251,0.850672,0.850671,0.85303,0.853787,0.850665,0.848595,0.850549,0.84996,0.852284,0.851533,0.852013,0.851845,0.85595,0.859502,0.86221,0.864582,0.864611,0.863934,0.863887,0.865038,0.86693,0.86529,0.864325,0.86527,0.865009,0.863779,0.861552,0.859387,0.85723,0.857803,0.85725,0.856964,0.858245,0.860072,0.860999,0.858042,0.85538,0.845089,0.854183,0.854813,0.852786,0.853881,0.853942,0.857603,0.857665,0.860601,0.862933,0.861694,0.861494,0.860446,0.86161,0.863533,0.864305,0.859251,0.871431,0.875767,0.877711,0.878388,0.878621,0.879899,0.881569,0.881953,0.884943,0.886993,0.888909,0.888528,0.890085,0.890852,0.889022,0.875973,0.870871,0.868754,0.864401,0.862984,0.859346,0.852234,0.846532,0.838227,0.845931,0.85928,0.876727,0.887479,0.888709,0.889328,0.892423,0.896799,0.898255,0.896239,0.892061,0.885552,0.879636,0.884601,0.88908,0.883753,0.880773,0.881245,0.883542,0.878603,0.879636,0.878501,0.870474,0.864148,0.865844,0.857985,0.858222,0.867146,0.865499,0.859054,0.852166,0.839643,0.834129,0.824673,0.830294,0.823862,0.818573,0.829402,0.845901,0.849445,0.849215,0.846774,0.843823,0.843989,0.843799,0.844135,0.843647,0.841286,0.840164,0.838668,0.838984,0.834109,0.820601,0.80148,0.789173,0.778422,0.76858,0.769269,0.76503,0.763145,0.76205,0.761092,0.769159,0.780772,0.793109,0.803193,0.814314,0.821998,0.819985,0.817509,0.827175,0.831577,0.829909,0.826944,0.824435,0.823361,0.82317,0.824341,0.8262,0.828243,0.830763,0.832117,0.834212,0.832328,0.837796,0.835417,0.823719,0.824062,0.824537,0.824903,0.824006,0.832904,0.833978,0.834056,0.833568,0.832719,0.83142,0.830107,0.830643,0.826816,0.828111,0.826753,0.828269,0.828512,0.830024,0.835373,0.830065,0.831616,0.83419,0.836698,0.83653,0.837942,0.839136,0.842357,0.844622
CRW,Germany,0.936431,0.0093772,0.936556,0.936296,0.937915,0.942846,0.947207,0.952409,0.955714,0.954914,0.958571,0.960285,0.959727,0.957732,0.958448,0.958815,0.960511,0.963977,0.96651,0.969918,0.971278,0.97222,0.971146,0.970047,0.968722,0.969309,0.973567,0.981953,0.985624,0.988247,0.990645,0.991911,0.993002,0.994079,0.99328,0.990499,0.989122,0.991869,0.996538,0.999822,1.000994,1.001545,0.997717,0.996786,0.999463,1.010106,1.014927,1.018339,1.021368,1.025829,1.034002,1.036891,1.039818,1.040051,1.03961,1.038125,1.035329,1.034064,1.032361,1.027833,1.018961,1.016108,1.01514,1.016591,1.016087,1.012275,1.014727,1.01814,1.02013,1.023841,1.028649,1.031796,1.034783,1.039069,1.045645,1.050574,1.051767,1.052241,1.051616,1.052354,1.054177,1.051483,1.047851,1.040986,1.032787,1.023895,1.021915,1.018906,1.01834,1.016364,1.017046,1.018747,1.0187,1.015715,1.009565,1.002875,1.000353,1.000856,1.004787,1.004884,1.004329,1.001091,1.002442,0.999077,1.00018,0.999584,0.997926,0.99679,0.99549,0.994661,0.996277,1.000405,1.000681,1.000968,1.00019,0.998338,0.999841,0.9988,0.999326,0.996517,0.994654,0.991454,0.990689,0.989232,0.991317,0.990981,0.984681,0.982101,0.980237,0.978905,0.978009,0.975755,0.973477,0.971858,0.969407,0.964939,0.961507,0.958913,0.957086,0.951595,0.950637,0.949027,0.946527,0.944809,0.942742,0.94197,0.940459,0.939533,0.93654,0.932182,0.929004,0.930967,0.932515,0.934801,0.93709,0.932231,0.929604,0.927049,0.923494,0.925848,0.928351,0.929729,0.928923,0.928825,0.931065,0.928424,0.920125,0.912253,0.903205,0.895775,0.891038,0.887606,0.886583,0.887315,0.885164,0.883737,0.882881,0.881764,0.881409,0.880424,0.881241,0.882609,0.881995,0.881626,0.880479,0.880735,0.879727,0.878197,0.877606,0.874662,0.871251,0.867752,0.864919,0.86249,0.860206,0.861377,0.86242,0.864298,0.868234,0.867343,0.865253,0.867357,0.86907,0.871362,0.873006,0.874265,0.875496,0.874076,0.871894,0.867266,0.864438,0.865244,0.863091,0.86129,0.860805,0.860024,0.856671,0.851311,0.847006,0.844131,0.842356,0.840617,0.840877,0.841014,0.840932,0.838719,0.832349,0.834472,0.835403,0.837056,0.838506,0.839091,0.839396,0.841157,0.840354,0.838907,0.838786,0.838738,0.8387,0.838615,0.839228,0.838832,0.836915,0.836346,0.835213,0.834764,0.833513,0.832842,0.828921,0.829084,0.82905,0.82712,0.82821,0.829918,0.830908,0.831589,0.831049,0.830717,0.829578,0.829227,0.829915,0.832223,0.83807,0.842276,0.844312,0.843741,0.84336,0.842709,0.84214,0.842136,0.841454,0.844037,0.845466,0.84578,0.845937,0.844455,0.844164,0.842246,0.841459,0.842524,0.844137,0.845884,0.846654,0.846486,0.847035,0.847425,0.845689,0.844373,0.843504,0.842838,0.842539,0.841675,0.842351,0.841862,0.841225,0.841215,0.841392,0.841351,0.841608,0.840261,0.840831,0.841986,0.844246,0.847056,0.848472,0.850812,0.850804,0.850366,0.852074,0.851594,0.851484,0.851047,0.850524,0.851862,0.852833,0.852587,0.852388,0.850721,0.850608,0.851437,0.853035,0.855416,0.859389,0.861141,0.864233,0.865484,0.866326,0.868239,0.868874,0.86921,0.871032,0.873823,0.877947,0.879824,0.881098,0.880199,0.883389,0.879397,0.878702,0.879631,0.883871,0.887261,0.890398,0.892681,0.89563,0.8989,0.900279,0.900635,0.900918,0.904705,0.907891,0.9085,0.9121,0.916776,0.919622,0.920847,0.921942,0.922193,0.925075,0.931121,0.931676,0.932493,0.933517,0.937411,0.935648,0.936431,0.93772,0.936556,0.936296,0.937915,0.942846,0.947207,0.952409,0.955714,0.954914,0.958571,0.960285,0.959727,0.957732,0.958448,0.958815,0.960511,0.963977,0.96651,0.969918,0.971278,0.97222,0.971146,0.970047,0.968722,0.969309,0.973567,0.981953,0.985624,0.988247,0.990645,0.991911,0.993002,0.994079,0.99328,0.990499,0.989122,0.991869,0.996538,0.999822,1.000994,1.001545,0.997717,0.996786,0.999463,1.010106,1.014927,1.018339,1.021368,1.025829,1.034002,1.036891,1.039818,1.040051,1.03961,1.038125,1.035329,1.034064,1.032361,1.027833,1.018961,1.016108,1.01514,1.016591,1.016087,1.012275,1.014727,1.01814,1.02013,1.023841,1.028649,1.031796,1.034783,1.039069,1.045645,1.050574,1.051767,1.052241,1.051616,1.052354,1.054177,1.051483,1.047851,1.040986,1.032787,1.023895,1.021915,1.018906,1.01834,1.016364,1.017046,1.018747,1.0187,1.015715,1.009565,1.002875,1.000353,1.000856,1.004787,1.004884,1.004329,1.001091,1.002442,0.999077,1.00018,0.999584,0.997926,0.99679,0.99549,0.994661,0.996277,1.000405,1.000681,1.000968,1.00019,0.998338,0.999841,0.9988,0.999326,0.996517,0.994654,0.991454,0.990689,0.989232,0.991317,0.990981,0.984681,0.982101,0.980237,0.978905,0.978009,0.975755,0.973477,0.971858,0.969407,0.964939,0.961507,0.958913,0.957086,0.951595,0.950637,0.949027,0.946527,0.944809,0.942742,0.94197,0.940459,0.939533,0.93654,0.932182,0.929004,0.930967,0.932515,0.934801,0.93709,0.932231,0.929604,0.927049,0.923494,0.925848,0.928351,0.929729,0.928923,0.928825,0.931065,0.928424,0.920125,0.912253,0.903205,0.895775,0.891038,0.887606,0.886583,0.887315,0.885164,0.883737,0.882881,0.881764,0.881409,0.880424,0.881241,0.882609,0.881995,0.881626,0.880479,0.880735,0.879727,0.878197,0.877606,0.874662,0.871251,0.867752,0.864919,0.86249,0.860206,0.861377,0.86242,0.864298,0.868234,0.867343,0.865253,0.867357,0.86907,0.871362,0.873006,0.874265,0.875496,0.874076,0.871894,0.867266,0.864438,0.865244,0.863091,0.86129,0.860805,0.860024,0.856671,0.851311,0.847006,0.844131,0.842356,0.840617,0.840877,0.841014,0.840932,0.838719,0.832349,0.834472,0.835403,0.837056,0.838506,0.839091,0.839396,0.841157,0.840354,0.838907,0.838786,0.838738,0.8387,0.838615,0.839228,0.838832,0.836915,0.836346,0.835213,0.834764,0.833513,0.832842,0.828921,0.829084,0.82905,0.82712,0.82821,0.829918,0.830908,0.831589,0.831049,0.830717,0.829578,0.829227,0.829915,0.832223,0.83807,0.842276,0.844312,0.843741,0.84336,0.842709,0.84214,0.842136,0.841454,0.844037,0.845466,0.84578,0.845937,0.844455,0.844164,0.842246,0.841459,0.842524,0.844137,0.845884,0.846654,0.846486,0.847035,0.847425,0.845689,0.844373,0.843504,0.842838,0.842539,0.841675,0.842351,0.841862,0.841225,0.841215,0.841392,0.841351,0.841608,0.840261,0.840831,0.841986,0.844246,0.847056,0.848472,0.850812,0.850804,0.850366,0.852074,0.851594,0.851484,0.851047,0.850524,0.851862,0.852833,0.852587,0.852388,0.850721,0.850608,0.851437,0.853035,0.855416,0.859389,0.861141,0.864233,0.865484,0.866326,0.868239,0.868874,0.86921,0.871032,0.873823,0.877947,0.879824,0.881098,0.880199,0.883389,0.879397,0.878702,0.879631,0.883871,0.887261,0.890398,0.892681,0.89563,0.8989,0.900279,0.900635,0.900918,0.904705,0.907891,0.9085,0.9121,0.916776,0.919622,0.920847,0.921942,0.922193,0.925075,0.931121,0.931676,0.932493,0.933517,0.937411,0.935648
CRW,Ghana,1.022238,0.010113889999999999,1.000972,0.993895,0.990308,0.983944,0.983266,0.979929,0.973609,0.963901,0.958784,0.954107,0.952254,0.941388,0.933213,0.925538,0.916303,0.908684,0.899492,0.892378,0.883563,0.870784,0.864561,0.863353,0.864063,0.860841,0.85203,0.842891,0.83771,0.834758,0.834254,0.832201,0.828144,0.827544,0.825883,0.824899,0.822137,0.820453,0.809224,0.803998,0.803195,0.803153,0.804342,0.806059,0.807343,0.80621,0.808615,0.812247,0.810402,0.807985,0.80729,0.805228,0.804183,0.804143,0.803098,0.800291,0.799124,0.798068,0.797401,0.794521,0.790637,0.788091,0.785314,0.784481,0.782945,0.782252,0.781387,0.781318,0.780272,0.782438,0.785355,0.784936,0.786788,0.7892,0.792796,0.793316,0.794563,0.795108,0.798214,0.798738,0.798065,0.802311,0.801881,0.800157,0.798905,0.79152,0.790777,0.788556,0.785091,0.782762,0.782997,0.78157,0.782837,0.78031,0.78326,0.785124,0.782721,0.782197,0.785264,0.78515,0.790879,0.795156,0.799387,0.80127,0.80243,0.805549,0.807764,0.810457,0.811846,0.812068,0.813417,0.820078,0.824504,0.829384,0.837102,0.840876,0.843825,0.844774,0.851636,0.856212,0.856863,0.856509,0.858672,0.862792,0.865081,0.870634,0.870356,0.873939,0.873899,0.86968,0.870797,0.877164,0.885,0.893121,0.903679,0.912201,0.920245,0.925933,0.933095,0.942647,0.941247,0.949611,0.953523,0.95554,0.968358,0.973502,0.970872,0.971705,0.968386,0.966517,0.969088,0.96954,0.97353,0.977639,0.986144,0.994566,0.992862,0.995792,1.001113,0.99588,0.997255,0.997068,0.985119,0.97723,0.965723,0.959011,0.956873,0.949413,0.940179,0.928633,0.915357,0.909558,0.905621,0.895212,0.892865,0.886135,0.887966,0.891103,0.893067,0.898323,0.89683,0.891874,0.889469,0.889536,0.886544,0.892103,0.891865,0.887411,0.889988,0.886197,0.883086,0.877182,0.874798,0.875158,0.869907,0.871062,0.871905,0.868371,0.859487,0.85439,0.854434,0.85069,0.844916,0.840782,0.837798,0.833,0.833912,0.833227,0.829885,0.822511,0.821405,0.823665,0.828106,0.828855,0.824783,0.820019,0.820968,0.823097,0.823417,0.825145,0.82978,0.834414,0.840135,0.847199,0.852272,0.860323,0.864812,0.863164,0.878908,0.886875,0.892177,0.897281,0.901698,0.904366,0.909741,0.918131,0.918096,0.914602,0.912846,0.911984,0.908031,0.909064,0.918858,0.905293,0.901447,0.905437,0.917871,0.915457,0.920628,0.922097,0.915245,0.912753,0.91256,0.909712,0.912809,0.915884,0.916296,0.909802,0.909926,0.912241,0.919271,0.91323,0.922253,0.927309,0.931165,0.936466,0.94363,0.948513,0.956162,0.961298,0.971272,0.979367,0.986682,0.99237,0.998546,0.998918,1.000541,1.00401,1.006328,1.006881,1.014902,1.018957,1.022106,1.029313,1.03348,1.028691,1.028431,1.02545,1.02662,1.023375,1.028034,1.034006,1.032379,1.034036,1.038814,1.035748,1.040874,1.044072,1.049121,1.054722,1.062849,1.070239,1.078303,1.081347,1.086959,1.088479,1.086739,1.09049,1.089971,1.088145,1.091261,1.094645,1.097381,1.102134,1.104652,1.110989,1.107582,1.108229,1.112649,1.114119,1.123128,1.133968,1.14503,1.151932,1.153645,1.155687,1.156442,1.15773,1.159961,1.158449,1.156569,1.161138,1.165992,1.170432,1.171974,1.161595,1.149586,1.140799,1.133057,1.131771,1.13317,1.132232,1.129017,1.123182,1.123082,1.118393,1.108316,1.102964,1.101374,1.095065,1.091317,1.096981,1.098023,1.100062,1.093146,1.083665,1.0795,1.072716,1.067058,1.057818,1.050089,1.049007,1.037897,1.030926,1.025687,1.022238,1.011389,1.000972,0.993895,0.990308,0.983944,0.983266,0.979929,0.973609,0.963901,0.958784,0.954107,0.952254,0.941388,0.933213,0.925538,0.916303,0.908684,0.899492,0.892378,0.883563,0.870784,0.864561,0.863353,0.864063,0.860841,0.85203,0.842891,0.83771,0.834758,0.834254,0.832201,0.828144,0.827544,0.825883,0.824899,0.822137,0.820453,0.809224,0.803998,0.803195,0.803153,0.804342,0.806059,0.807343,0.80621,0.808615,0.812247,0.810402,0.807985,0.80729,0.805228,0.804183,0.804143,0.803098,0.800291,0.799124,0.798068,0.797401,0.794521,0.790637,0.788091,0.785314,0.784481,0.782945,0.782252,0.781387,0.781318,0.780272,0.782438,0.785355,0.784936,0.786788,0.7892,0.792796,0.793316,0.794563,0.795108,0.798214,0.798738,0.798065,0.802311,0.801881,0.800157,0.798905,0.79152,0.790777,0.788556,0.785091,0.782762,0.782997,0.78157,0.782837,0.78031,0.78326,0.785124,0.782721,0.782197,0.785264,0.78515,0.790879,0.795156,0.799387,0.80127,0.80243,0.805549,0.807764,0.810457,0.811846,0.812068,0.813417,0.820078,0.824504,0.829384,0.837102,0.840876,0.843825,0.844774,0.851636,0.856212,0.856863,0.856509,0.858672,0.862792,0.865081,0.870634,0.870356,0.873939,0.873899,0.86968,0.870797,0.877164,0.885,0.893121,0.903679,0.912201,0.920245,0.925933,0.933095,0.942647,0.941247,0.949611,0.953523,0.95554,0.968358,0.973502,0.970872,0.971705,0.968386,0.966517,0.969088,0.96954,0.97353,0.977639,0.986144,0.994566,0.992862,0.995792,1.001113,0.99588,0.997255,0.997068,0.985119,0.97723,0.965723,0.959011,0.956873,0.949413,0.940179,0.928633,0.915357,0.909558,0.905621,0.895212,0.892865,0.886135,0.887966,0.891103,0.893067,0.898323,0.89683,0.891874,0.889469,0.889536,0.886544,0.892103,0.891865,0.887411,0.889988,0.886197,0.883086,0.877182,0.874798,0.875158,0.869907,0.871062,0.871905,0.868371,0.859487,0.85439,0.854434,0.85069,0.844916,0.840782,0.837798,0.833,0.833912,0.833227,0.829885,0.822511,0.821405,0.823665,0.828106,0.828855,0.824783,0.820019,0.820968,0.823097,0.823417,0.825145,0.82978,0.834414,0.840135,0.847199,0.852272,0.860323,0.864812,0.863164,0.878908,0.886875,0.892177,0.897281,0.901698,0.904366,0.909741,0.918131,0.918096,0.914602,0.912846,0.911984,0.908031,0.909064,0.918858,0.905293,0.901447,0.905437,0.917871,0.915457,0.920628,0.922097,0.915245,0.912753,0.91256,0.909712,0.912809,0.915884,0.916296,0.909802,0.909926,0.912241,0.919271,0.91323,0.922253,0.927309,0.931165,0.936466,0.94363,0.948513,0.956162,0.961298,0.971272,0.979367,0.986682,0.99237,0.998546,0.998918,1.000541,1.00401,1.006328,1.006881,1.014902,1.018957,1.022106,1.029313,1.03348,1.028691,1.028431,1.02545,1.02662,1.023375,1.028034,1.034006,1.032379,1.034036,1.038814,1.035748,1.040874,1.044072,1.049121,1.054722,1.062849,1.070239,1.078303,1.081347,1.086959,1.088479,1.086739,1.09049,1.089971,1.088145,1.091261,1.094645,1.097381,1.102134,1.104652,1.110989,1.107582,1.108229,1.112649,1.114119,1.123128,1.133968,1.14503,1.151932,1.153645,1.155687,1.156442,1.15773,1.159961,1.158449,1.156569,1.161138,1.165992,1.170432,1.171974,1.161595,1.149586,1.140799,1.133057,1.131771,1.13317,1.132232,1.129017,1.123182,1.123082,1.118393,1.108316,1.102964,1.101374,1.095065,1.091317,1.096981,1.098023,1.100062,1.093146,1.083665,1.0795,1.072716,1.067058,1.057818,1.050089,1.049007,1.037897,1.030926,1.025687
CRW,Greece,0.846146,0.008446219999999999,0.846931,0.849575,0.850126,0.8516,0.852504,0.855363,0.858833,0.880945,0.890729,0.892961,0.895387,0.900645,0.899998,0.897307,0.896744,0.902493,0.902495,0.905335,0.904681,0.905605,0.920676,0.918873,0.917237,0.916051,0.917317,0.916683,0.916372,0.922974,0.931247,0.935543,0.936412,0.940525,0.947044,0.949907,0.950495,0.936901,0.939328,0.941894,0.946725,0.950151,0.954396,0.960055,0.962943,0.961762,0.961438,0.962991,0.963339,0.955283,0.963128,0.96754,0.969431,0.979576,0.979958,0.978169,0.979226,0.981852,0.979281,0.974734,0.972761,0.974315,0.971806,0.972917,0.970984,0.966801,0.967415,0.977353,0.97058,1.001449,1.00899,1.011951,1.015013,1.015561,1.017004,1.024002,1.03873,1.046662,1.051454,1.053335,1.052944,1.052086,1.046734,1.040463,1.02121,1.013746,1.011076,1.007154,1.005053,1.005189,1.002293,0.97923,0.968997,0.967293,0.965334,0.962037,0.957044,0.953912,0.95228,0.949871,0.948425,0.943604,0.937716,0.932306,0.927535,0.91841,0.917228,0.920722,0.92252,0.923413,0.924536,0.926306,0.921321,0.916555,0.913339,0.910992,0.919205,0.921131,0.923016,0.923413,0.924803,0.929688,0.928527,0.92601,0.921964,0.917736,0.911763,0.909424,0.911786,0.912206,0.912996,0.905169,0.898769,0.893815,0.893197,0.892115,0.877605,0.867074,0.861669,0.875804,0.875901,0.876791,0.877849,0.874525,0.870555,0.869761,0.87386,0.877843,0.8813,0.882692,0.882923,0.882501,0.88125,0.887813,0.879505,0.880434,0.886796,0.893245,0.893237,0.893055,0.888453,0.882539,0.879557,0.87697,0.874902,0.87402,0.873862,0.884661,0.87832,0.882194,0.880501,0.876696,0.873223,0.872905,0.87369,0.874462,0.875648,0.876251,0.875129,0.874382,0.875262,0.877483,0.871279,0.873912,0.867183,0.865826,0.86709,0.865854,0.865769,0.865285,0.865394,0.856774,0.854129,0.85217,0.845564,0.843806,0.840443,0.839254,0.837093,0.836176,0.834635,0.835148,0.835937,0.838483,0.841967,0.84256,0.843213,0.841109,0.841133,0.841535,0.84348,0.844056,0.844349,0.846261,0.849563,0.84991,0.850012,0.848504,0.846804,0.845948,0.848972,0.849917,0.852204,0.852736,0.852712,0.85203,0.850977,0.850532,0.849072,0.844914,0.847314,0.850751,0.852087,0.853342,0.852863,0.844574,0.84148,0.836567,0.826888,0.817747,0.809727,0.802961,0.796181,0.792766,0.791665,0.787693,0.784271,0.785466,0.786129,0.786951,0.795928,0.803625,0.805876,0.807789,0.801353,0.793899,0.790962,0.789174,0.783791,0.782482,0.780565,0.773289,0.778408,0.783628,0.78915,0.791826,0.788142,0.794036,0.802924,0.811162,0.816654,0.822418,0.828427,0.837594,0.843849,0.848864,0.861144,0.854401,0.845724,0.839552,0.826848,0.82072,0.806669,0.791962,0.784167,0.775512,0.770553,0.769289,0.769789,0.76833,0.766172,0.758439,0.752945,0.753246,0.756815,0.76472,0.767946,0.768786,0.772647,0.77786,0.786415,0.789669,0.791761,0.793154,0.792547,0.793947,0.795609,0.797828,0.796485,0.794274,0.792999,0.794409,0.795758,0.79736,0.799642,0.799319,0.798599,0.796784,0.798104,0.804104,0.808431,0.811895,0.817515,0.823171,0.828792,0.833193,0.835874,0.840506,0.841718,0.840524,0.839472,0.838734,0.84013,0.844049,0.844642,0.845555,0.845469,0.852515,0.850245,0.848537,0.846537,0.844025,0.839534,0.83472,0.833081,0.830359,0.828155,0.828268,0.824323,0.820622,0.823233,0.825611,0.822111,0.824363,0.827985,0.831195,0.83314,0.83489,0.837748,0.83937,0.841954,0.845521,0.845535,0.846055,0.849196,0.846146,0.844622,0.846931,0.849575,0.850126,0.8516,0.852504,0.855363,0.858833,0.880945,0.890729,0.892961,0.895387,0.900645,0.899998,0.897307,0.896744,0.902493,0.902495,0.905335,0.904681,0.905605,0.920676,0.918873,0.917237,0.916051,0.917317,0.916683,0.916372,0.922974,0.931247,0.935543,0.936412,0.940525,0.947044,0.949907,0.950495,0.936901,0.939328,0.941894,0.946725,0.950151,0.954396,0.960055,0.962943,0.961762,0.961438,0.962991,0.963339,0.955283,0.963128,0.96754,0.969431,0.979576,0.979958,0.978169,0.979226,0.981852,0.979281,0.974734,0.972761,0.974315,0.971806,0.972917,0.970984,0.966801,0.967415,0.977353,0.97058,1.001449,1.00899,1.011951,1.015013,1.015561,1.017004,1.024002,1.03873,1.046662,1.051454,1.053335,1.052944,1.052086,1.046734,1.040463,1.02121,1.013746,1.011076,1.007154,1.005053,1.005189,1.002293,0.97923,0.968997,0.967293,0.965334,0.962037,0.957044,0.953912,0.95228,0.949871,0.948425,0.943604,0.937716,0.932306,0.927535,0.91841,0.917228,0.920722,0.92252,0.923413,0.924536,0.926306,0.921321,0.916555,0.913339,0.910992,0.919205,0.921131,0.923016,0.923413,0.924803,0.929688,0.928527,0.92601,0.921964,0.917736,0.911763,0.909424,0.911786,0.912206,0.912996,0.905169,0.898769,0.893815,0.893197,0.892115,0.877605,0.867074,0.861669,0.875804,0.875901,0.876791,0.877849,0.874525,0.870555,0.869761,0.87386,0.877843,0.8813,0.882692,0.882923,0.882501,0.88125,0.887813,0.879505,0.880434,0.886796,0.893245,0.893237,0.893055,0.888453,0.882539,0.879557,0.87697,0.874902,0.87402,0.873862,0.884661,0.87832,0.882194,0.880501,0.876696,0.873223,0.872905,0.87369,0.874462,0.875648,0.876251,0.875129,0.874382,0.875262,0.877483,0.871279,0.873912,0.867183,0.865826,0.86709,0.865854,0.865769,0.865285,0.865394,0.856774,0.854129,0.85217,0.845564,0.843806,0.840443,0.839254,0.837093,0.836176,0.834635,0.835148,0.835937,0.838483,0.841967,0.84256,0.843213,0.841109,0.841133,0.841535,0.84348,0.844056,0.844349,0.846261,0.849563,0.84991,0.850012,0.848504,0.846804,0.845948,0.848972,0.849917,0.852204,0.852736,0.852712,0.85203,0.850977,0.850532,0.849072,0.844914,0.847314,0.850751,0.852087,0.853342,0.852863,0.844574,0.84148,0.836567,0.826888,0.817747,0.809727,0.802961,0.796181,0.792766,0.791665,0.787693,0.784271,0.785466,0.786129,0.786951,0.795928,0.803625,0.805876,0.807789,0.801353,0.793899,0.790962,0.789174,0.783791,0.782482,0.780565,0.773289,0.778408,0.783628,0.78915,0.791826,0.788142,0.794036,0.802924,0.811162,0.816654,0.822418,0.828427,0.837594,0.843849,0.848864,0.861144,0.854401,0.845724,0.839552,0.826848,0.82072,0.806669,0.791962,0.784167,0.775512,0.770553,0.769289,0.769789,0.76833,0.766172,0.758439,0.752945,0.753246,0.756815,0.76472,0.767946,0.768786,0.772647,0.77786,0.786415,0.789669,0.791761,0.793154,0.792547,0.793947,0.795609,0.797828,0.796485,0.794274,0.792999,0.794409,0.795758,0.79736,0.799642,0.799319,0.798599,0.796784,0.798104,0.804104,0.808431,0.811895,0.817515,0.823171,0.828792,0.833193,0.835874,0.840506,0.841718,0.840524,0.839472,0.838734,0.84013,0.844049,0.844642,0.845555,0.845469,0.852515,0.850245,0.848537,0.846537,0.844025,0.839534,0.83472,0.833081,0.830359,0.828155,0.828268,0.824323,0.820622,0.823233,0.825611,0.822111,0.824363,0.827985,0.831195,0.83314,0.83489,0.837748,0.83937,0.841954,0.845521,0.845535,0.846055,0.849196
CRW,Grenada,0.836744,0.00827954,0.829795,0.815354,0.81641,0.813495,0.808154,0.79564,0.7902,0.791355,0.793647,0.78584,0.784522,0.784933,0.782918,0.798017,0.797207,0.790786,0.7939,0.789091,0.789903,0.789686,0.790364,0.796209,0.794152,0.788538,0.784075,0.785538,0.780444,0.778693,0.761748,0.762665,0.761288,0.757775,0.769207,0.76675,0.773889,0.767774,0.76191,0.763596,0.766509,0.772622,0.768854,0.768837,0.770668,0.769793,0.774219,0.778665,0.779711,0.770687,0.782396,0.777299,0.785408,0.788174,0.784754,0.793547,0.789862,0.792251,0.799077,0.797656,0.801999,0.796975,0.794631,0.790116,0.791217,0.783277,0.786062,0.783003,0.786198,0.789301,0.779512,0.7848,0.790476,0.787086,0.788727,0.791631,0.803693,0.803483,0.80515,0.805161,0.806801,0.805486,0.806208,0.806353,0.811927,0.815103,0.811276,0.807687,0.808929,0.819597,0.816529,0.80584,0.806728,0.814435,0.817225,0.821153,0.820874,0.820018,0.818904,0.814967,0.816202,0.819785,0.828002,0.836297,0.831646,0.842517,0.846167,0.857126,0.85629,0.862479,0.860939,0.862954,0.868078,0.870876,0.873139,0.877601,0.877708,0.872503,0.874721,0.877065,0.877501,0.883633,0.882876,0.887252,0.885529,0.894925,0.899662,0.911444,0.923551,0.924241,0.928771,0.934593,0.944392,0.942964,0.945305,0.944691,0.951059,0.952297,0.956233,0.96208,0.958383,0.966455,0.965401,0.970058,0.979993,0.98342,0.989534,0.990725,0.991052,0.990062,0.991408,0.987105,0.986318,0.987009,0.989845,0.98764,0.987634,0.990273,0.986997,0.982333,0.97384,0.969577,0.98373,0.992586,1.009509,1.021961,1.025943,1.036034,1.04452,1.045455,1.045687,1.049313,1.045735,1.042929,1.046672,1.05443,1.052111,1.037216,1.037402,1.029703,1.014897,1.01354,1.006365,1.000041,0.99204,0.989895,0.984656,0.987555,0.98733,0.985275,0.983385,0.991595,0.992437,0.97827,0.974696,0.979532,0.980939,0.978476,0.969859,0.96727,0.961748,0.951645,0.945513,0.947091,0.940636,0.93182,0.924279,0.924592,0.915411,0.909623,0.9002,0.892777,0.897864,0.892407,0.887363,0.892936,0.890556,0.893778,0.897291,0.909649,0.910907,0.909055,0.917018,0.914618,0.910621,0.907423,0.91154,0.908705,0.90742,0.904909,0.908075,0.916022,0.911644,0.902805,0.897949,0.897611,0.900886,0.892821,0.899137,0.899819,0.910005,0.913525,0.909991,0.917492,0.92251,0.917456,0.916821,0.92038,0.922648,0.923396,0.919497,0.913658,0.921758,0.921293,0.922394,0.933078,0.93059,0.923812,0.924061,0.923237,0.937654,0.927553,0.925702,0.924452,0.925744,0.933682,0.946178,0.941371,0.941222,0.935052,0.925139,0.92124,0.926571,0.918339,0.918105,0.908443,0.913378,0.912965,0.907591,0.906001,0.901295,0.893989,0.895342,0.89465,0.901012,0.903041,0.900531,0.901753,0.904145,0.90933,0.903964,0.906376,0.910811,0.915992,0.914277,0.911361,0.915332,0.910848,0.905221,0.913883,0.911028,0.918762,0.913761,0.91198,0.90972,0.905004,0.899095,0.893388,0.891046,0.896667,0.9054,0.893164,0.888976,0.886206,0.88167,0.875987,0.877507,0.877253,0.880741,0.875433,0.878079,0.875893,0.872952,0.873742,0.868115,0.857582,0.855429,0.853743,0.854964,0.8534,0.875009,0.871866,0.872758,0.869441,0.879278,0.896058,0.907627,0.905564,0.906509,0.903383,0.904654,0.901275,0.900379,0.894718,0.894649,0.887161,0.884878,0.883976,0.883142,0.87767,0.85758,0.857472,0.857724,0.863691,0.860283,0.856142,0.857807,0.866876,0.867831,0.861356,0.853969,0.854549,0.849895,0.847583,0.840876,0.836744,0.827954,0.829795,0.815354,0.81641,0.813495,0.808154,0.79564,0.7902,0.791355,0.793647,0.78584,0.784522,0.784933,0.782918,0.798017,0.797207,0.790786,0.7939,0.789091,0.789903,0.789686,0.790364,0.796209,0.794152,0.788538,0.784075,0.785538,0.780444,0.778693,0.761748,0.762665,0.761288,0.757775,0.769207,0.76675,0.773889,0.767774,0.76191,0.763596,0.766509,0.772622,0.768854,0.768837,0.770668,0.769793,0.774219,0.778665,0.779711,0.770687,0.782396,0.777299,0.785408,0.788174,0.784754,0.793547,0.789862,0.792251,0.799077,0.797656,0.801999,0.796975,0.794631,0.790116,0.791217,0.783277,0.786062,0.783003,0.786198,0.789301,0.779512,0.7848,0.790476,0.787086,0.788727,0.791631,0.803693,0.803483,0.80515,0.805161,0.806801,0.805486,0.806208,0.806353,0.811927,0.815103,0.811276,0.807687,0.808929,0.819597,0.816529,0.80584,0.806728,0.814435,0.817225,0.821153,0.820874,0.820018,0.818904,0.814967,0.816202,0.819785,0.828002,0.836297,0.831646,0.842517,0.846167,0.857126,0.85629,0.862479,0.860939,0.862954,0.868078,0.870876,0.873139,0.877601,0.877708,0.872503,0.874721,0.877065,0.877501,0.883633,0.882876,0.887252,0.885529,0.894925,0.899662,0.911444,0.923551,0.924241,0.928771,0.934593,0.944392,0.942964,0.945305,0.944691,0.951059,0.952297,0.956233,0.96208,0.958383,0.966455,0.965401,0.970058,0.979993,0.98342,0.989534,0.990725,0.991052,0.990062,0.991408,0.987105,0.986318,0.987009,0.989845,0.98764,0.987634,0.990273,0.986997,0.982333,0.97384,0.969577,0.98373,0.992586,1.009509,1.021961,1.025943,1.036034,1.04452,1.045455,1.045687,1.049313,1.045735,1.042929,1.046672,1.05443,1.052111,1.037216,1.037402,1.029703,1.014897,1.01354,1.006365,1.000041,0.99204,0.989895,0.984656,0.987555,0.98733,0.985275,0.983385,0.991595,0.992437,0.97827,0.974696,0.979532,0.980939,0.978476,0.969859,0.96727,0.961748,0.951645,0.945513,0.947091,0.940636,0.93182,0.924279,0.924592,0.915411,0.909623,0.9002,0.892777,0.897864,0.892407,0.887363,0.892936,0.890556,0.893778,0.897291,0.909649,0.910907,0.909055,0.917018,0.914618,0.910621,0.907423,0.91154,0.908705,0.90742,0.904909,0.908075,0.916022,0.911644,0.902805,0.897949,0.897611,0.900886,0.892821,0.899137,0.899819,0.910005,0.913525,0.909991,0.917492,0.92251,0.917456,0.916821,0.92038,0.922648,0.923396,0.919497,0.913658,0.921758,0.921293,0.922394,0.933078,0.93059,0.923812,0.924061,0.923237,0.937654,0.927553,0.925702,0.924452,0.925744,0.933682,0.946178,0.941371,0.941222,0.935052,0.925139,0.92124,0.926571,0.918339,0.918105,0.908443,0.913378,0.912965,0.907591,0.906001,0.901295,0.893989,0.895342,0.89465,0.901012,0.903041,0.900531,0.901753,0.904145,0.90933,0.903964,0.906376,0.910811,0.915992,0.914277,0.911361,0.915332,0.910848,0.905221,0.913883,0.911028,0.918762,0.913761,0.91198,0.90972,0.905004,0.899095,0.893388,0.891046,0.896667,0.9054,0.893164,0.888976,0.886206,0.88167,0.875987,0.877507,0.877253,0.880741,0.875433,0.878079,0.875893,0.872952,0.873742,0.868115,0.857582,0.855429,0.853743,0.854964,0.8534,0.875009,0.871866,0.872758,0.869441,0.879278,0.896058,0.907627,0.905564,0.906509,0.903383,0.904654,0.901275,0.900379,0.894718,0.894649,0.887161,0.884878,0.883976,0.883142,0.87767,0.85758,0.857472,0.857724,0.863691,0.860283,0.856142,0.857807,0.866876,0.867831,0.861356,0.853969,0.854549,0.849895,0.847583,0.840876
CRW,Guatemala,0.975663,0.009639799999999999,0.956548,0.952391,0.952835,0.948668,0.937577,0.925847,0.911355,0.906823,0.910409,0.908839,0.912938,0.913696,0.906852,0.908199,0.905344,0.903387,0.903383,0.902136,0.899318,0.893785,0.884508,0.87717,0.873652,0.873614,0.873541,0.869705,0.868789,0.867638,0.861822,0.858786,0.856936,0.853322,0.845108,0.838582,0.836167,0.83686,0.83291,0.827183,0.819035,0.818857,0.822215,0.815675,0.816713,0.821246,0.821806,0.819326,0.81973,0.821847,0.822161,0.822957,0.820329,0.818264,0.817747,0.819015,0.817307,0.814655,0.821508,0.825287,0.827258,0.828785,0.831083,0.83436,0.833249,0.832287,0.833749,0.832948,0.832721,0.83638,0.838435,0.837198,0.838371,0.835409,0.833514,0.835329,0.836678,0.836255,0.836042,0.840245,0.843491,0.845003,0.848034,0.852538,0.852265,0.852294,0.85381,0.85521,0.856904,0.856786,0.856466,0.860388,0.862445,0.863699,0.867728,0.872618,0.875,0.88407,0.890121,0.893864,0.89736,0.90479,0.907924,0.912838,0.917176,0.919129,0.917777,0.922444,0.928416,0.930939,0.933534,0.938149,0.939546,0.937334,0.94219,0.945252,0.940782,0.943133,0.946613,0.949794,0.951085,0.955209,0.959829,0.964913,0.967851,0.96946,0.970824,0.974227,0.984195,0.992465,0.997603,1.002983,1.005422,1.009345,1.012042,1.022776,1.034554,1.041454,1.045283,1.052675,1.061345,1.070266,1.077642,1.082431,1.082248,1.084761,1.09361,1.098513,1.102193,1.117228,1.118897,1.117324,1.115391,1.112398,1.114646,1.118308,1.12145,1.118959,1.126555,1.130454,1.139703,1.137113,1.151974,1.163383,1.168624,1.183873,1.199322,1.235978,1.269115,1.287437,1.303129,1.319805,1.330969,1.334483,1.342953,1.356829,1.374189,1.376756,1.368223,1.352593,1.348667,1.351707,1.33386,1.315204,1.294206,1.27395,1.256851,1.261516,1.26189,1.261504,1.259759,1.258852,1.260161,1.275575,1.277539,1.275167,1.269621,1.269987,1.281639,1.291702,1.294273,1.290736,1.281866,1.270984,1.259047,1.251279,1.250844,1.250931,1.262048,1.258318,1.252976,1.246287,1.228242,1.223758,1.212599,1.200091,1.183738,1.173385,1.16906,1.166761,1.173239,1.173945,1.173223,1.172493,1.181783,1.179209,1.182887,1.188802,1.185161,1.184651,1.190495,1.194094,1.194739,1.194031,1.201485,1.190233,1.177916,1.160123,1.148021,1.13213,1.133133,1.124607,1.125775,1.130721,1.126787,1.118423,1.120954,1.123477,1.128262,1.1229,1.119792,1.123804,1.127476,1.131907,1.131159,1.120927,1.113129,1.102107,1.094376,1.102743,1.108614,1.102377,1.094051,1.085789,1.07669,1.068699,1.061962,1.065913,1.067875,1.06904,1.077855,1.085452,1.085447,1.078797,1.063464,1.060121,1.065864,1.069737,1.073951,1.079427,1.084487,1.085027,1.080755,1.074475,1.073434,1.075508,1.071913,1.071656,1.071588,1.073502,1.07715,1.069578,1.075983,1.070634,1.070928,1.073308,1.075162,1.076263,1.073863,1.074938,1.073902,1.083951,1.08688,1.092968,1.092818,1.084297,1.092903,1.077324,1.078641,1.076039,1.080984,1.079238,1.080691,1.089094,1.087876,1.091678,1.078797,1.080671,1.075654,1.084948,1.097609,1.105047,1.116015,1.127367,1.133192,1.124058,1.124647,1.124676,1.121042,1.134338,1.130219,1.135851,1.128255,1.130249,1.127277,1.122788,1.115331,1.112955,1.106406,1.106856,1.108151,1.105743,1.097012,1.091705,1.075365,1.071432,1.065373,1.07052,1.068744,1.061757,1.057804,1.057139,1.055364,1.047626,1.034281,1.026949,1.029409,1.035779,1.036612,1.030586,1.019721,1.017056,1.000147,0.99153,0.987787,0.975663,0.96398,0.956548,0.952391,0.952835,0.948668,0.937577,0.925847,0.911355,0.906823,0.910409,0.908839,0.912938,0.913696,0.906852,0.908199,0.905344,0.903387,0.903383,0.902136,0.899318,0.893785,0.884508,0.87717,0.873652,0.873614,0.873541,0.869705,0.868789,0.867638,0.861822,0.858786,0.856936,0.853322,0.845108,0.838582,0.836167,0.83686,0.83291,0.827183,0.819035,0.818857,0.822215,0.815675,0.816713,0.821246,0.821806,0.819326,0.81973,0.821847,0.822161,0.822957,0.820329,0.818264,0.817747,0.819015,0.817307,0.814655,0.821508,0.825287,0.827258,0.828785,0.831083,0.83436,0.833249,0.832287,0.833749,0.832948,0.832721,0.83638,0.838435,0.837198,0.838371,0.835409,0.833514,0.835329,0.836678,0.836255,0.836042,0.840245,0.843491,0.845003,0.848034,0.852538,0.852265,0.852294,0.85381,0.85521,0.856904,0.856786,0.856466,0.860388,0.862445,0.863699,0.867728,0.872618,0.875,0.88407,0.890121,0.893864,0.89736,0.90479,0.907924,0.912838,0.917176,0.919129,0.917777,0.922444,0.928416,0.930939,0.933534,0.938149,0.939546,0.937334,0.94219,0.945252,0.940782,0.943133,0.946613,0.949794,0.951085,0.955209,0.959829,0.964913,0.967851,0.96946,0.970824,0.974227,0.984195,0.992465,0.997603,1.002983,1.005422,1.009345,1.012042,1.022776,1.034554,1.041454,1.045283,1.052675,1.061345,1.070266,1.077642,1.082431,1.082248,1.084761,1.09361,1.098513,1.102193,1.117228,1.118897,1.117324,1.115391,1.112398,1.114646,1.118308,1.12145,1.118959,1.126555,1.130454,1.139703,1.137113,1.151974,1.163383,1.168624,1.183873,1.199322,1.235978,1.269115,1.287437,1.303129,1.319805,1.330969,1.334483,1.342953,1.356829,1.374189,1.376756,1.368223,1.352593,1.348667,1.351707,1.33386,1.315204,1.294206,1.27395,1.256851,1.261516,1.26189,1.261504,1.259759,1.258852,1.260161,1.275575,1.277539,1.275167,1.269621,1.269987,1.281639,1.291702,1.294273,1.290736,1.281866,1.270984,1.259047,1.251279,1.250844,1.250931,1.262048,1.258318,1.252976,1.246287,1.228242,1.223758,1.212599,1.200091,1.183738,1.173385,1.16906,1.166761,1.173239,1.173945,1.173223,1.172493,1.181783,1.179209,1.182887,1.188802,1.185161,1.184651,1.190495,1.194094,1.194739,1.194031,1.201485,1.190233,1.177916,1.160123,1.148021,1.13213,1.133133,1.124607,1.125775,1.130721,1.126787,1.118423,1.120954,1.123477,1.128262,1.1229,1.119792,1.123804,1.127476,1.131907,1.131159,1.120927,1.113129,1.102107,1.094376,1.102743,1.108614,1.102377,1.094051,1.085789,1.07669,1.068699,1.061962,1.065913,1.067875,1.06904,1.077855,1.085452,1.085447,1.078797,1.063464,1.060121,1.065864,1.069737,1.073951,1.079427,1.084487,1.085027,1.080755,1.074475,1.073434,1.075508,1.071913,1.071656,1.071588,1.073502,1.07715,1.069578,1.075983,1.070634,1.070928,1.073308,1.075162,1.076263,1.073863,1.074938,1.073902,1.083951,1.08688,1.092968,1.092818,1.084297,1.092903,1.077324,1.078641,1.076039,1.080984,1.079238,1.080691,1.089094,1.087876,1.091678,1.078797,1.080671,1.075654,1.084948,1.097609,1.105047,1.116015,1.127367,1.133192,1.124058,1.124647,1.124676,1.121042,1.134338,1.130219,1.135851,1.128255,1.130249,1.127277,1.122788,1.115331,1.112955,1.106406,1.106856,1.108151,1.105743,1.097012,1.091705,1.075365,1.071432,1.065373,1.07052,1.068744,1.061757,1.057804,1.057139,1.055364,1.047626,1.034281,1.026949,1.029409,1.035779,1.036612,1.030586,1.019721,1.017056,1.000147,0.99153,0.987787
CRW,Guinea,0.918336,0.00909248,0.910488,0.907548,0.904913,0.899747,0.88992,0.87301,0.870081,0.861453,0.855484,0.860259,0.862351,0.860751,0.855786,0.849497,0.839542,0.823902,0.817119,0.81131,0.809438,0.809287,0.811,0.810234,0.810429,0.808479,0.801635,0.79165,0.788372,0.788967,0.787887,0.791432,0.790934,0.792441,0.795776,0.794717,0.792936,0.79012,0.787714,0.782899,0.774328,0.766717,0.767751,0.768217,0.763436,0.759717,0.75406,0.753337,0.751665,0.750351,0.750393,0.748724,0.748764,0.748682,0.753047,0.754466,0.756739,0.756606,0.752616,0.75424,0.755859,0.758204,0.759764,0.762426,0.761487,0.765602,0.766766,0.767417,0.768619,0.765413,0.765411,0.76529,0.770087,0.776433,0.779096,0.78437,0.788652,0.789289,0.790362,0.791962,0.787097,0.787754,0.786224,0.785132,0.78563,0.785323,0.789304,0.789415,0.790572,0.793307,0.79391,0.794101,0.797009,0.798464,0.798767,0.805388,0.812671,0.819642,0.823701,0.828888,0.836472,0.841176,0.846117,0.849413,0.851999,0.857352,0.861575,0.860143,0.862228,0.867469,0.869935,0.870868,0.870186,0.868331,0.867102,0.867604,0.868046,0.869542,0.870396,0.872691,0.872407,0.875434,0.880477,0.88206,0.883159,0.885646,0.885682,0.890506,0.904481,0.915371,0.921534,0.926926,0.926876,0.933507,0.939583,0.944087,0.948662,0.954305,0.963531,0.968643,0.970508,0.973221,0.97332,0.967676,0.967949,0.963917,0.962649,0.969043,0.97062,0.9727,0.97584,0.979501,0.982701,0.987024,0.994628,1.000769,1.006958,1.010398,1.015908,1.014327,1.021772,1.023164,1.019084,1.027859,1.035437,1.035668,1.027737,1.021965,1.019097,1.010455,1.001808,0.999934,0.994543,0.987972,0.986687,0.976612,0.97501,0.972759,0.96325,0.953877,0.944394,0.943307,0.940389,0.934426,0.935213,0.934848,0.926165,0.928693,0.939448,0.937108,0.935839,0.935936,0.941148,0.944554,0.942243,0.94665,0.946182,0.954938,0.949543,0.946309,0.943024,0.935341,0.922252,0.920091,0.923085,0.916561,0.916768,0.916165,0.911915,0.904534,0.89956,0.884316,0.876254,0.87251,0.874362,0.880209,0.899054,0.899102,0.897631,0.895065,0.895357,0.887146,0.882248,0.879743,0.871287,0.873489,0.873053,0.871912,0.873453,0.873684,0.872281,0.859534,0.860765,0.878818,0.887592,0.885674,0.886477,0.88704,0.887969,0.889895,0.887534,0.888292,0.889729,0.891756,0.894939,0.89455,0.891719,0.892223,0.879953,0.874,0.893855,0.896794,0.903328,0.903566,0.904071,0.904181,0.904722,0.919433,0.92092,0.9245,0.927027,0.931727,0.934197,0.941105,0.94385,0.93684,0.940266,0.939552,0.962971,0.975834,0.981933,0.989523,0.985643,0.990586,1.013545,1.01917,1.024694,1.022929,1.025955,1.036352,1.040005,1.043658,1.04967,1.044803,1.045648,1.047443,1.047613,1.048158,1.048901,1.050666,1.051479,1.051753,1.059039,1.077003,1.073649,1.074272,1.071873,1.076377,1.08222,1.083047,1.084285,1.086389,1.090883,1.098433,1.09497,1.094374,1.091775,1.091456,1.072419,1.071834,1.076605,1.087361,1.091254,1.092482,1.09489,1.09555,1.0999,1.102693,1.097838,1.095989,1.103764,1.105282,1.105591,1.097943,1.097842,1.097106,1.088378,1.060978,1.061153,1.063044,1.072226,1.078505,1.072663,1.076155,1.082069,1.07978,1.080895,1.079098,1.075618,1.074036,1.071706,1.064779,1.068297,1.060832,1.054062,1.049569,1.051094,1.05103,1.046929,1.033306,1.034478,1.035849,1.032436,1.024331,1.015749,1.005548,1.006864,1.004591,0.996589,0.99652,0.988782,0.967484,0.954367,0.941548,0.934837,0.918336,0.909248,0.910488,0.907548,0.904913,0.899747,0.88992,0.87301,0.870081,0.861453,0.855484,0.860259,0.862351,0.860751,0.855786,0.849497,0.839542,0.823902,0.817119,0.81131,0.809438,0.809287,0.811,0.810234,0.810429,0.808479,0.801635,0.79165,0.788372,0.788967,0.787887,0.791432,0.790934,0.792441,0.795776,0.794717,0.792936,0.79012,0.787714,0.782899,0.774328,0.766717,0.767751,0.768217,0.763436,0.759717,0.75406,0.753337,0.751665,0.750351,0.750393,0.748724,0.748764,0.748682,0.753047,0.754466,0.756739,0.756606,0.752616,0.75424,0.755859,0.758204,0.759764,0.762426,0.761487,0.765602,0.766766,0.767417,0.768619,0.765413,0.765411,0.76529,0.770087,0.776433,0.779096,0.78437,0.788652,0.789289,0.790362,0.791962,0.787097,0.787754,0.786224,0.785132,0.78563,0.785323,0.789304,0.789415,0.790572,0.793307,0.79391,0.794101,0.797009,0.798464,0.798767,0.805388,0.812671,0.819642,0.823701,0.828888,0.836472,0.841176,0.846117,0.849413,0.851999,0.857352,0.861575,0.860143,0.862228,0.867469,0.869935,0.870868,0.870186,0.868331,0.867102,0.867604,0.868046,0.869542,0.870396,0.872691,0.872407,0.875434,0.880477,0.88206,0.883159,0.885646,0.885682,0.890506,0.904481,0.915371,0.921534,0.926926,0.926876,0.933507,0.939583,0.944087,0.948662,0.954305,0.963531,0.968643,0.970508,0.973221,0.97332,0.967676,0.967949,0.963917,0.962649,0.969043,0.97062,0.9727,0.97584,0.979501,0.982701,0.987024,0.994628,1.000769,1.006958,1.010398,1.015908,1.014327,1.021772,1.023164,1.019084,1.027859,1.035437,1.035668,1.027737,1.021965,1.019097,1.010455,1.001808,0.999934,0.994543,0.987972,0.986687,0.976612,0.97501,0.972759,0.96325,0.953877,0.944394,0.943307,0.940389,0.934426,0.935213,0.934848,0.926165,0.928693,0.939448,0.937108,0.935839,0.935936,0.941148,0.944554,0.942243,0.94665,0.946182,0.954938,0.949543,0.946309,0.943024,0.935341,0.922252,0.920091,0.923085,0.916561,0.916768,0.916165,0.911915,0.904534,0.89956,0.884316,0.876254,0.87251,0.874362,0.880209,0.899054,0.899102,0.897631,0.895065,0.895357,0.887146,0.882248,0.879743,0.871287,0.873489,0.873053,0.871912,0.873453,0.873684,0.872281,0.859534,0.860765,0.878818,0.887592,0.885674,0.886477,0.88704,0.887969,0.889895,0.887534,0.888292,0.889729,0.891756,0.894939,0.89455,0.891719,0.892223,0.879953,0.874,0.893855,0.896794,0.903328,0.903566,0.904071,0.904181,0.904722,0.919433,0.92092,0.9245,0.927027,0.931727,0.934197,0.941105,0.94385,0.93684,0.940266,0.939552,0.962971,0.975834,0.981933,0.989523,0.985643,0.990586,1.013545,1.01917,1.024694,1.022929,1.025955,1.036352,1.040005,1.043658,1.04967,1.044803,1.045648,1.047443,1.047613,1.048158,1.048901,1.050666,1.051479,1.051753,1.059039,1.077003,1.073649,1.074272,1.071873,1.076377,1.08222,1.083047,1.084285,1.086389,1.090883,1.098433,1.09497,1.094374,1.091775,1.091456,1.072419,1.071834,1.076605,1.087361,1.091254,1.092482,1.09489,1.09555,1.0999,1.102693,1.097838,1.095989,1.103764,1.105282,1.105591,1.097943,1.097842,1.097106,1.088378,1.060978,1.061153,1.063044,1.072226,1.078505,1.072663,1.076155,1.082069,1.07978,1.080895,1.079098,1.075618,1.074036,1.071706,1.064779,1.068297,1.060832,1.054062,1.049569,1.051094,1.05103,1.046929,1.033306,1.034478,1.035849,1.032436,1.024331,1.015749,1.005548,1.006864,1.004591,0.996589,0.99652,0.988782,0.967484,0.954367,0.941548,0.934837
CRW,GuineaBissau,0.834587,0.00829981,0.796959,0.791702,0.788087,0.786906,0.772323,0.759006,0.755462,0.752819,0.751391,0.754359,0.751216,0.749099,0.747451,0.743401,0.736515,0.730732,0.727281,0.727652,0.727899,0.72768,0.727589,0.725069,0.723908,0.725345,0.722265,0.720697,0.719055,0.715941,0.71714,0.715148,0.713276,0.714684,0.712898,0.710679,0.708743,0.707708,0.70714,0.705201,0.700997,0.696213,0.697632,0.698657,0.702664,0.709468,0.714338,0.717076,0.717023,0.716185,0.716047,0.718293,0.719256,0.723268,0.728182,0.729916,0.731301,0.733608,0.734918,0.733476,0.730075,0.730047,0.72962,0.731398,0.736629,0.739593,0.743961,0.748893,0.749852,0.751489,0.753808,0.757739,0.760872,0.764991,0.769493,0.774239,0.779752,0.789876,0.799526,0.804891,0.809022,0.806154,0.80496,0.807732,0.807048,0.809615,0.810374,0.81277,0.813655,0.814583,0.812534,0.808654,0.802036,0.791315,0.781191,0.780466,0.782659,0.780379,0.781459,0.784797,0.784693,0.784242,0.785603,0.790557,0.794373,0.795716,0.797899,0.801159,0.808099,0.81807,0.819516,0.821674,0.824916,0.823762,0.821229,0.824771,0.827869,0.827146,0.826368,0.825904,0.828303,0.832975,0.835248,0.841549,0.843578,0.84019,0.844985,0.851904,0.858212,0.866951,0.870595,0.867517,0.870579,0.869959,0.87197,0.8682,0.870182,0.872168,0.870742,0.87287,0.8794,0.876996,0.874065,0.870439,0.867326,0.866499,0.876976,0.885773,0.895591,0.905552,0.920861,0.919543,0.922368,0.929874,0.941721,0.951532,0.968597,0.974908,0.985272,0.9894,0.988221,0.983325,0.966207,0.949595,0.939009,0.929209,0.924977,0.92088,0.912343,0.898445,0.886083,0.869799,0.863425,0.852538,0.852674,0.855188,0.856277,0.859582,0.868401,0.868434,0.864703,0.873666,0.879614,0.886675,0.892208,0.902255,0.91147,0.922202,0.935813,0.938033,0.940565,0.949793,0.960499,0.96355,0.970697,0.977595,0.96457,0.96587,0.968146,0.967658,0.968688,0.961286,0.954243,0.951821,0.946137,0.943218,0.942129,0.939503,0.934213,0.925648,0.928078,0.917203,0.904819,0.893108,0.884351,0.878295,0.877465,0.872077,0.868768,0.86771,0.863281,0.861629,0.859362,0.857324,0.864438,0.869065,0.870374,0.873511,0.887417,0.887318,0.88679,0.885266,0.883774,0.882269,0.877938,0.874042,0.865335,0.863601,0.858402,0.850262,0.846136,0.841735,0.840787,0.831707,0.831397,0.828183,0.825597,0.826608,0.82606,0.827644,0.828722,0.82614,0.833665,0.833888,0.834712,0.836184,0.836339,0.837035,0.842097,0.843334,0.842406,0.842208,0.863688,0.867603,0.870947,0.870796,0.875595,0.877858,0.886918,0.894581,0.895613,0.905227,0.910484,0.918064,0.919408,0.930312,0.952251,0.94077,0.945806,0.952623,0.960263,0.967678,0.974863,0.972602,0.974799,0.976024,0.971361,0.971244,0.964367,0.969529,0.969931,0.9624,0.958189,0.959986,0.977407,0.977305,0.969472,0.964346,0.965965,0.978245,0.990397,0.995625,1.000109,1.002473,1.018141,1.018256,1.017525,1.025032,1.027737,1.011538,1.00856,1.015575,1.022344,1.029702,1.027824,1.020843,1.015904,1.012851,1.017629,0.999188,1.0018,1.00013,0.996569,0.99496,0.995592,0.995852,0.99505,0.990854,0.97834,0.969822,0.964585,0.96895,0.971925,0.96521,0.972442,0.978832,0.975172,0.973758,0.969345,0.966282,0.961658,0.955454,0.94578,0.943209,0.934701,0.931794,0.923604,0.911523,0.907525,0.894486,0.863089,0.864415,0.889934,0.883619,0.873928,0.869181,0.868514,0.871778,0.868443,0.862255,0.859221,0.854517,0.850211,0.843442,0.838538,0.834587,0.829981,0.796959,0.791702,0.788087,0.786906,0.772323,0.759006,0.755462,0.752819,0.751391,0.754359,0.751216,0.749099,0.747451,0.743401,0.736515,0.730732,0.727281,0.727652,0.727899,0.72768,0.727589,0.725069,0.723908,0.725345,0.722265,0.720697,0.719055,0.715941,0.71714,0.715148,0.713276,0.714684,0.712898,0.710679,0.708743,0.707708,0.70714,0.705201,0.700997,0.696213,0.697632,0.698657,0.702664,0.709468,0.714338,0.717076,0.717023,0.716185,0.716047,0.718293,0.719256,0.723268,0.728182,0.729916,0.731301,0.733608,0.734918,0.733476,0.730075,0.730047,0.72962,0.731398,0.736629,0.739593,0.743961,0.748893,0.749852,0.751489,0.753808,0.757739,0.760872,0.764991,0.769493,0.774239,0.779752,0.789876,0.799526,0.804891,0.809022,0.806154,0.80496,0.807732,0.807048,0.809615,0.810374,0.81277,0.813655,0.814583,0.812534,0.808654,0.802036,0.791315,0.781191,0.780466,0.782659,0.780379,0.781459,0.784797,0.784693,0.784242,0.785603,0.790557,0.794373,0.795716,0.797899,0.801159,0.808099,0.81807,0.819516,0.821674,0.824916,0.823762,0.821229,0.824771,0.827869,0.827146,0.826368,0.825904,0.828303,0.832975,0.835248,0.841549,0.843578,0.84019,0.844985,0.851904,0.858212,0.866951,0.870595,0.867517,0.870579,0.869959,0.87197,0.8682,0.870182,0.872168,0.870742,0.87287,0.8794,0.876996,0.874065,0.870439,0.867326,0.866499,0.876976,0.885773,0.895591,0.905552,0.920861,0.919543,0.922368,0.929874,0.941721,0.951532,0.968597,0.974908,0.985272,0.9894,0.988221,0.983325,0.966207,0.949595,0.939009,0.929209,0.924977,0.92088,0.912343,0.898445,0.886083,0.869799,0.863425,0.852538,0.852674,0.855188,0.856277,0.859582,0.868401,0.868434,0.864703,0.873666,0.879614,0.886675,0.892208,0.902255,0.91147,0.922202,0.935813,0.938033,0.940565,0.949793,0.960499,0.96355,0.970697,0.977595,0.96457,0.96587,0.968146,0.967658,0.968688,0.961286,0.954243,0.951821,0.946137,0.943218,0.942129,0.939503,0.934213,0.925648,0.928078,0.917203,0.904819,0.893108,0.884351,0.878295,0.877465,0.872077,0.868768,0.86771,0.863281,0.861629,0.859362,0.857324,0.864438,0.869065,0.870374,0.873511,0.887417,0.887318,0.88679,0.885266,0.883774,0.882269,0.877938,0.874042,0.865335,0.863601,0.858402,0.850262,0.846136,0.841735,0.840787,0.831707,0.831397,0.828183,0.825597,0.826608,0.82606,0.827644,0.828722,0.82614,0.833665,0.833888,0.834712,0.836184,0.836339,0.837035,0.842097,0.843334,0.842406,0.842208,0.863688,0.867603,0.870947,0.870796,0.875595,0.877858,0.886918,0.894581,0.895613,0.905227,0.910484,0.918064,0.919408,0.930312,0.952251,0.94077,0.945806,0.952623,0.960263,0.967678,0.974863,0.972602,0.974799,0.976024,0.971361,0.971244,0.964367,0.969529,0.969931,0.9624,0.958189,0.959986,0.977407,0.977305,0.969472,0.964346,0.965965,0.978245,0.990397,0.995625,1.000109,1.002473,1.018141,1.018256,1.017525,1.025032,1.027737,1.011538,1.00856,1.015575,1.022344,1.029702,1.027824,1.020843,1.015904,1.012851,1.017629,0.999188,1.0018,1.00013,0.996569,0.99496,0.995592,0.995852,0.99505,0.990854,0.97834,0.969822,0.964585,0.96895,0.971925,0.96521,0.972442,0.978832,0.975172,0.973758,0.969345,0.966282,0.961658,0.955454,0.94578,0.943209,0.934701,0.931794,0.923604,0.911523,0.907525,0.894486,0.863089,0.864415,0.889934,0.883619,0.873928,0.869181,0.868514,0.871778,0.868443,0.862255,0.859221,0.854517,0.850211,0.843442,0.838538
CRW,Guyana,0.894615,0.008926420000000001,0.894293,0.89803,0.897946,0.895851,0.886097,0.881658,0.876932,0.869435,0.86312,0.857583,0.850544,0.847612,0.838743,0.836958,0.835572,0.833586,0.83159,0.824278,0.819986,0.821426,0.821252,0.821515,0.819849,0.816215,0.82197,0.823883,0.822144,0.824442,0.825205,0.819944,0.828088,0.82715,0.828543,0.82811,0.828346,0.830964,0.828825,0.826662,0.824155,0.821514,0.823692,0.822498,0.826956,0.829002,0.833203,0.824642,0.828251,0.832669,0.836227,0.837037,0.836326,0.840085,0.844557,0.854662,0.86189,0.863963,0.871891,0.87451,0.878078,0.880682,0.884921,0.885766,0.886538,0.887198,0.885578,0.885902,0.888554,0.891673,0.888313,0.884293,0.882957,0.879861,0.877118,0.872795,0.868008,0.865597,0.868671,0.869014,0.86866,0.872477,0.875362,0.878121,0.885963,0.898585,0.894309,0.894496,0.894135,0.896741,0.89869,0.900739,0.897735,0.900023,0.906495,0.907998,0.905091,0.909689,0.90913,0.903947,0.894514,0.90316,0.906784,0.91072,0.914852,0.915158,0.916157,0.922396,0.921832,0.924832,0.930819,0.936272,0.943373,0.947212,0.954475,0.958135,0.960471,0.967562,0.970257,0.970593,0.978295,0.985596,0.98901,0.992486,0.994559,1.001069,1.007951,0.993073,1.003026,1.010058,1.013702,1.01899,1.02022,1.029243,1.032543,1.035508,1.038244,1.046991,1.059557,1.064728,1.0712,1.081673,1.09113,1.089261,1.084225,1.081552,1.084413,1.087491,1.100707,1.106163,1.112477,1.112916,1.11118,1.109646,1.101363,1.100861,1.091082,1.096848,1.102488,1.117792,1.121493,1.122417,1.119698,1.107393,1.095213,1.091373,1.088203,1.084192,1.080627,1.085178,1.081739,1.086374,1.087621,1.088772,1.071194,1.073888,1.075195,1.085132,1.095232,1.098617,1.103767,1.099517,1.102651,1.095109,1.088118,1.080913,1.070744,1.063814,1.055975,1.04873,1.041698,1.037187,1.034721,1.029202,1.031886,1.022831,1.032286,1.031597,1.038181,1.033684,1.034467,1.028906,1.024599,1.024325,1.023026,1.016681,1.011859,1.004655,0.991315,0.988181,0.97477,0.962413,0.963493,0.953948,0.948125,0.9423,0.936392,0.927296,0.921358,0.918702,0.915183,0.90518,0.899426,0.901059,0.895583,0.896759,0.894007,0.880333,0.88062,0.881347,0.881018,0.885775,0.892634,0.894318,0.889348,0.88838,0.884655,0.882318,0.877778,0.875589,0.871939,0.875596,0.882785,0.883887,0.88411,0.88725,0.883339,0.883756,0.88633,0.889274,0.890467,0.893548,0.895623,0.903278,0.901333,0.903593,0.90543,0.901134,0.894868,0.889842,0.884387,0.883931,0.877849,0.87714,0.872923,0.871086,0.871021,0.870601,0.862856,0.864467,0.864726,0.862828,0.86258,0.870147,0.876419,0.877843,0.876595,0.877184,0.872491,0.878887,0.875297,0.878042,0.87761,0.881594,0.881814,0.878132,0.875434,0.870264,0.868771,0.867534,0.869224,0.875683,0.87859,0.881738,0.879695,0.888715,0.890405,0.897621,0.901323,0.900771,0.907845,0.909495,0.919384,0.918103,0.920274,0.917902,0.912944,0.910112,0.90803,0.904724,0.900081,0.893861,0.890331,0.887326,0.887749,0.881293,0.878544,0.87199,0.870464,0.864011,0.864781,0.863699,0.869793,0.874713,0.876692,0.876197,0.878251,0.878187,0.877822,0.885355,0.890243,0.895733,0.898977,0.895342,0.902837,0.905622,0.910212,0.910058,0.904964,0.91013,0.913557,0.91591,0.915706,0.914139,0.908023,0.908566,0.903267,0.897546,0.899287,0.894571,0.892105,0.891532,0.888468,0.882804,0.878713,0.87773,0.882376,0.88195,0.885171,0.889184,0.891487,0.892647,0.895739,0.896375,0.896647,0.894615,0.892642,0.894293,0.89803,0.897946,0.895851,0.886097,0.881658,0.876932,0.869435,0.86312,0.857583,0.850544,0.847612,0.838743,0.836958,0.835572,0.833586,0.83159,0.824278,0.819986,0.821426,0.821252,0.821515,0.819849,0.816215,0.82197,0.823883,0.822144,0.824442,0.825205,0.819944,0.828088,0.82715,0.828543,0.82811,0.828346,0.830964,0.828825,0.826662,0.824155,0.821514,0.823692,0.822498,0.826956,0.829002,0.833203,0.824642,0.828251,0.832669,0.836227,0.837037,0.836326,0.840085,0.844557,0.854662,0.86189,0.863963,0.871891,0.87451,0.878078,0.880682,0.884921,0.885766,0.886538,0.887198,0.885578,0.885902,0.888554,0.891673,0.888313,0.884293,0.882957,0.879861,0.877118,0.872795,0.868008,0.865597,0.868671,0.869014,0.86866,0.872477,0.875362,0.878121,0.885963,0.898585,0.894309,0.894496,0.894135,0.896741,0.89869,0.900739,0.897735,0.900023,0.906495,0.907998,0.905091,0.909689,0.90913,0.903947,0.894514,0.90316,0.906784,0.91072,0.914852,0.915158,0.916157,0.922396,0.921832,0.924832,0.930819,0.936272,0.943373,0.947212,0.954475,0.958135,0.960471,0.967562,0.970257,0.970593,0.978295,0.985596,0.98901,0.992486,0.994559,1.001069,1.007951,0.993073,1.003026,1.010058,1.013702,1.01899,1.02022,1.029243,1.032543,1.035508,1.038244,1.046991,1.059557,1.064728,1.0712,1.081673,1.09113,1.089261,1.084225,1.081552,1.084413,1.087491,1.100707,1.106163,1.112477,1.112916,1.11118,1.109646,1.101363,1.100861,1.091082,1.096848,1.102488,1.117792,1.121493,1.122417,1.119698,1.107393,1.095213,1.091373,1.088203,1.084192,1.080627,1.085178,1.081739,1.086374,1.087621,1.088772,1.071194,1.073888,1.075195,1.085132,1.095232,1.098617,1.103767,1.099517,1.102651,1.095109,1.088118,1.080913,1.070744,1.063814,1.055975,1.04873,1.041698,1.037187,1.034721,1.029202,1.031886,1.022831,1.032286,1.031597,1.038181,1.033684,1.034467,1.028906,1.024599,1.024325,1.023026,1.016681,1.011859,1.004655,0.991315,0.988181,0.97477,0.962413,0.963493,0.953948,0.948125,0.9423,0.936392,0.927296,0.921358,0.918702,0.915183,0.90518,0.899426,0.901059,0.895583,0.896759,0.894007,0.880333,0.88062,0.881347,0.881018,0.885775,0.892634,0.894318,0.889348,0.88838,0.884655,0.882318,0.877778,0.875589,0.871939,0.875596,0.882785,0.883887,0.88411,0.88725,0.883339,0.883756,0.88633,0.889274,0.890467,0.893548,0.895623,0.903278,0.901333,0.903593,0.90543,0.901134,0.894868,0.889842,0.884387,0.883931,0.877849,0.87714,0.872923,0.871086,0.871021,0.870601,0.862856,0.864467,0.864726,0.862828,0.86258,0.870147,0.876419,0.877843,0.876595,0.877184,0.872491,0.878887,0.875297,0.878042,0.87761,0.881594,0.881814,0.878132,0.875434,0.870264,0.868771,0.867534,0.869224,0.875683,0.87859,0.881738,0.879695,0.888715,0.890405,0.897621,0.901323,0.900771,0.907845,0.909495,0.919384,0.918103,0.920274,0.917902,0.912944,0.910112,0.90803,0.904724,0.900081,0.893861,0.890331,0.887326,0.887749,0.881293,0.878544,0.87199,0.870464,0.864011,0.864781,0.863699,0.869793,0.874713,0.876692,0.876197,0.878251,0.878187,0.877822,0.885355,0.890243,0.895733,0.898977,0.895342,0.902837,0.905622,0.910212,0.910058,0.904964,0.91013,0.913557,0.91591,0.915706,0.914139,0.908023,0.908566,0.903267,0.897546,0.899287,0.894571,0.892105,0.891532,0.888468,0.882804,0.878713,0.87773,0.882376,0.88195,0.885171,0.889184,0.891487,0.892647,0.895739,0.896375,0.896647
CRW,Haiti,0.970435,0.00963776,0.965006,0.962027,0.960782,0.955104,0.953642,0.950299,0.945475,0.939843,0.934135,0.929982,0.926917,0.922367,0.921609,0.921734,0.91964,0.912189,0.909166,0.901631,0.904367,0.903709,0.902069,0.903653,0.904008,0.904811,0.90067,0.899206,0.894997,0.893242,0.88769,0.883057,0.881007,0.878496,0.877325,0.87399,0.870205,0.86624,0.862015,0.858947,0.855949,0.857614,0.857858,0.86077,0.856041,0.858523,0.860823,0.862199,0.861613,0.86228,0.86061,0.860798,0.861136,0.862591,0.864317,0.863781,0.863955,0.859531,0.854637,0.853302,0.851457,0.849281,0.845332,0.843732,0.840964,0.839848,0.838462,0.836623,0.835849,0.835953,0.841789,0.839722,0.838829,0.837569,0.835511,0.832035,0.830442,0.828226,0.828381,0.829455,0.833689,0.833225,0.831907,0.824759,0.813548,0.78286,0.781034,0.783874,0.785253,0.786229,0.787945,0.79592,0.79796,0.798575,0.796795,0.794801,0.792229,0.790076,0.790193,0.789993,0.788944,0.790566,0.789533,0.790025,0.793868,0.798793,0.796237,0.797576,0.799258,0.800904,0.800187,0.804006,0.804917,0.805002,0.808225,0.809266,0.810328,0.811866,0.813308,0.81008,0.804929,0.805089,0.805547,0.80854,0.809984,0.81417,0.815693,0.821872,0.829322,0.830863,0.833337,0.838162,0.843191,0.847722,0.853137,0.85877,0.866696,0.874132,0.879473,0.885697,0.891004,0.895158,0.900147,0.89887,0.902207,0.906803,0.913173,0.916468,0.918373,0.923715,0.930174,0.930697,0.928657,0.929904,0.931688,0.932334,0.933346,0.932757,0.93745,0.937876,0.940271,0.937649,0.953582,0.966663,0.971622,0.974431,0.978937,0.98797,0.999675,1.007597,1.017572,1.025453,1.02971,1.03726,1.048107,1.052787,1.058226,1.043896,1.034549,1.035517,1.035983,1.041899,1.046251,1.049705,1.049051,1.043398,1.04313,1.044019,1.04417,1.049973,1.054347,1.059533,1.056121,1.056161,1.050448,1.043799,1.028548,1.024974,1.004694,1.006255,0.997496,0.992393,0.99576,0.98765,0.98392,0.978131,0.982226,0.985407,0.998549,1.002035,1.012619,1.005017,1.002264,1.00342,0.997731,1.000122,0.994875,0.989307,0.989785,0.995346,0.995022,0.999249,0.996544,0.98924,0.995866,0.989478,0.995399,0.99538,0.988575,0.985878,0.981357,0.984613,0.978541,0.977601,0.967645,0.958888,0.944994,0.943347,0.937517,0.92827,0.927047,0.923439,0.921014,0.920888,0.921152,0.920446,0.908907,0.91293,0.920019,0.919917,0.923053,0.91957,0.910385,0.910717,0.91161,0.912137,0.906251,0.913535,0.914775,0.91576,0.93445,0.948289,0.969463,0.969999,0.976088,0.986037,0.997845,1.017865,1.024645,1.023095,1.032486,1.040798,1.041994,1.053555,1.06177,1.064747,1.065193,1.056004,1.066029,1.068385,1.067163,1.07713,1.080823,1.088869,1.098293,1.098267,1.101544,1.098735,1.092123,1.0841,1.086053,1.089848,1.096914,1.081557,1.078177,1.075566,1.062229,1.052525,1.039711,1.04565,1.050138,1.052292,1.056612,1.065815,1.071162,1.068127,1.059308,1.054697,1.060966,1.067929,1.071442,1.077493,1.074812,1.083418,1.076766,1.073417,1.071756,1.0692,1.061727,1.057522,1.061567,1.070432,1.080449,1.084273,1.081339,1.079817,1.077576,1.077267,1.077459,1.096958,1.102961,1.1035,1.103757,1.102032,1.102878,1.098333,1.097252,1.091303,1.086643,1.082023,1.080102,1.084306,1.088021,1.080472,1.067822,1.055399,1.053082,1.04531,1.044231,1.042365,1.039122,1.037337,1.033033,1.028005,1.02546,1.022288,1.012013,1.001998,0.999779,0.99894,0.995214,0.986616,0.985265,0.980677,0.976247,0.970435,0.963776,0.965006,0.962027,0.960782,0.955104,0.953642,0.950299,0.945475,0.939843,0.934135,0.929982,0.926917,0.922367,0.921609,0.921734,0.91964,0.912189,0.909166,0.901631,0.904367,0.903709,0.902069,0.903653,0.904008,0.904811,0.90067,0.899206,0.894997,0.893242,0.88769,0.883057,0.881007,0.878496,0.877325,0.87399,0.870205,0.86624,0.862015,0.858947,0.855949,0.857614,0.857858,0.86077,0.856041,0.858523,0.860823,0.862199,0.861613,0.86228,0.86061,0.860798,0.861136,0.862591,0.864317,0.863781,0.863955,0.859531,0.854637,0.853302,0.851457,0.849281,0.845332,0.843732,0.840964,0.839848,0.838462,0.836623,0.835849,0.835953,0.841789,0.839722,0.838829,0.837569,0.835511,0.832035,0.830442,0.828226,0.828381,0.829455,0.833689,0.833225,0.831907,0.824759,0.813548,0.78286,0.781034,0.783874,0.785253,0.786229,0.787945,0.79592,0.79796,0.798575,0.796795,0.794801,0.792229,0.790076,0.790193,0.789993,0.788944,0.790566,0.789533,0.790025,0.793868,0.798793,0.796237,0.797576,0.799258,0.800904,0.800187,0.804006,0.804917,0.805002,0.808225,0.809266,0.810328,0.811866,0.813308,0.81008,0.804929,0.805089,0.805547,0.80854,0.809984,0.81417,0.815693,0.821872,0.829322,0.830863,0.833337,0.838162,0.843191,0.847722,0.853137,0.85877,0.866696,0.874132,0.879473,0.885697,0.891004,0.895158,0.900147,0.89887,0.902207,0.906803,0.913173,0.916468,0.918373,0.923715,0.930174,0.930697,0.928657,0.929904,0.931688,0.932334,0.933346,0.932757,0.93745,0.937876,0.940271,0.937649,0.953582,0.966663,0.971622,0.974431,0.978937,0.98797,0.999675,1.007597,1.017572,1.025453,1.02971,1.03726,1.048107,1.052787,1.058226,1.043896,1.034549,1.035517,1.035983,1.041899,1.046251,1.049705,1.049051,1.043398,1.04313,1.044019,1.04417,1.049973,1.054347,1.059533,1.056121,1.056161,1.050448,1.043799,1.028548,1.024974,1.004694,1.006255,0.997496,0.992393,0.99576,0.98765,0.98392,0.978131,0.982226,0.985407,0.998549,1.002035,1.012619,1.005017,1.002264,1.00342,0.997731,1.000122,0.994875,0.989307,0.989785,0.995346,0.995022,0.999249,0.996544,0.98924,0.995866,0.989478,0.995399,0.99538,0.988575,0.985878,0.981357,0.984613,0.978541,0.977601,0.967645,0.958888,0.944994,0.943347,0.937517,0.92827,0.927047,0.923439,0.921014,0.920888,0.921152,0.920446,0.908907,0.91293,0.920019,0.919917,0.923053,0.91957,0.910385,0.910717,0.91161,0.912137,0.906251,0.913535,0.914775,0.91576,0.93445,0.948289,0.969463,0.969999,0.976088,0.986037,0.997845,1.017865,1.024645,1.023095,1.032486,1.040798,1.041994,1.053555,1.06177,1.064747,1.065193,1.056004,1.066029,1.068385,1.067163,1.07713,1.080823,1.088869,1.098293,1.098267,1.101544,1.098735,1.092123,1.0841,1.086053,1.089848,1.096914,1.081557,1.078177,1.075566,1.062229,1.052525,1.039711,1.04565,1.050138,1.052292,1.056612,1.065815,1.071162,1.068127,1.059308,1.054697,1.060966,1.067929,1.071442,1.077493,1.074812,1.083418,1.076766,1.073417,1.071756,1.0692,1.061727,1.057522,1.061567,1.070432,1.080449,1.084273,1.081339,1.079817,1.077576,1.077267,1.077459,1.096958,1.102961,1.1035,1.103757,1.102032,1.102878,1.098333,1.097252,1.091303,1.086643,1.082023,1.080102,1.084306,1.088021,1.080472,1.067822,1.055399,1.053082,1.04531,1.044231,1.042365,1.039122,1.037337,1.033033,1.028005,1.02546,1.022288,1.012013,1.001998,0.999779,0.99894,0.995214,0.986616,0.985265,0.980677,0.976247
CRW,Honduras,0.966175,0.00960951,0.95528,0.952321,0.951512,0.944504,0.941103,0.936335,0.934045,0.935937,0.934247,0.932497,0.930103,0.92507,0.922783,0.920885,0.917686,0.914736,0.91003,0.904422,0.900044,0.892742,0.889706,0.888471,0.883424,0.879815,0.875868,0.873264,0.870568,0.86841,0.867353,0.866187,0.866199,0.866254,0.863071,0.86419,0.864236,0.862535,0.861516,0.854883,0.8488,0.851916,0.853055,0.851261,0.850845,0.850151,0.849611,0.845711,0.841645,0.840485,0.840193,0.83945,0.839008,0.837228,0.835895,0.834343,0.834392,0.838664,0.842923,0.843827,0.843747,0.842935,0.842706,0.843423,0.844921,0.844925,0.845092,0.845967,0.846203,0.847057,0.848704,0.844054,0.835358,0.828232,0.828604,0.83243,0.831609,0.831351,0.836666,0.83611,0.835153,0.834155,0.829405,0.825359,0.824923,0.818898,0.82176,0.825226,0.827169,0.826923,0.826212,0.831798,0.834089,0.83078,0.831121,0.832962,0.834321,0.837241,0.840493,0.840211,0.840756,0.839392,0.838315,0.84628,0.84975,0.852124,0.848399,0.849116,0.851974,0.855505,0.860305,0.863121,0.865265,0.865167,0.869511,0.874677,0.880398,0.883463,0.877375,0.877911,0.878835,0.88174,0.886441,0.897834,0.904707,0.903287,0.905802,0.910728,0.932298,0.941362,0.948057,0.950869,0.955084,0.957549,0.962873,0.970007,0.980254,0.989907,0.995601,1.00158,1.009575,1.014807,1.017739,1.007789,1.003743,1.00106,1.006524,1.008622,1.010494,1.013218,1.017284,1.016458,1.00712,0.99799,0.994775,0.991494,0.99603,0.9984,1.00801,1.015625,1.017332,1.017814,1.031049,1.042668,1.051686,1.06419,1.075568,1.092617,1.099126,1.107287,1.130239,1.152933,1.154947,1.145524,1.136315,1.137972,1.154699,1.145739,1.145224,1.128144,1.117929,1.125461,1.133111,1.134631,1.123935,1.108883,1.087797,1.090651,1.097242,1.104416,1.106469,1.097055,1.097038,1.090284,1.091358,1.080555,1.063445,1.043723,1.035985,1.030219,1.03069,1.033946,1.02478,1.015754,1.010213,1.005313,1.003881,1.004616,1.012554,1.018538,1.020757,1.022294,1.020935,1.023985,1.035739,1.039803,1.033126,1.035045,1.04023,1.038456,1.04255,1.043762,1.043564,1.039528,1.037,1.0313,1.026575,1.022918,1.011916,0.996347,0.989648,0.990279,0.986928,0.986155,0.99155,0.988503,0.985526,0.982885,0.98061,0.980498,0.984198,0.98561,0.991565,0.995519,1.001992,1.006851,1.009996,1.010068,1.007376,1.004318,1.011298,1.016874,1.016161,1.015985,1.017363,1.011463,1.003036,0.998319,1.000603,1.007564,1.01068,1.016369,1.021273,1.021919,1.019787,1.017556,1.020035,1.023007,1.027976,1.030164,1.038579,1.048056,1.049139,1.043673,1.039415,1.045399,1.048466,1.045949,1.046849,1.053622,1.055336,1.052091,1.055156,1.055639,1.057257,1.057649,1.055006,1.05657,1.058205,1.056157,1.058525,1.058262,1.063885,1.062245,1.062814,1.06199,1.065477,1.059796,1.058983,1.061528,1.055148,1.056681,1.056867,1.062276,1.065106,1.061631,1.062601,1.059636,1.059516,1.056988,1.064533,1.05989,1.060675,1.059504,1.053211,1.059634,1.062016,1.059384,1.056128,1.06439,1.071351,1.07652,1.083888,1.097522,1.106982,1.102647,1.102638,1.11021,1.110813,1.121538,1.116736,1.117582,1.11114,1.1079,1.109438,1.103279,1.100053,1.094834,1.094358,1.088228,1.091111,1.090771,1.086106,1.0821,1.071363,1.070534,1.06432,1.068011,1.066593,1.064081,1.062176,1.058697,1.055973,1.044653,1.038082,1.028866,1.023719,1.018627,1.012164,1.004959,0.998684,0.993614,0.985557,0.982427,0.975936,0.966175,0.960951,0.95528,0.952321,0.951512,0.944504,0.941103,0.936335,0.934045,0.935937,0.934247,0.932497,0.930103,0.92507,0.922783,0.920885,0.917686,0.914736,0.91003,0.904422,0.900044,0.892742,0.889706,0.888471,0.883424,0.879815,0.875868,0.873264,0.870568,0.86841,0.867353,0.866187,0.866199,0.866254,0.863071,0.86419,0.864236,0.862535,0.861516,0.854883,0.8488,0.851916,0.853055,0.851261,0.850845,0.850151,0.849611,0.845711,0.841645,0.840485,0.840193,0.83945,0.839008,0.837228,0.835895,0.834343,0.834392,0.838664,0.842923,0.843827,0.843747,0.842935,0.842706,0.843423,0.844921,0.844925,0.845092,0.845967,0.846203,0.847057,0.848704,0.844054,0.835358,0.828232,0.828604,0.83243,0.831609,0.831351,0.836666,0.83611,0.835153,0.834155,0.829405,0.825359,0.824923,0.818898,0.82176,0.825226,0.827169,0.826923,0.826212,0.831798,0.834089,0.83078,0.831121,0.832962,0.834321,0.837241,0.840493,0.840211,0.840756,0.839392,0.838315,0.84628,0.84975,0.852124,0.848399,0.849116,0.851974,0.855505,0.860305,0.863121,0.865265,0.865167,0.869511,0.874677,0.880398,0.883463,0.877375,0.877911,0.878835,0.88174,0.886441,0.897834,0.904707,0.903287,0.905802,0.910728,0.932298,0.941362,0.948057,0.950869,0.955084,0.957549,0.962873,0.970007,0.980254,0.989907,0.995601,1.00158,1.009575,1.014807,1.017739,1.007789,1.003743,1.00106,1.006524,1.008622,1.010494,1.013218,1.017284,1.016458,1.00712,0.99799,0.994775,0.991494,0.99603,0.9984,1.00801,1.015625,1.017332,1.017814,1.031049,1.042668,1.051686,1.06419,1.075568,1.092617,1.099126,1.107287,1.130239,1.152933,1.154947,1.145524,1.136315,1.137972,1.154699,1.145739,1.145224,1.128144,1.117929,1.125461,1.133111,1.134631,1.123935,1.108883,1.087797,1.090651,1.097242,1.104416,1.106469,1.097055,1.097038,1.090284,1.091358,1.080555,1.063445,1.043723,1.035985,1.030219,1.03069,1.033946,1.02478,1.015754,1.010213,1.005313,1.003881,1.004616,1.012554,1.018538,1.020757,1.022294,1.020935,1.023985,1.035739,1.039803,1.033126,1.035045,1.04023,1.038456,1.04255,1.043762,1.043564,1.039528,1.037,1.0313,1.026575,1.022918,1.011916,0.996347,0.989648,0.990279,0.986928,0.986155,0.99155,0.988503,0.985526,0.982885,0.98061,0.980498,0.984198,0.98561,0.991565,0.995519,1.001992,1.006851,1.009996,1.010068,1.007376,1.004318,1.011298,1.016874,1.016161,1.015985,1.017363,1.011463,1.003036,0.998319,1.000603,1.007564,1.01068,1.016369,1.021273,1.021919,1.019787,1.017556,1.020035,1.023007,1.027976,1.030164,1.038579,1.048056,1.049139,1.043673,1.039415,1.045399,1.048466,1.045949,1.046849,1.053622,1.055336,1.052091,1.055156,1.055639,1.057257,1.057649,1.055006,1.05657,1.058205,1.056157,1.058525,1.058262,1.063885,1.062245,1.062814,1.06199,1.065477,1.059796,1.058983,1.061528,1.055148,1.056681,1.056867,1.062276,1.065106,1.061631,1.062601,1.059636,1.059516,1.056988,1.064533,1.05989,1.060675,1.059504,1.053211,1.059634,1.062016,1.059384,1.056128,1.06439,1.071351,1.07652,1.083888,1.097522,1.106982,1.102647,1.102638,1.11021,1.110813,1.121538,1.116736,1.117582,1.11114,1.1079,1.109438,1.103279,1.100053,1.094834,1.094358,1.088228,1.091111,1.090771,1.086106,1.0821,1.071363,1.070534,1.06432,1.068011,1.066593,1.064081,1.062176,1.058697,1.055973,1.044653,1.038082,1.028866,1.023719,1.018627,1.012164,1.004959,0.998684,0.993614,0.985557,0.982427,0.975936
CRW,Hungary,0.895808,0.008973680000000001,0.897182,0.888983,0.89069,0.889215,0.890478,0.900089,0.903527,0.910173,0.915127,0.922593,0.926084,0.941813,0.946318,0.94688,0.945945,0.948299,0.953816,0.957362,0.960391,0.965095,0.964239,0.96478,0.961525,0.961678,0.963242,0.965054,0.962296,0.965797,0.97183,0.976436,0.980188,0.978201,0.97254,0.972284,0.972314,0.975763,0.975728,0.984128,0.987691,1.005085,1.009966,1.013639,1.016721,1.018483,1.022521,1.021942,1.023038,1.031921,1.037403,1.039894,1.044356,1.045941,1.039389,1.037561,1.022627,1.020237,1.017559,1.013995,1.016853,1.01416,1.021659,1.022566,1.017315,1.016194,1.018417,1.01916,1.025968,1.032828,1.037799,1.040942,1.045388,1.047274,1.049397,1.050631,1.051267,1.03386,1.034359,1.032021,1.031972,1.031977,1.02649,1.020423,1.015326,1.01189,1.01047,1.008812,1.007919,1.006999,1.003213,1.004502,1.00595,1.00682,1.006414,1.00396,1.000331,1.000103,1.022038,1.023146,1.022701,1.021859,1.017116,1.016839,1.015664,1.021211,1.019878,1.019826,1.018371,1.019353,1.01914,1.019884,1.020451,1.012978,1.013987,1.012572,1.011234,1.012905,1.010927,1.011487,0.999455,0.996276,0.99371,0.990633,0.98632,0.987377,0.982826,0.979753,0.977585,0.978147,0.974744,0.97241,0.978988,0.976099,0.969865,0.964896,0.965283,0.960229,0.957692,0.953723,0.948958,0.94485,0.939542,0.934535,0.929415,0.931477,0.933874,0.92388,0.920667,0.917856,0.914835,0.899302,0.901629,0.906094,0.911607,0.915387,0.919015,0.921025,0.919698,0.918192,0.915224,0.914205,0.91212,0.912239,0.913215,0.914464,0.917104,0.913867,0.905129,0.897883,0.891588,0.883142,0.879645,0.879006,0.87693,0.876479,0.874395,0.874094,0.873716,0.872741,0.87124,0.867928,0.866527,0.865081,0.869459,0.875296,0.877122,0.876433,0.877756,0.87818,0.874814,0.8748,0.872164,0.869647,0.866517,0.863982,0.865917,0.868302,0.869062,0.86621,0.865007,0.865579,0.865514,0.867739,0.873981,0.872266,0.870746,0.869133,0.868768,0.868142,0.864119,0.859482,0.857621,0.856851,0.854039,0.853113,0.850913,0.847614,0.843233,0.83557,0.835221,0.83694,0.838671,0.839307,0.839726,0.839026,0.834564,0.83212,0.830501,0.830968,0.83273,0.832823,0.833872,0.832834,0.827386,0.823541,0.820181,0.816633,0.812296,0.809364,0.8085,0.80724,0.799654,0.795956,0.802971,0.802559,0.80393,0.796683,0.79285,0.798041,0.808511,0.811968,0.814402,0.80663,0.805577,0.809062,0.809306,0.80967,0.811455,0.806034,0.809236,0.817774,0.826549,0.823684,0.830585,0.831212,0.831204,0.831836,0.83247,0.832405,0.832038,0.83225,0.832769,0.830683,0.830237,0.830204,0.829507,0.828512,0.835799,0.832953,0.835317,0.83531,0.830151,0.820499,0.8143,0.816327,0.820999,0.824766,0.823215,0.81874,0.818384,0.815943,0.813707,0.796869,0.78499,0.785836,0.809932,0.819747,0.826727,0.831759,0.829476,0.822245,0.813249,0.812014,0.822852,0.821457,0.82159,0.827488,0.82963,0.836064,0.824673,0.793195,0.783264,0.773128,0.764586,0.758235,0.776812,0.791,0.795629,0.794446,0.805313,0.818479,0.842426,0.844098,0.844113,0.845737,0.848198,0.846521,0.848658,0.848407,0.847375,0.848835,0.851837,0.856825,0.859373,0.86236,0.860871,0.84163,0.841101,0.844071,0.842931,0.843342,0.843836,0.845159,0.846578,0.847689,0.849378,0.848261,0.850656,0.851396,0.853116,0.856547,0.860177,0.870208,0.872252,0.87954,0.882122,0.885213,0.888778,0.890552,0.894463,0.892578,0.894874,0.895162,0.895854,0.895808,0.897368,0.897182,0.888983,0.89069,0.889215,0.890478,0.900089,0.903527,0.910173,0.915127,0.922593,0.926084,0.941813,0.946318,0.94688,0.945945,0.948299,0.953816,0.957362,0.960391,0.965095,0.964239,0.96478,0.961525,0.961678,0.963242,0.965054,0.962296,0.965797,0.97183,0.976436,0.980188,0.978201,0.97254,0.972284,0.972314,0.975763,0.975728,0.984128,0.987691,1.005085,1.009966,1.013639,1.016721,1.018483,1.022521,1.021942,1.023038,1.031921,1.037403,1.039894,1.044356,1.045941,1.039389,1.037561,1.022627,1.020237,1.017559,1.013995,1.016853,1.01416,1.021659,1.022566,1.017315,1.016194,1.018417,1.01916,1.025968,1.032828,1.037799,1.040942,1.045388,1.047274,1.049397,1.050631,1.051267,1.03386,1.034359,1.032021,1.031972,1.031977,1.02649,1.020423,1.015326,1.01189,1.01047,1.008812,1.007919,1.006999,1.003213,1.004502,1.00595,1.00682,1.006414,1.00396,1.000331,1.000103,1.022038,1.023146,1.022701,1.021859,1.017116,1.016839,1.015664,1.021211,1.019878,1.019826,1.018371,1.019353,1.01914,1.019884,1.020451,1.012978,1.013987,1.012572,1.011234,1.012905,1.010927,1.011487,0.999455,0.996276,0.99371,0.990633,0.98632,0.987377,0.982826,0.979753,0.977585,0.978147,0.974744,0.97241,0.978988,0.976099,0.969865,0.964896,0.965283,0.960229,0.957692,0.953723,0.948958,0.94485,0.939542,0.934535,0.929415,0.931477,0.933874,0.92388,0.920667,0.917856,0.914835,0.899302,0.901629,0.906094,0.911607,0.915387,0.919015,0.921025,0.919698,0.918192,0.915224,0.914205,0.91212,0.912239,0.913215,0.914464,0.917104,0.913867,0.905129,0.897883,0.891588,0.883142,0.879645,0.879006,0.87693,0.876479,0.874395,0.874094,0.873716,0.872741,0.87124,0.867928,0.866527,0.865081,0.869459,0.875296,0.877122,0.876433,0.877756,0.87818,0.874814,0.8748,0.872164,0.869647,0.866517,0.863982,0.865917,0.868302,0.869062,0.86621,0.865007,0.865579,0.865514,0.867739,0.873981,0.872266,0.870746,0.869133,0.868768,0.868142,0.864119,0.859482,0.857621,0.856851,0.854039,0.853113,0.850913,0.847614,0.843233,0.83557,0.835221,0.83694,0.838671,0.839307,0.839726,0.839026,0.834564,0.83212,0.830501,0.830968,0.83273,0.832823,0.833872,0.832834,0.827386,0.823541,0.820181,0.816633,0.812296,0.809364,0.8085,0.80724,0.799654,0.795956,0.802971,0.802559,0.80393,0.796683,0.79285,0.798041,0.808511,0.811968,0.814402,0.80663,0.805577,0.809062,0.809306,0.80967,0.811455,0.806034,0.809236,0.817774,0.826549,0.823684,0.830585,0.831212,0.831204,0.831836,0.83247,0.832405,0.832038,0.83225,0.832769,0.830683,0.830237,0.830204,0.829507,0.828512,0.835799,0.832953,0.835317,0.83531,0.830151,0.820499,0.8143,0.816327,0.820999,0.824766,0.823215,0.81874,0.818384,0.815943,0.813707,0.796869,0.78499,0.785836,0.809932,0.819747,0.826727,0.831759,0.829476,0.822245,0.813249,0.812014,0.822852,0.821457,0.82159,0.827488,0.82963,0.836064,0.824673,0.793195,0.783264,0.773128,0.764586,0.758235,0.776812,0.791,0.795629,0.794446,0.805313,0.818479,0.842426,0.844098,0.844113,0.845737,0.848198,0.846521,0.848658,0.848407,0.847375,0.848835,0.851837,0.856825,0.859373,0.86236,0.860871,0.84163,0.841101,0.844071,0.842931,0.843342,0.843836,0.845159,0.846578,0.847689,0.849378,0.848261,0.850656,0.851396,0.853116,0.856547,0.860177,0.870208,0.872252,0.87954,0.882122,0.885213,0.888778,0.890552,0.894463,0.892578,0.894874,0.895162,0.895854
CRW,Iceland,1.0062,0.01019744,1.030183,1.035288,1.040708,1.048546,1.057684,1.063711,1.067077,1.070768,1.07212,1.071144,1.073329,1.072835,1.066783,1.065728,1.063067,1.056385,1.054554,1.060488,1.066524,1.06443,1.06185,1.062407,1.076731,1.079558,1.083684,1.086936,1.084488,1.082143,1.08898,1.089739,1.087439,1.084504,1.080893,1.076231,1.081835,1.08666,1.087258,1.078521,1.079085,1.081939,1.079945,1.078979,1.08103,1.075951,1.073327,1.075821,1.08258,1.089105,1.097422,1.091008,1.086786,1.087563,1.08423,1.084443,1.085882,1.086995,1.089541,1.091895,1.090309,1.088263,1.089364,1.086497,1.08138,1.063195,1.092987,1.097007,1.094859,1.09997,1.110892,1.107793,1.10534,1.106925,1.114147,1.114932,1.112255,1.104533,1.102562,1.101092,1.096548,1.091639,1.086861,1.086192,1.07587,1.062168,1.05924,1.059537,1.056231,1.055236,1.061641,1.067295,1.079045,1.083326,1.08118,1.081119,1.07674,1.073926,1.071484,1.072113,1.072995,1.073508,1.07252,1.068152,1.052546,1.042566,1.040032,1.03164,1.023244,1.019976,1.008087,1.009368,1.012168,1.016382,1.019375,1.024863,1.020979,1.0146,1.013576,1.014795,1.0115,0.99799,0.992077,0.989364,0.991344,1.001816,0.999265,0.999936,0.999864,1.000747,0.994126,0.995863,1.001227,1.000915,0.997735,0.998085,1.003589,1.004327,1.004743,1.002406,0.992547,0.990837,0.989936,0.996044,0.993014,0.995742,0.996873,0.997495,1.000608,1.008942,1.019526,1.026933,1.032744,1.037957,1.034996,1.034906,1.036932,1.037448,1.040912,1.040361,1.036714,1.03826,1.040203,1.041953,1.037268,1.026955,1.018816,1.012576,0.998698,0.996808,0.994575,0.989869,0.984977,0.977722,0.974184,0.971294,0.960153,0.955517,0.945543,0.941222,0.949321,0.952152,0.947927,0.943758,0.940636,0.934139,0.928653,0.925588,0.922196,0.92069,0.916362,0.91198,0.906786,0.905924,0.910439,0.905621,0.899346,0.899957,0.899514,0.903451,0.908108,0.907742,0.910535,0.918699,0.919358,0.921397,0.923952,0.919384,0.91173,0.908002,0.90565,0.905818,0.903469,0.899101,0.896304,0.891438,0.886063,0.882022,0.876319,0.878659,0.87768,0.874862,0.877576,0.879317,0.881059,0.881336,0.878461,0.878294,0.881353,0.883499,0.884557,0.884087,0.883209,0.882166,0.877612,0.876501,0.875752,0.871472,0.869519,0.867714,0.867161,0.863394,0.859776,0.855514,0.852232,0.851603,0.852463,0.851874,0.84994,0.853131,0.850924,0.849039,0.852346,0.854295,0.854638,0.854022,0.857992,0.859233,0.859703,0.858112,0.856923,0.853872,0.850495,0.850256,0.846479,0.852938,0.852606,0.85455,0.852958,0.850177,0.848523,0.844716,0.841737,0.840396,0.839449,0.837927,0.837767,0.841586,0.84291,0.843949,0.840855,0.842053,0.839796,0.837855,0.839225,0.839571,0.84017,0.83993,0.839399,0.842685,0.844983,0.84711,0.845716,0.848011,0.868698,0.872347,0.873519,0.875955,0.878631,0.880727,0.883723,0.887563,0.892365,0.8953,0.894987,0.896064,0.899554,0.904026,0.905166,0.898116,0.899365,0.903909,0.904952,0.909218,0.912695,0.914575,0.916039,0.918644,0.922296,0.925276,0.931555,0.9308,0.927545,0.926388,0.922309,0.928729,0.935528,0.94596,0.949533,0.951246,0.953912,0.961006,0.965953,0.97099,0.97075,0.968409,0.968267,0.969009,0.968318,0.971024,0.969345,0.965918,0.962586,0.960393,0.960685,0.962704,0.960402,0.953622,0.948521,0.951588,0.951012,0.950483,0.952381,0.962386,0.968837,0.971864,0.972919,0.97515,0.977769,0.979035,0.981185,0.980325,0.980943,0.986756,0.99743,1.0062,1.019744,1.030183,1.035288,1.040708,1.048546,1.057684,1.063711,1.067077,1.070768,1.07212,1.071144,1.073329,1.072835,1.066783,1.065728,1.063067,1.056385,1.054554,1.060488,1.066524,1.06443,1.06185,1.062407,1.076731,1.079558,1.083684,1.086936,1.084488,1.082143,1.08898,1.089739,1.087439,1.084504,1.080893,1.076231,1.081835,1.08666,1.087258,1.078521,1.079085,1.081939,1.079945,1.078979,1.08103,1.075951,1.073327,1.075821,1.08258,1.089105,1.097422,1.091008,1.086786,1.087563,1.08423,1.084443,1.085882,1.086995,1.089541,1.091895,1.090309,1.088263,1.089364,1.086497,1.08138,1.063195,1.092987,1.097007,1.094859,1.09997,1.110892,1.107793,1.10534,1.106925,1.114147,1.114932,1.112255,1.104533,1.102562,1.101092,1.096548,1.091639,1.086861,1.086192,1.07587,1.062168,1.05924,1.059537,1.056231,1.055236,1.061641,1.067295,1.079045,1.083326,1.08118,1.081119,1.07674,1.073926,1.071484,1.072113,1.072995,1.073508,1.07252,1.068152,1.052546,1.042566,1.040032,1.03164,1.023244,1.019976,1.008087,1.009368,1.012168,1.016382,1.019375,1.024863,1.020979,1.0146,1.013576,1.014795,1.0115,0.99799,0.992077,0.989364,0.991344,1.001816,0.999265,0.999936,0.999864,1.000747,0.994126,0.995863,1.001227,1.000915,0.997735,0.998085,1.003589,1.004327,1.004743,1.002406,0.992547,0.990837,0.989936,0.996044,0.993014,0.995742,0.996873,0.997495,1.000608,1.008942,1.019526,1.026933,1.032744,1.037957,1.034996,1.034906,1.036932,1.037448,1.040912,1.040361,1.036714,1.03826,1.040203,1.041953,1.037268,1.026955,1.018816,1.012576,0.998698,0.996808,0.994575,0.989869,0.984977,0.977722,0.974184,0.971294,0.960153,0.955517,0.945543,0.941222,0.949321,0.952152,0.947927,0.943758,0.940636,0.934139,0.928653,0.925588,0.922196,0.92069,0.916362,0.91198,0.906786,0.905924,0.910439,0.905621,0.899346,0.899957,0.899514,0.903451,0.908108,0.907742,0.910535,0.918699,0.919358,0.921397,0.923952,0.919384,0.91173,0.908002,0.90565,0.905818,0.903469,0.899101,0.896304,0.891438,0.886063,0.882022,0.876319,0.878659,0.87768,0.874862,0.877576,0.879317,0.881059,0.881336,0.878461,0.878294,0.881353,0.883499,0.884557,0.884087,0.883209,0.882166,0.877612,0.876501,0.875752,0.871472,0.869519,0.867714,0.867161,0.863394,0.859776,0.855514,0.852232,0.851603,0.852463,0.851874,0.84994,0.853131,0.850924,0.849039,0.852346,0.854295,0.854638,0.854022,0.857992,0.859233,0.859703,0.858112,0.856923,0.853872,0.850495,0.850256,0.846479,0.852938,0.852606,0.85455,0.852958,0.850177,0.848523,0.844716,0.841737,0.840396,0.839449,0.837927,0.837767,0.841586,0.84291,0.843949,0.840855,0.842053,0.839796,0.837855,0.839225,0.839571,0.84017,0.83993,0.839399,0.842685,0.844983,0.84711,0.845716,0.848011,0.868698,0.872347,0.873519,0.875955,0.878631,0.880727,0.883723,0.887563,0.892365,0.8953,0.894987,0.896064,0.899554,0.904026,0.905166,0.898116,0.899365,0.903909,0.904952,0.909218,0.912695,0.914575,0.916039,0.918644,0.922296,0.925276,0.931555,0.9308,0.927545,0.926388,0.922309,0.928729,0.935528,0.94596,0.949533,0.951246,0.953912,0.961006,0.965953,0.97099,0.97075,0.968409,0.968267,0.969009,0.968318,0.971024,0.969345,0.965918,0.962586,0.960393,0.960685,0.962704,0.960402,0.953622,0.948521,0.951588,0.951012,0.950483,0.952381,0.962386,0.968837,0.971864,0.972919,0.97515,0.977769,0.979035,0.981185,0.980325,0.980943,0.986756,0.99743
CRW,India,0.851828,0.008538750000000001,0.859108,0.863971,0.867239,0.867456,0.867825,0.870076,0.873438,0.873203,0.870927,0.868844,0.867172,0.862011,0.856618,0.850118,0.8488,0.846757,0.847273,0.845677,0.848201,0.848325,0.848809,0.84788,0.849371,0.851097,0.853176,0.853967,0.856625,0.862713,0.86826,0.870765,0.8693,0.86454,0.862679,0.862307,0.865392,0.86775,0.868311,0.871532,0.879886,0.8843,0.889134,0.893525,0.89665,0.900023,0.900067,0.900432,0.900972,0.901104,0.900451,0.900544,0.90226,0.902698,0.900136,0.894102,0.893051,0.892721,0.89219,0.893025,0.893453,0.892414,0.892723,0.892888,0.89241,0.892755,0.891841,0.888062,0.888437,0.89063,0.893401,0.894306,0.893654,0.893299,0.890393,0.88873,0.888299,0.88701,0.886546,0.886074,0.885321,0.884649,0.882436,0.879995,0.876444,0.872208,0.873913,0.87436,0.874302,0.875019,0.87532,0.874491,0.873883,0.872115,0.871889,0.870765,0.868997,0.867629,0.867167,0.869338,0.871234,0.86811,0.868336,0.869573,0.870468,0.871786,0.873649,0.874675,0.875664,0.876021,0.878255,0.880654,0.883547,0.884414,0.884427,0.883547,0.883742,0.883601,0.883212,0.883261,0.883035,0.882676,0.886211,0.887084,0.888156,0.887986,0.886272,0.880276,0.874991,0.872943,0.881855,0.881611,0.881748,0.881642,0.882647,0.887763,0.898311,0.902372,0.904816,0.908266,0.911564,0.915521,0.920624,0.923465,0.927353,0.924125,0.925007,0.92453,0.923289,0.919268,0.912082,0.89948,0.891166,0.885632,0.880087,0.87555,0.868543,0.866769,0.863562,0.856806,0.851593,0.845957,0.84063,0.837523,0.83373,0.829713,0.822725,0.816494,0.810609,0.807147,0.802811,0.799438,0.791145,0.785163,0.780315,0.774478,0.771237,0.778095,0.787368,0.79322,0.797831,0.80188,0.805917,0.80844,0.809043,0.808262,0.807038,0.804924,0.803234,0.80237,0.804413,0.805033,0.800485,0.790411,0.792214,0.792197,0.788354,0.783046,0.782618,0.782825,0.781594,0.781696,0.783895,0.784997,0.784991,0.784232,0.78252,0.779348,0.769563,0.760808,0.757314,0.755206,0.750842,0.747361,0.746076,0.746033,0.742107,0.737344,0.732898,0.725354,0.719368,0.714127,0.708558,0.70649,0.705095,0.704529,0.700821,0.697525,0.694177,0.688704,0.683847,0.68352,0.683743,0.686424,0.690658,0.69728,0.702753,0.707769,0.713009,0.717777,0.723613,0.731939,0.740479,0.74927,0.759182,0.769549,0.778564,0.784548,0.788963,0.796443,0.800761,0.803629,0.807931,0.809413,0.813315,0.815056,0.818764,0.82459,0.829519,0.833144,0.839158,0.846434,0.855281,0.861853,0.867146,0.873324,0.880101,0.886462,0.891877,0.894988,0.901621,0.905059,0.906118,0.907236,0.90808,0.911674,0.916578,0.925842,0.936471,0.94388,0.95035,0.957031,0.962045,0.969193,0.976369,0.982266,0.990055,0.99643,0.999443,1.007203,1.011813,1.014568,1.009152,1.002635,0.99787,0.99444,0.99477,0.993717,0.991431,0.991168,0.987688,0.980981,0.976946,0.975849,0.972137,0.965889,0.958688,0.956885,0.960165,0.963422,0.961706,0.955286,0.95154,0.948856,0.945166,0.942533,0.943154,0.946374,0.949859,0.952223,0.956188,0.958975,0.958617,0.953787,0.950898,0.952079,0.956449,0.959747,0.962221,0.962205,0.959767,0.959382,0.959155,0.954792,0.949887,0.944519,0.940206,0.937628,0.939068,0.940096,0.939215,0.935234,0.93325,0.93176,0.929248,0.928064,0.923916,0.915735,0.910837,0.90742,0.902675,0.897546,0.891783,0.884336,0.877495,0.870793,0.863482,0.854769,0.847162,0.842806,0.841121,0.840465,0.841724,0.84543,0.848231,0.851828,0.853875,0.859108,0.863971,0.867239,0.867456,0.867825,0.870076,0.873438,0.873203,0.870927,0.868844,0.867172,0.862011,0.856618,0.850118,0.8488,0.846757,0.847273,0.845677,0.848201,0.848325,0.848809,0.84788,0.849371,0.851097,0.853176,0.853967,0.856625,0.862713,0.86826,0.870765,0.8693,0.86454,0.862679,0.862307,0.865392,0.86775,0.868311,0.871532,0.879886,0.8843,0.889134,0.893525,0.89665,0.900023,0.900067,0.900432,0.900972,0.901104,0.900451,0.900544,0.90226,0.902698,0.900136,0.894102,0.893051,0.892721,0.89219,0.893025,0.893453,0.892414,0.892723,0.892888,0.89241,0.892755,0.891841,0.888062,0.888437,0.89063,0.893401,0.894306,0.893654,0.893299,0.890393,0.88873,0.888299,0.88701,0.886546,0.886074,0.885321,0.884649,0.882436,0.879995,0.876444,0.872208,0.873913,0.87436,0.874302,0.875019,0.87532,0.874491,0.873883,0.872115,0.871889,0.870765,0.868997,0.867629,0.867167,0.869338,0.871234,0.86811,0.868336,0.869573,0.870468,0.871786,0.873649,0.874675,0.875664,0.876021,0.878255,0.880654,0.883547,0.884414,0.884427,0.883547,0.883742,0.883601,0.883212,0.883261,0.883035,0.882676,0.886211,0.887084,0.888156,0.887986,0.886272,0.880276,0.874991,0.872943,0.881855,0.881611,0.881748,0.881642,0.882647,0.887763,0.898311,0.902372,0.904816,0.908266,0.911564,0.915521,0.920624,0.923465,0.927353,0.924125,0.925007,0.92453,0.923289,0.919268,0.912082,0.89948,0.891166,0.885632,0.880087,0.87555,0.868543,0.866769,0.863562,0.856806,0.851593,0.845957,0.84063,0.837523,0.83373,0.829713,0.822725,0.816494,0.810609,0.807147,0.802811,0.799438,0.791145,0.785163,0.780315,0.774478,0.771237,0.778095,0.787368,0.79322,0.797831,0.80188,0.805917,0.80844,0.809043,0.808262,0.807038,0.804924,0.803234,0.80237,0.804413,0.805033,0.800485,0.790411,0.792214,0.792197,0.788354,0.783046,0.782618,0.782825,0.781594,0.781696,0.783895,0.784997,0.784991,0.784232,0.78252,0.779348,0.769563,0.760808,0.757314,0.755206,0.750842,0.747361,0.746076,0.746033,0.742107,0.737344,0.732898,0.725354,0.719368,0.714127,0.708558,0.70649,0.705095,0.704529,0.700821,0.697525,0.694177,0.688704,0.683847,0.68352,0.683743,0.686424,0.690658,0.69728,0.702753,0.707769,0.713009,0.717777,0.723613,0.731939,0.740479,0.74927,0.759182,0.769549,0.778564,0.784548,0.788963,0.796443,0.800761,0.803629,0.807931,0.809413,0.813315,0.815056,0.818764,0.82459,0.829519,0.833144,0.839158,0.846434,0.855281,0.861853,0.867146,0.873324,0.880101,0.886462,0.891877,0.894988,0.901621,0.905059,0.906118,0.907236,0.90808,0.911674,0.916578,0.925842,0.936471,0.94388,0.95035,0.957031,0.962045,0.969193,0.976369,0.982266,0.990055,0.99643,0.999443,1.007203,1.011813,1.014568,1.009152,1.002635,0.99787,0.99444,0.99477,0.993717,0.991431,0.991168,0.987688,0.980981,0.976946,0.975849,0.972137,0.965889,0.958688,0.956885,0.960165,0.963422,0.961706,0.955286,0.95154,0.948856,0.945166,0.942533,0.943154,0.946374,0.949859,0.952223,0.956188,0.958975,0.958617,0.953787,0.950898,0.952079,0.956449,0.959747,0.962221,0.962205,0.959767,0.959382,0.959155,0.954792,0.949887,0.944519,0.940206,0.937628,0.939068,0.940096,0.939215,0.935234,0.93325,0.93176,0.929248,0.928064,0.923916,0.915735,0.910837,0.90742,0.902675,0.897546,0.891783,0.884336,0.877495,0.870793,0.863482,0.854769,0.847162,0.842806,0.841121,0.840465,0.841724,0.84543,0.848231
CRW,Indonesia,1.003557,0.0099396,0.988291,0.985141,0.987084,0.992267,1.001244,1.002837,1.003143,1.003514,1.009109,1.015124,1.017471,1.018542,1.021896,1.019626,1.024649,1.026357,1.027536,1.026486,1.022723,1.01526,1.012236,1.014359,1.010238,0.99757,0.988314,0.98475,0.977545,0.96937,0.966282,0.966011,0.963241,0.959045,0.951103,0.953142,0.95571,0.953247,0.949727,0.95398,0.958099,0.958589,0.959492,0.961926,0.962957,0.965575,0.966239,0.969413,0.970569,0.972434,0.970127,0.965979,0.967794,0.96532,0.964417,0.963478,0.966314,0.966217,0.964418,0.959852,0.959243,0.954117,0.949271,0.949754,0.952519,0.959353,0.964382,0.968151,0.969794,0.974928,0.976936,0.993427,0.997171,1.000387,1.010033,1.01554,1.023578,1.029215,1.033907,1.03679,1.04413,1.047515,1.047685,1.049226,1.04663,1.046251,1.034453,1.034583,1.040012,1.039235,1.038462,1.045035,1.046005,1.048527,1.05406,1.047773,1.049575,1.051372,1.05337,1.05343,1.057052,1.058951,1.06574,1.068331,1.075018,1.075799,1.074341,1.080381,1.085457,1.084383,1.089062,1.08601,1.084668,1.088546,1.094323,1.098348,1.092393,1.092269,1.096426,1.096955,1.104614,1.112292,1.113432,1.111073,1.112925,1.110484,1.121146,1.127706,1.125726,1.12324,1.121038,1.130444,1.132507,1.128922,1.136462,1.145103,1.139597,1.137615,1.140512,1.136764,1.13184,1.120756,1.11928,1.120386,1.11618,1.114995,1.111461,1.109498,1.110813,1.103226,1.095089,1.09172,1.094282,1.088647,1.088811,1.09356,1.09698,1.091865,1.092436,1.090838,1.096789,1.098764,1.088737,1.081306,1.07035,1.055743,1.050461,1.033259,1.022605,1.012771,0.998603,0.984362,0.972628,0.960504,0.953096,0.937231,0.923979,0.921966,0.913692,0.904914,0.902102,0.895203,0.892966,0.886826,0.879562,0.875526,0.870643,0.869247,0.865703,0.86235,0.860546,0.860311,0.854293,0.853846,0.852694,0.849312,0.846408,0.843738,0.839922,0.838939,0.841468,0.839485,0.83652,0.833102,0.828991,0.821915,0.818679,0.813938,0.81003,0.804966,0.80231,0.798853,0.794772,0.791885,0.78615,0.781053,0.776379,0.773071,0.771277,0.768488,0.764117,0.760542,0.760615,0.759623,0.758714,0.754616,0.754572,0.755359,0.755442,0.757644,0.760496,0.759884,0.758468,0.7566,0.756146,0.758763,0.759389,0.75839,0.760318,0.761939,0.76367,0.764732,0.765249,0.766535,0.764992,0.763324,0.765209,0.766898,0.767507,0.76826,0.762553,0.762857,0.764558,0.764781,0.765714,0.770167,0.77608,0.777875,0.778553,0.781165,0.784979,0.785507,0.789596,0.79039,0.793492,0.798233,0.800174,0.800628,0.800071,0.800602,0.800369,0.795728,0.799385,0.799007,0.800308,0.80017,0.803855,0.804955,0.809617,0.810273,0.810959,0.812166,0.81394,0.818145,0.820457,0.821677,0.82917,0.830979,0.834951,0.838532,0.840904,0.841963,0.842711,0.842789,0.844108,0.843956,0.84591,0.850038,0.853748,0.858227,0.864556,0.865743,0.866029,0.868786,0.872095,0.874081,0.880206,0.88742,0.89379,0.901568,0.91143,0.916419,0.922281,0.925427,0.928427,0.929039,0.934844,0.941508,0.947992,0.954194,0.959148,0.964443,0.966131,0.970629,0.976323,0.980745,0.989827,1.000632,1.009435,1.024952,1.070166,1.070765,1.070804,1.071089,1.070178,1.073942,1.075301,1.081373,1.087352,1.090396,1.088988,1.084814,1.081111,1.078134,1.066032,1.030322,1.029068,1.030022,1.034923,1.037206,1.035959,1.036942,1.037378,1.03444,1.030159,1.02654,1.023724,1.019069,1.017831,1.015793,1.013085,1.011522,1.009172,1.006306,1.003029,1.003557,0.99396,0.988291,0.985141,0.987084,0.992267,1.001244,1.002837,1.003143,1.003514,1.009109,1.015124,1.017471,1.018542,1.021896,1.019626,1.024649,1.026357,1.027536,1.026486,1.022723,1.01526,1.012236,1.014359,1.010238,0.99757,0.988314,0.98475,0.977545,0.96937,0.966282,0.966011,0.963241,0.959045,0.951103,0.953142,0.95571,0.953247,0.949727,0.95398,0.958099,0.958589,0.959492,0.961926,0.962957,0.965575,0.966239,0.969413,0.970569,0.972434,0.970127,0.965979,0.967794,0.96532,0.964417,0.963478,0.966314,0.966217,0.964418,0.959852,0.959243,0.954117,0.949271,0.949754,0.952519,0.959353,0.964382,0.968151,0.969794,0.974928,0.976936,0.993427,0.997171,1.000387,1.010033,1.01554,1.023578,1.029215,1.033907,1.03679,1.04413,1.047515,1.047685,1.049226,1.04663,1.046251,1.034453,1.034583,1.040012,1.039235,1.038462,1.045035,1.046005,1.048527,1.05406,1.047773,1.049575,1.051372,1.05337,1.05343,1.057052,1.058951,1.06574,1.068331,1.075018,1.075799,1.074341,1.080381,1.085457,1.084383,1.089062,1.08601,1.084668,1.088546,1.094323,1.098348,1.092393,1.092269,1.096426,1.096955,1.104614,1.112292,1.113432,1.111073,1.112925,1.110484,1.121146,1.127706,1.125726,1.12324,1.121038,1.130444,1.132507,1.128922,1.136462,1.145103,1.139597,1.137615,1.140512,1.136764,1.13184,1.120756,1.11928,1.120386,1.11618,1.114995,1.111461,1.109498,1.110813,1.103226,1.095089,1.09172,1.094282,1.088647,1.088811,1.09356,1.09698,1.091865,1.092436,1.090838,1.096789,1.098764,1.088737,1.081306,1.07035,1.055743,1.050461,1.033259,1.022605,1.012771,0.998603,0.984362,0.972628,0.960504,0.953096,0.937231,0.923979,0.921966,0.913692,0.904914,0.902102,0.895203,0.892966,0.886826,0.879562,0.875526,0.870643,0.869247,0.865703,0.86235,0.860546,0.860311,0.854293,0.853846,0.852694,0.849312,0.846408,0.843738,0.839922,0.838939,0.841468,0.839485,0.83652,0.833102,0.828991,0.821915,0.818679,0.813938,0.81003,0.804966,0.80231,0.798853,0.794772,0.791885,0.78615,0.781053,0.776379,0.773071,0.771277,0.768488,0.764117,0.760542,0.760615,0.759623,0.758714,0.754616,0.754572,0.755359,0.755442,0.757644,0.760496,0.759884,0.758468,0.7566,0.756146,0.758763,0.759389,0.75839,0.760318,0.761939,0.76367,0.764732,0.765249,0.766535,0.764992,0.763324,0.765209,0.766898,0.767507,0.76826,0.762553,0.762857,0.764558,0.764781,0.765714,0.770167,0.77608,0.777875,0.778553,0.781165,0.784979,0.785507,0.789596,0.79039,0.793492,0.798233,0.800174,0.800628,0.800071,0.800602,0.800369,0.795728,0.799385,0.799007,0.800308,0.80017,0.803855,0.804955,0.809617,0.810273,0.810959,0.812166,0.81394,0.818145,0.820457,0.821677,0.82917,0.830979,0.834951,0.838532,0.840904,0.841963,0.842711,0.842789,0.844108,0.843956,0.84591,0.850038,0.853748,0.858227,0.864556,0.865743,0.866029,0.868786,0.872095,0.874081,0.880206,0.88742,0.89379,0.901568,0.91143,0.916419,0.922281,0.925427,0.928427,0.929039,0.934844,0.941508,0.947992,0.954194,0.959148,0.964443,0.966131,0.970629,0.976323,0.980745,0.989827,1.000632,1.009435,1.024952,1.070166,1.070765,1.070804,1.071089,1.070178,1.073942,1.075301,1.081373,1.087352,1.090396,1.088988,1.084814,1.081111,1.078134,1.066032,1.030322,1.029068,1.030022,1.034923,1.037206,1.035959,1.036942,1.037378,1.03444,1.030159,1.02654,1.023724,1.019069,1.017831,1.015793,1.013085,1.011522,1.009172,1.006306,1.003029
CRW,Iran,0.89059,0.0089479,0.899041,0.905983,0.908992,0.911451,0.911206,0.910923,0.911544,0.91383,0.914397,0.916292,0.918,0.919496,0.921346,0.924236,0.925896,0.927195,0.925554,0.926316,0.928857,0.930827,0.933977,0.937345,0.9416,0.962535,0.968923,0.977448,0.983651,0.986646,0.989786,0.993272,0.99761,1.003106,1.005982,1.010288,1.013589,1.016166,1.015535,1.01536,1.004112,1.00013,0.999444,0.994751,0.996911,0.997145,1.001617,1.005324,1.005329,1.006034,1.00415,1.002669,1.002851,1.007962,1.01152,1.016367,1.023091,1.023052,1.027138,1.027768,1.030091,1.028566,1.025139,1.02249,1.021628,1.021573,1.020911,1.024977,1.024065,1.023405,1.02033,1.016223,1.016337,1.015578,1.020501,1.035508,1.037151,1.037958,1.041816,1.041431,1.04048,1.05473,1.059502,1.06339,1.063692,1.065652,1.067381,1.066931,1.066884,1.065405,1.063414,1.066717,1.073125,1.076421,1.077756,1.080245,1.072538,1.066188,1.061555,1.056785,1.058263,1.056499,1.057789,1.058107,1.05491,1.044348,1.03881,1.028469,1.020321,1.022182,1.0197,1.01866,1.026131,1.027967,1.029989,1.031226,1.031315,1.026605,1.024876,1.022809,1.019117,1.022308,1.019273,1.011792,1.002144,0.997053,1.005726,1.004322,0.997831,0.989693,0.976108,0.968462,0.970345,0.969946,0.967503,0.966773,0.960588,0.957247,0.956434,0.961951,0.964687,0.956454,0.94061,0.939636,0.940226,0.940872,0.939611,0.925496,0.930605,0.931282,0.932243,0.934405,0.939601,0.945953,0.939749,0.935213,0.932907,0.930252,0.926834,0.928986,0.930218,0.932863,0.936096,0.932674,0.932719,0.932316,0.930357,0.928607,0.923408,0.923951,0.924759,0.925888,0.926807,0.92733,0.924196,0.926454,0.92837,0.923304,0.926397,0.927586,0.931123,0.930839,0.930277,0.933392,0.935876,0.938971,0.941366,0.942746,0.944662,0.945461,0.942517,0.94009,0.940503,0.937176,0.936064,0.934658,0.935469,0.936839,0.93058,0.929385,0.936208,0.934922,0.936311,0.939464,0.943963,0.944069,0.940277,0.941068,0.940236,0.934868,0.934546,0.934259,0.936215,0.936063,0.935488,0.93111,0.931616,0.931669,0.929669,0.925625,0.930814,0.936745,0.940026,0.942785,0.943915,0.939931,0.931363,0.914161,0.900865,0.893617,0.892099,0.898329,0.90299,0.905167,0.898756,0.886495,0.877301,0.869179,0.862624,0.859885,0.859996,0.864306,0.864664,0.871064,0.873562,0.871684,0.863144,0.852974,0.84879,0.847096,0.842593,0.837305,0.840312,0.845675,0.848237,0.844302,0.836639,0.835842,0.830231,0.827975,0.82581,0.826706,0.827761,0.821507,0.822791,0.82797,0.829725,0.823652,0.812716,0.803527,0.798905,0.795719,0.792938,0.792207,0.79139,0.793807,0.791781,0.790688,0.795525,0.793823,0.793142,0.793016,0.789602,0.785825,0.787643,0.790546,0.792878,0.787543,0.786505,0.789274,0.789568,0.794449,0.798915,0.797418,0.801267,0.806382,0.81258,0.820404,0.8259,0.826353,0.826782,0.827562,0.83519,0.838523,0.837151,0.834978,0.830568,0.826061,0.827071,0.826643,0.821124,0.816488,0.818215,0.823261,0.827908,0.832973,0.835288,0.83903,0.839429,0.839363,0.839787,0.843856,0.855897,0.866523,0.873831,0.885582,0.897938,0.905031,0.910273,0.911675,0.907897,0.903095,0.894464,0.888816,0.882425,0.884721,0.885994,0.872917,0.86229,0.852392,0.839597,0.82675,0.818483,0.814361,0.81523,0.819122,0.829599,0.840794,0.856252,0.872122,0.870535,0.870528,0.871187,0.871262,0.871141,0.87098,0.876825,0.879383,0.881033,0.881346,0.882512,0.882797,0.883581,0.88615,0.88864,0.89059,0.89479,0.899041,0.905983,0.908992,0.911451,0.911206,0.910923,0.911544,0.91383,0.914397,0.916292,0.918,0.919496,0.921346,0.924236,0.925896,0.927195,0.925554,0.926316,0.928857,0.930827,0.933977,0.937345,0.9416,0.962535,0.968923,0.977448,0.983651,0.986646,0.989786,0.993272,0.99761,1.003106,1.005982,1.010288,1.013589,1.016166,1.015535,1.01536,1.004112,1.00013,0.999444,0.994751,0.996911,0.997145,1.001617,1.005324,1.005329,1.006034,1.00415,1.002669,1.002851,1.007962,1.01152,1.016367,1.023091,1.023052,1.027138,1.027768,1.030091,1.028566,1.025139,1.02249,1.021628,1.021573,1.020911,1.024977,1.024065,1.023405,1.02033,1.016223,1.016337,1.015578,1.020501,1.035508,1.037151,1.037958,1.041816,1.041431,1.04048,1.05473,1.059502,1.06339,1.063692,1.065652,1.067381,1.066931,1.066884,1.065405,1.063414,1.066717,1.073125,1.076421,1.077756,1.080245,1.072538,1.066188,1.061555,1.056785,1.058263,1.056499,1.057789,1.058107,1.05491,1.044348,1.03881,1.028469,1.020321,1.022182,1.0197,1.01866,1.026131,1.027967,1.029989,1.031226,1.031315,1.026605,1.024876,1.022809,1.019117,1.022308,1.019273,1.011792,1.002144,0.997053,1.005726,1.004322,0.997831,0.989693,0.976108,0.968462,0.970345,0.969946,0.967503,0.966773,0.960588,0.957247,0.956434,0.961951,0.964687,0.956454,0.94061,0.939636,0.940226,0.940872,0.939611,0.925496,0.930605,0.931282,0.932243,0.934405,0.939601,0.945953,0.939749,0.935213,0.932907,0.930252,0.926834,0.928986,0.930218,0.932863,0.936096,0.932674,0.932719,0.932316,0.930357,0.928607,0.923408,0.923951,0.924759,0.925888,0.926807,0.92733,0.924196,0.926454,0.92837,0.923304,0.926397,0.927586,0.931123,0.930839,0.930277,0.933392,0.935876,0.938971,0.941366,0.942746,0.944662,0.945461,0.942517,0.94009,0.940503,0.937176,0.936064,0.934658,0.935469,0.936839,0.93058,0.929385,0.936208,0.934922,0.936311,0.939464,0.943963,0.944069,0.940277,0.941068,0.940236,0.934868,0.934546,0.934259,0.936215,0.936063,0.935488,0.93111,0.931616,0.931669,0.929669,0.925625,0.930814,0.936745,0.940026,0.942785,0.943915,0.939931,0.931363,0.914161,0.900865,0.893617,0.892099,0.898329,0.90299,0.905167,0.898756,0.886495,0.877301,0.869179,0.862624,0.859885,0.859996,0.864306,0.864664,0.871064,0.873562,0.871684,0.863144,0.852974,0.84879,0.847096,0.842593,0.837305,0.840312,0.845675,0.848237,0.844302,0.836639,0.835842,0.830231,0.827975,0.82581,0.826706,0.827761,0.821507,0.822791,0.82797,0.829725,0.823652,0.812716,0.803527,0.798905,0.795719,0.792938,0.792207,0.79139,0.793807,0.791781,0.790688,0.795525,0.793823,0.793142,0.793016,0.789602,0.785825,0.787643,0.790546,0.792878,0.787543,0.786505,0.789274,0.789568,0.794449,0.798915,0.797418,0.801267,0.806382,0.81258,0.820404,0.8259,0.826353,0.826782,0.827562,0.83519,0.838523,0.837151,0.834978,0.830568,0.826061,0.827071,0.826643,0.821124,0.816488,0.818215,0.823261,0.827908,0.832973,0.835288,0.83903,0.839429,0.839363,0.839787,0.843856,0.855897,0.866523,0.873831,0.885582,0.897938,0.905031,0.910273,0.911675,0.907897,0.903095,0.894464,0.888816,0.882425,0.884721,0.885994,0.872917,0.86229,0.852392,0.839597,0.82675,0.818483,0.814361,0.81523,0.819122,0.829599,0.840794,0.856252,0.872122,0.870535,0.870528,0.871187,0.871262,0.871141,0.87098,0.876825,0.879383,0.881033,0.881346,0.882512,0.882797,0.883581,0.88615,0.88864
CRW,Iran,0.884851,0.00891302,0.896222,0.907065,0.911069,0.914243,0.914772,0.915372,0.915192,0.918629,0.919907,0.921336,0.923545,0.925643,0.927465,0.931722,0.933664,0.935721,0.932257,0.931374,0.933382,0.93256,0.93095,0.935017,0.937344,0.969574,0.975493,0.980785,0.984213,0.986912,0.990167,0.991683,0.995101,1.000077,1.003086,1.007852,1.012143,1.015691,1.015204,1.016858,0.992859,0.987376,0.990114,0.986251,0.987842,0.986751,0.993305,1.001623,1.004409,1.006452,1.004329,1.003527,1.003986,1.010602,1.013585,1.016713,1.020343,1.016003,1.021002,1.022163,1.024923,1.021723,1.011381,1.005424,1.002258,1.000107,0.999226,1.014586,1.015523,1.014976,1.014777,1.024905,1.032321,1.033454,1.03924,1.067574,1.072801,1.075764,1.08445,1.086922,1.086077,1.103207,1.10067,1.103382,1.104493,1.105324,1.105896,1.10453,1.107806,1.108379,1.10573,1.109477,1.114288,1.115987,1.116527,1.120408,1.113211,1.107804,1.104751,1.100571,1.104599,1.102549,1.106067,1.105066,1.100415,1.089232,1.083348,1.074634,1.069692,1.071015,1.067244,1.062298,1.070969,1.073649,1.075241,1.077424,1.07802,1.070368,1.06774,1.066639,1.06211,1.072156,1.070152,1.061649,1.05196,1.049578,1.065347,1.063466,1.054472,1.044474,1.026064,1.01627,1.019363,1.020755,1.017404,1.016021,1.008044,1.001787,1.000344,1.006464,1.009294,0.99906,0.978043,0.978946,0.979177,0.978731,0.976881,0.951218,0.9601,0.962237,0.963482,0.965845,0.9706,0.978204,0.970354,0.964609,0.962768,0.959704,0.954866,0.957581,0.95845,0.962786,0.964672,0.958985,0.958063,0.956193,0.952244,0.949872,0.942456,0.942429,0.942976,0.942643,0.942629,0.943745,0.938252,0.939139,0.939257,0.930823,0.935289,0.936151,0.946365,0.945874,0.945345,0.950068,0.954008,0.956659,0.958549,0.959469,0.960821,0.961809,0.959253,0.956548,0.957003,0.952711,0.951369,0.947881,0.94748,0.948715,0.94049,0.939789,0.949674,0.946859,0.946651,0.949421,0.955,0.954887,0.949295,0.946052,0.939578,0.924381,0.920364,0.911075,0.916431,0.916363,0.913476,0.892813,0.880784,0.879842,0.881645,0.877771,0.885821,0.893625,0.899966,0.906421,0.909575,0.905301,0.900984,0.884776,0.871937,0.865289,0.866674,0.875863,0.883954,0.887377,0.878343,0.859419,0.849451,0.839749,0.832103,0.826749,0.824872,0.830111,0.828359,0.834627,0.834504,0.831232,0.820933,0.806286,0.804335,0.801974,0.798646,0.79246,0.793925,0.801351,0.805904,0.799874,0.787782,0.787492,0.781102,0.782154,0.778613,0.780901,0.783598,0.77351,0.775563,0.781368,0.781622,0.77615,0.760794,0.7486,0.742992,0.73873,0.735406,0.737777,0.734683,0.73874,0.734248,0.731325,0.737495,0.734272,0.734091,0.734017,0.729378,0.723874,0.72845,0.732669,0.738033,0.72991,0.726308,0.72934,0.727365,0.732076,0.736752,0.732185,0.736996,0.742105,0.749847,0.759644,0.76472,0.761725,0.759243,0.756347,0.764511,0.765786,0.762576,0.75957,0.753943,0.747195,0.748952,0.748119,0.740754,0.7344,0.736422,0.743207,0.747852,0.755066,0.759897,0.767403,0.768379,0.768085,0.767423,0.771481,0.78673,0.799111,0.805872,0.819428,0.8328,0.838619,0.840495,0.844157,0.83998,0.833005,0.818082,0.810099,0.801804,0.806684,0.809038,0.790994,0.7776,0.768992,0.754649,0.743126,0.735784,0.735086,0.735858,0.739634,0.752123,0.765668,0.783214,0.80313,0.812401,0.813907,0.824407,0.83201,0.839849,0.85405,0.869142,0.872632,0.874712,0.874437,0.875728,0.875697,0.87715,0.880327,0.883533,0.884851,0.891302,0.896222,0.907065,0.911069,0.914243,0.914772,0.915372,0.915192,0.918629,0.919907,0.921336,0.923545,0.925643,0.927465,0.931722,0.933664,0.935721,0.932257,0.931374,0.933382,0.93256,0.93095,0.935017,0.937344,0.969574,0.975493,0.980785,0.984213,0.986912,0.990167,0.991683,0.995101,1.000077,1.003086,1.007852,1.012143,1.015691,1.015204,1.016858,0.992859,0.987376,0.990114,0.986251,0.987842,0.986751,0.993305,1.001623,1.004409,1.006452,1.004329,1.003527,1.003986,1.010602,1.013585,1.016713,1.020343,1.016003,1.021002,1.022163,1.024923,1.021723,1.011381,1.005424,1.002258,1.000107,0.999226,1.014586,1.015523,1.014976,1.014777,1.024905,1.032321,1.033454,1.03924,1.067574,1.072801,1.075764,1.08445,1.086922,1.086077,1.103207,1.10067,1.103382,1.104493,1.105324,1.105896,1.10453,1.107806,1.108379,1.10573,1.109477,1.114288,1.115987,1.116527,1.120408,1.113211,1.107804,1.104751,1.100571,1.104599,1.102549,1.106067,1.105066,1.100415,1.089232,1.083348,1.074634,1.069692,1.071015,1.067244,1.062298,1.070969,1.073649,1.075241,1.077424,1.07802,1.070368,1.06774,1.066639,1.06211,1.072156,1.070152,1.061649,1.05196,1.049578,1.065347,1.063466,1.054472,1.044474,1.026064,1.01627,1.019363,1.020755,1.017404,1.016021,1.008044,1.001787,1.000344,1.006464,1.009294,0.99906,0.978043,0.978946,0.979177,0.978731,0.976881,0.951218,0.9601,0.962237,0.963482,0.965845,0.9706,0.978204,0.970354,0.964609,0.962768,0.959704,0.954866,0.957581,0.95845,0.962786,0.964672,0.958985,0.958063,0.956193,0.952244,0.949872,0.942456,0.942429,0.942976,0.942643,0.942629,0.943745,0.938252,0.939139,0.939257,0.930823,0.935289,0.936151,0.946365,0.945874,0.945345,0.950068,0.954008,0.956659,0.958549,0.959469,0.960821,0.961809,0.959253,0.956548,0.957003,0.952711,0.951369,0.947881,0.94748,0.948715,0.94049,0.939789,0.949674,0.946859,0.946651,0.949421,0.955,0.954887,0.949295,0.946052,0.939578,0.924381,0.920364,0.911075,0.916431,0.916363,0.913476,0.892813,0.880784,0.879842,0.881645,0.877771,0.885821,0.893625,0.899966,0.906421,0.909575,0.905301,0.900984,0.884776,0.871937,0.865289,0.866674,0.875863,0.883954,0.887377,0.878343,0.859419,0.849451,0.839749,0.832103,0.826749,0.824872,0.830111,0.828359,0.834627,0.834504,0.831232,0.820933,0.806286,0.804335,0.801974,0.798646,0.79246,0.793925,0.801351,0.805904,0.799874,0.787782,0.787492,0.781102,0.782154,0.778613,0.780901,0.783598,0.77351,0.775563,0.781368,0.781622,0.77615,0.760794,0.7486,0.742992,0.73873,0.735406,0.737777,0.734683,0.73874,0.734248,0.731325,0.737495,0.734272,0.734091,0.734017,0.729378,0.723874,0.72845,0.732669,0.738033,0.72991,0.726308,0.72934,0.727365,0.732076,0.736752,0.732185,0.736996,0.742105,0.749847,0.759644,0.76472,0.761725,0.759243,0.756347,0.764511,0.765786,0.762576,0.75957,0.753943,0.747195,0.748952,0.748119,0.740754,0.7344,0.736422,0.743207,0.747852,0.755066,0.759897,0.767403,0.768379,0.768085,0.767423,0.771481,0.78673,0.799111,0.805872,0.819428,0.8328,0.838619,0.840495,0.844157,0.83998,0.833005,0.818082,0.810099,0.801804,0.806684,0.809038,0.790994,0.7776,0.768992,0.754649,0.743126,0.735784,0.735086,0.735858,0.739634,0.752123,0.765668,0.783214,0.80313,0.812401,0.813907,0.824407,0.83201,0.839849,0.85405,0.869142,0.872632,0.874712,0.874437,0.875728,0.875697,0.87715,0.880327,0.883533
CRW,Iraq,0.691192,0.006983390000000001,0.71053,0.722311,0.737212,0.751029,0.762817,0.774352,0.784134,0.797241,0.810489,0.825596,0.837541,0.849088,0.864781,0.882271,0.887305,0.888983,0.892371,0.895461,0.898438,0.901565,0.899707,0.901728,0.90341,0.906005,0.913197,0.917945,0.922088,0.925072,0.927811,0.932847,0.936264,0.938937,0.943755,0.945837,0.948208,0.954745,0.95849,0.960471,0.963186,0.971604,0.969289,0.967787,0.968326,0.970591,0.972461,0.971373,0.972322,0.974995,0.974855,0.975146,0.97512,0.976879,0.97863,0.980614,0.975338,0.980355,0.984578,0.986172,0.984472,0.982612,0.984584,0.985657,0.98336,0.988027,0.994627,0.994329,0.993326,0.994217,0.993049,0.993655,0.990551,0.987355,0.986674,0.988186,0.985379,0.982223,0.982998,0.98028,0.973773,0.96621,0.96496,0.965946,0.965741,0.966195,0.967143,0.970996,0.970928,0.96882,0.967046,0.96772,0.975591,0.974495,0.979339,0.984267,0.985247,0.982016,0.977374,0.97309,0.970099,0.969772,0.969576,0.970752,0.970523,0.969401,0.966772,0.958825,0.953748,0.948585,0.940701,0.94025,0.943899,0.946052,0.952026,0.951849,0.948453,0.945088,0.948685,0.947077,0.944081,0.942402,0.937845,0.937198,0.932255,0.926878,0.923584,0.931886,0.924981,0.914751,0.907955,0.903425,0.901057,0.897156,0.895837,0.89401,0.892077,0.891268,0.889776,0.888482,0.887653,0.885422,0.856661,0.856612,0.864985,0.866668,0.863183,0.861635,0.87169,0.870537,0.871589,0.872728,0.874331,0.874037,0.871713,0.872098,0.872573,0.873349,0.875049,0.874224,0.876833,0.878047,0.878908,0.87521,0.876962,0.876872,0.877956,0.878706,0.877657,0.880367,0.879419,0.880095,0.880699,0.880177,0.879142,0.87969,0.881883,0.882797,0.883006,0.882216,0.88528,0.883584,0.881068,0.885026,0.884584,0.887774,0.888261,0.888111,0.889443,0.89039,0.887852,0.887339,0.888155,0.883811,0.883537,0.880539,0.882622,0.884245,0.839562,0.824215,0.814038,0.804765,0.794221,0.782685,0.769587,0.755523,0.745389,0.739425,0.731272,0.717685,0.706427,0.696011,0.689485,0.680958,0.669114,0.652686,0.638743,0.63143,0.625416,0.621929,0.618322,0.616162,0.616955,0.615232,0.610137,0.602353,0.598753,0.593498,0.589473,0.585998,0.583825,0.57958,0.573277,0.573535,0.575739,0.576186,0.574234,0.570245,0.571686,0.575339,0.581634,0.588248,0.595717,0.602623,0.608101,0.612768,0.618034,0.621955,0.618175,0.614446,0.614024,0.615754,0.622189,0.625519,0.626291,0.624563,0.6203,0.615497,0.609985,0.607166,0.607323,0.605857,0.607638,0.611419,0.617186,0.622992,0.629678,0.631937,0.632453,0.632376,0.633913,0.636234,0.635725,0.635897,0.636806,0.636569,0.638787,0.641954,0.642581,0.640058,0.63481,0.627438,0.620894,0.61447,0.610452,0.60627,0.602312,0.601343,0.599624,0.597817,0.599108,0.601407,0.599904,0.599605,0.596403,0.593447,0.588366,0.586131,0.58765,0.592686,0.592662,0.590911,0.588898,0.586076,0.588988,0.589071,0.584187,0.578789,0.573207,0.570226,0.568889,0.56967,0.566714,0.563018,0.559636,0.55843,0.55982,0.562396,0.564518,0.562106,0.562539,0.567273,0.574649,0.584,0.593649,0.603077,0.612744,0.620937,0.623531,0.624829,0.626186,0.628076,0.632094,0.635502,0.634896,0.637974,0.641528,0.642046,0.6418,0.637505,0.636547,0.633701,0.633479,0.638698,0.640493,0.638464,0.63718,0.640767,0.646788,0.655184,0.655414,0.653029,0.64979,0.647322,0.647773,0.646507,0.649708,0.656143,0.661663,0.667412,0.679064,0.685476,0.684377,0.686355,0.687834,0.691192,0.698339,0.71053,0.722311,0.737212,0.751029,0.762817,0.774352,0.784134,0.797241,0.810489,0.825596,0.837541,0.849088,0.864781,0.882271,0.887305,0.888983,0.892371,0.895461,0.898438,0.901565,0.899707,0.901728,0.90341,0.906005,0.913197,0.917945,0.922088,0.925072,0.927811,0.932847,0.936264,0.938937,0.943755,0.945837,0.948208,0.954745,0.95849,0.960471,0.963186,0.971604,0.969289,0.967787,0.968326,0.970591,0.972461,0.971373,0.972322,0.974995,0.974855,0.975146,0.97512,0.976879,0.97863,0.980614,0.975338,0.980355,0.984578,0.986172,0.984472,0.982612,0.984584,0.985657,0.98336,0.988027,0.994627,0.994329,0.993326,0.994217,0.993049,0.993655,0.990551,0.987355,0.986674,0.988186,0.985379,0.982223,0.982998,0.98028,0.973773,0.96621,0.96496,0.965946,0.965741,0.966195,0.967143,0.970996,0.970928,0.96882,0.967046,0.96772,0.975591,0.974495,0.979339,0.984267,0.985247,0.982016,0.977374,0.97309,0.970099,0.969772,0.969576,0.970752,0.970523,0.969401,0.966772,0.958825,0.953748,0.948585,0.940701,0.94025,0.943899,0.946052,0.952026,0.951849,0.948453,0.945088,0.948685,0.947077,0.944081,0.942402,0.937845,0.937198,0.932255,0.926878,0.923584,0.931886,0.924981,0.914751,0.907955,0.903425,0.901057,0.897156,0.895837,0.89401,0.892077,0.891268,0.889776,0.888482,0.887653,0.885422,0.856661,0.856612,0.864985,0.866668,0.863183,0.861635,0.87169,0.870537,0.871589,0.872728,0.874331,0.874037,0.871713,0.872098,0.872573,0.873349,0.875049,0.874224,0.876833,0.878047,0.878908,0.87521,0.876962,0.876872,0.877956,0.878706,0.877657,0.880367,0.879419,0.880095,0.880699,0.880177,0.879142,0.87969,0.881883,0.882797,0.883006,0.882216,0.88528,0.883584,0.881068,0.885026,0.884584,0.887774,0.888261,0.888111,0.889443,0.89039,0.887852,0.887339,0.888155,0.883811,0.883537,0.880539,0.882622,0.884245,0.839562,0.824215,0.814038,0.804765,0.794221,0.782685,0.769587,0.755523,0.745389,0.739425,0.731272,0.717685,0.706427,0.696011,0.689485,0.680958,0.669114,0.652686,0.638743,0.63143,0.625416,0.621929,0.618322,0.616162,0.616955,0.615232,0.610137,0.602353,0.598753,0.593498,0.589473,0.585998,0.583825,0.57958,0.573277,0.573535,0.575739,0.576186,0.574234,0.570245,0.571686,0.575339,0.581634,0.588248,0.595717,0.602623,0.608101,0.612768,0.618034,0.621955,0.618175,0.614446,0.614024,0.615754,0.622189,0.625519,0.626291,0.624563,0.6203,0.615497,0.609985,0.607166,0.607323,0.605857,0.607638,0.611419,0.617186,0.622992,0.629678,0.631937,0.632453,0.632376,0.633913,0.636234,0.635725,0.635897,0.636806,0.636569,0.638787,0.641954,0.642581,0.640058,0.63481,0.627438,0.620894,0.61447,0.610452,0.60627,0.602312,0.601343,0.599624,0.597817,0.599108,0.601407,0.599904,0.599605,0.596403,0.593447,0.588366,0.586131,0.58765,0.592686,0.592662,0.590911,0.588898,0.586076,0.588988,0.589071,0.584187,0.578789,0.573207,0.570226,0.568889,0.56967,0.566714,0.563018,0.559636,0.55843,0.55982,0.562396,0.564518,0.562106,0.562539,0.567273,0.574649,0.584,0.593649,0.603077,0.612744,0.620937,0.623531,0.624829,0.626186,0.628076,0.632094,0.635502,0.634896,0.637974,0.641528,0.642046,0.6418,0.637505,0.636547,0.633701,0.633479,0.638698,0.640493,0.638464,0.63718,0.640767,0.646788,0.655184,0.655414,0.653029,0.64979,0.647322,0.647773,0.646507,0.649708,0.656143,0.661663,0.667412,0.679064,0.685476,0.684377,0.686355,0.687834
CRW,Ireland,0.936549,0.0093838,0.94028,0.950075,0.954752,0.960848,0.962709,0.968831,0.976169,0.981815,0.98201,0.984515,0.987473,0.991711,0.992751,0.994153,1.00355,1.006975,1.006818,1.011887,1.011462,1.010676,1.010487,1.012091,1.01474,1.020994,1.027724,1.035549,1.035813,1.040926,1.041183,1.034453,1.034588,1.030349,1.024767,1.022527,1.015946,1.013013,1.013265,1.011645,1.016602,1.019527,1.019009,1.019583,1.017597,1.017018,1.014766,1.015206,1.023032,1.029893,1.031875,1.037321,1.035527,1.032286,1.032442,1.027573,1.024735,1.033072,1.033568,1.026956,1.022429,1.021156,1.018335,1.016161,1.016071,1.019361,1.021546,1.024694,1.024834,1.025366,1.029641,1.030462,1.016183,1.01501,1.021529,1.028485,1.031517,1.034351,1.033568,1.033267,1.029249,1.034089,1.033625,1.037414,1.033795,1.028915,1.029414,1.031496,1.031861,1.035709,1.038991,1.041082,1.04005,1.039968,1.035096,1.031232,1.030076,1.028454,1.025626,1.026961,1.023712,1.015355,1.013183,1.010482,1.005361,1.003623,1.002733,1.002872,1.001125,1.006332,1.017517,1.012574,1.013644,1.013067,1.014665,1.016044,1.019071,1.018434,1.018159,1.017162,1.014741,1.011497,1.010856,1.014157,1.013414,1.009786,1.009181,1.006023,1.0018,0.998176,0.998072,0.993649,0.991623,0.990337,0.985322,0.980216,0.977009,0.971678,0.964134,0.961229,0.955269,0.952499,0.952917,0.954969,0.955029,0.952401,0.953815,0.954739,0.953989,0.956817,0.96051,0.960652,0.960691,0.958652,0.952405,0.948351,0.946339,0.942807,0.940946,0.94105,0.942035,0.939579,0.935645,0.9322,0.933816,0.938027,0.936255,0.934155,0.931047,0.932858,0.932793,0.932373,0.93111,0.927834,0.921881,0.918294,0.923674,0.925,0.921523,0.916199,0.911623,0.909068,0.905054,0.903043,0.894734,0.889379,0.884373,0.879859,0.881931,0.879295,0.873652,0.866436,0.859454,0.860017,0.859343,0.860553,0.861549,0.862592,0.873777,0.874365,0.877104,0.880029,0.876911,0.877693,0.880356,0.875931,0.874747,0.872681,0.870884,0.866915,0.8643,0.862066,0.858384,0.847523,0.847266,0.845043,0.843004,0.842827,0.838535,0.835506,0.832742,0.831562,0.830676,0.831608,0.831152,0.83791,0.836436,0.837241,0.837173,0.842554,0.845431,0.846949,0.847126,0.852055,0.852653,0.854498,0.85838,0.859124,0.859685,0.85881,0.856958,0.857811,0.857718,0.858595,0.855796,0.851841,0.849545,0.849029,0.844992,0.844029,0.841886,0.832196,0.832516,0.833155,0.83481,0.834776,0.83476,0.833015,0.831668,0.826732,0.825419,0.832422,0.831811,0.829081,0.82792,0.828676,0.829105,0.828698,0.827078,0.825283,0.833287,0.831542,0.833579,0.833475,0.832313,0.83269,0.829685,0.828233,0.827487,0.826394,0.823856,0.823189,0.822244,0.822442,0.822656,0.810425,0.814101,0.813796,0.816472,0.817133,0.817679,0.82363,0.826191,0.83001,0.833511,0.836691,0.837189,0.837728,0.837508,0.837694,0.838463,0.839389,0.843983,0.846307,0.848204,0.849938,0.849756,0.849134,0.845747,0.841105,0.839733,0.837986,0.837673,0.836671,0.839097,0.840398,0.841425,0.838087,0.838701,0.840454,0.842591,0.842957,0.855322,0.856552,0.858066,0.860688,0.864016,0.867753,0.87066,0.873008,0.874781,0.876726,0.876326,0.875352,0.87358,0.877428,0.883428,0.878494,0.875579,0.875505,0.87684,0.877716,0.880978,0.888348,0.889247,0.892206,0.894837,0.895911,0.896249,0.899667,0.901471,0.900997,0.905749,0.912268,0.916267,0.918862,0.923267,0.923913,0.916924,0.9189,0.919503,0.920199,0.921463,0.927129,0.931798,0.936549,0.93838,0.94028,0.950075,0.954752,0.960848,0.962709,0.968831,0.976169,0.981815,0.98201,0.984515,0.987473,0.991711,0.992751,0.994153,1.00355,1.006975,1.006818,1.011887,1.011462,1.010676,1.010487,1.012091,1.01474,1.020994,1.027724,1.035549,1.035813,1.040926,1.041183,1.034453,1.034588,1.030349,1.024767,1.022527,1.015946,1.013013,1.013265,1.011645,1.016602,1.019527,1.019009,1.019583,1.017597,1.017018,1.014766,1.015206,1.023032,1.029893,1.031875,1.037321,1.035527,1.032286,1.032442,1.027573,1.024735,1.033072,1.033568,1.026956,1.022429,1.021156,1.018335,1.016161,1.016071,1.019361,1.021546,1.024694,1.024834,1.025366,1.029641,1.030462,1.016183,1.01501,1.021529,1.028485,1.031517,1.034351,1.033568,1.033267,1.029249,1.034089,1.033625,1.037414,1.033795,1.028915,1.029414,1.031496,1.031861,1.035709,1.038991,1.041082,1.04005,1.039968,1.035096,1.031232,1.030076,1.028454,1.025626,1.026961,1.023712,1.015355,1.013183,1.010482,1.005361,1.003623,1.002733,1.002872,1.001125,1.006332,1.017517,1.012574,1.013644,1.013067,1.014665,1.016044,1.019071,1.018434,1.018159,1.017162,1.014741,1.011497,1.010856,1.014157,1.013414,1.009786,1.009181,1.006023,1.0018,0.998176,0.998072,0.993649,0.991623,0.990337,0.985322,0.980216,0.977009,0.971678,0.964134,0.961229,0.955269,0.952499,0.952917,0.954969,0.955029,0.952401,0.953815,0.954739,0.953989,0.956817,0.96051,0.960652,0.960691,0.958652,0.952405,0.948351,0.946339,0.942807,0.940946,0.94105,0.942035,0.939579,0.935645,0.9322,0.933816,0.938027,0.936255,0.934155,0.931047,0.932858,0.932793,0.932373,0.93111,0.927834,0.921881,0.918294,0.923674,0.925,0.921523,0.916199,0.911623,0.909068,0.905054,0.903043,0.894734,0.889379,0.884373,0.879859,0.881931,0.879295,0.873652,0.866436,0.859454,0.860017,0.859343,0.860553,0.861549,0.862592,0.873777,0.874365,0.877104,0.880029,0.876911,0.877693,0.880356,0.875931,0.874747,0.872681,0.870884,0.866915,0.8643,0.862066,0.858384,0.847523,0.847266,0.845043,0.843004,0.842827,0.838535,0.835506,0.832742,0.831562,0.830676,0.831608,0.831152,0.83791,0.836436,0.837241,0.837173,0.842554,0.845431,0.846949,0.847126,0.852055,0.852653,0.854498,0.85838,0.859124,0.859685,0.85881,0.856958,0.857811,0.857718,0.858595,0.855796,0.851841,0.849545,0.849029,0.844992,0.844029,0.841886,0.832196,0.832516,0.833155,0.83481,0.834776,0.83476,0.833015,0.831668,0.826732,0.825419,0.832422,0.831811,0.829081,0.82792,0.828676,0.829105,0.828698,0.827078,0.825283,0.833287,0.831542,0.833579,0.833475,0.832313,0.83269,0.829685,0.828233,0.827487,0.826394,0.823856,0.823189,0.822244,0.822442,0.822656,0.810425,0.814101,0.813796,0.816472,0.817133,0.817679,0.82363,0.826191,0.83001,0.833511,0.836691,0.837189,0.837728,0.837508,0.837694,0.838463,0.839389,0.843983,0.846307,0.848204,0.849938,0.849756,0.849134,0.845747,0.841105,0.839733,0.837986,0.837673,0.836671,0.839097,0.840398,0.841425,0.838087,0.838701,0.840454,0.842591,0.842957,0.855322,0.856552,0.858066,0.860688,0.864016,0.867753,0.87066,0.873008,0.874781,0.876726,0.876326,0.875352,0.87358,0.877428,0.883428,0.878494,0.875579,0.875505,0.87684,0.877716,0.880978,0.888348,0.889247,0.892206,0.894837,0.895911,0.896249,0.899667,0.901471,0.900997,0.905749,0.912268,0.916267,0.918862,0.923267,0.923913,0.916924,0.9189,0.919503,0.920199,0.921463,0.927129,0.931798
CRW,Israel,0.80427,0.008074630000000001,0.80917,0.812013,0.817966,0.82071,0.820546,0.820488,0.822503,0.825317,0.826081,0.827552,0.830014,0.833982,0.838859,0.840602,0.841202,0.843176,0.842804,0.840467,0.84204,0.844275,0.84399,0.84416,0.847302,0.852141,0.857816,0.862927,0.867055,0.870661,0.872949,0.876393,0.877172,0.88007,0.88261,0.882666,0.883258,0.885308,0.887261,0.887184,0.886565,0.889862,0.885453,0.881597,0.884433,0.886583,0.886424,0.895834,0.904833,0.904556,0.905124,0.911048,0.916509,0.921772,0.930651,0.936828,0.938329,0.94289,0.94774,0.949245,0.950172,0.951615,0.948014,0.940249,0.953295,0.966422,0.967546,0.966839,0.964641,0.960098,0.95884,0.964573,0.968347,0.971207,0.978722,0.984988,0.986414,0.989171,0.99566,0.998466,0.99698,0.99968,1.002065,1.002636,1.001751,1.001284,0.998615,0.996402,0.992957,0.99315,0.990801,0.998537,1.000811,0.996498,0.99383,0.993032,0.990466,0.987629,0.98484,0.986807,0.987249,0.99083,0.990748,0.989009,0.977541,0.968724,0.952442,0.943992,0.944358,0.941774,0.942421,0.942254,0.944672,0.948499,0.94548,0.94457,0.937634,0.933859,0.931713,0.931693,0.932932,0.934919,0.936437,0.934778,0.927098,0.92181,0.920185,0.914797,0.907483,0.902906,0.902226,0.905222,0.905895,0.905596,0.902584,0.898866,0.897634,0.894462,0.889751,0.887627,0.885803,0.883464,0.888414,0.896162,0.898406,0.894597,0.88936,0.89251,0.896955,0.901399,0.906852,0.911471,0.91241,0.911427,0.910118,0.908738,0.906238,0.901685,0.897056,0.895977,0.897464,0.898646,0.90087,0.898299,0.89572,0.889582,0.882592,0.8815,0.882961,0.884895,0.887302,0.889304,0.890338,0.890928,0.891516,0.89569,0.899843,0.889623,0.887971,0.887306,0.893637,0.897667,0.900204,0.902135,0.905271,0.908821,0.910496,0.913683,0.915909,0.91744,0.914817,0.913209,0.917669,0.919816,0.923069,0.922579,0.925488,0.925508,0.925649,0.921739,0.921612,0.922809,0.925364,0.927717,0.92995,0.93021,0.93003,0.927226,0.926833,0.926735,0.92366,0.91768,0.920527,0.920697,0.927533,0.927665,0.924345,0.925173,0.930798,0.925156,0.919146,0.915361,0.914582,0.916672,0.90924,0.908418,0.916657,0.918711,0.934489,0.948962,0.946997,0.933301,0.918598,0.911867,0.91422,0.917668,0.921286,0.915518,0.912746,0.916293,0.916558,0.913747,0.914204,0.914515,0.920543,0.922745,0.926877,0.929095,0.927466,0.931412,0.931295,0.934858,0.935596,0.92944,0.924917,0.920165,0.919068,0.912787,0.906499,0.900986,0.896989,0.895448,0.892412,0.885022,0.881659,0.881604,0.877076,0.875175,0.870251,0.865249,0.862812,0.860109,0.855759,0.853499,0.846724,0.848157,0.846308,0.850667,0.854884,0.853561,0.85227,0.848034,0.84767,0.849918,0.851793,0.852849,0.850791,0.846454,0.844385,0.847297,0.845088,0.844675,0.845264,0.843841,0.840037,0.836571,0.837866,0.835629,0.832009,0.829383,0.826566,0.824527,0.825941,0.823782,0.820371,0.819048,0.813768,0.807113,0.802805,0.797938,0.795108,0.791978,0.790386,0.789178,0.78741,0.785663,0.785888,0.78673,0.785032,0.782967,0.782475,0.783394,0.784041,0.78475,0.78732,0.792364,0.794363,0.795242,0.800662,0.801035,0.798117,0.797723,0.79455,0.796435,0.795768,0.795252,0.798357,0.801795,0.804939,0.804739,0.801051,0.80073,0.79994,0.798279,0.799456,0.805979,0.805698,0.804663,0.802622,0.801367,0.800272,0.800105,0.799925,0.799913,0.800511,0.799293,0.802112,0.805289,0.806144,0.806173,0.802984,0.800315,0.797667,0.798801,0.800673,0.80427,0.807463,0.80917,0.812013,0.817966,0.82071,0.820546,0.820488,0.822503,0.825317,0.826081,0.827552,0.830014,0.833982,0.838859,0.840602,0.841202,0.843176,0.842804,0.840467,0.84204,0.844275,0.84399,0.84416,0.847302,0.852141,0.857816,0.862927,0.867055,0.870661,0.872949,0.876393,0.877172,0.88007,0.88261,0.882666,0.883258,0.885308,0.887261,0.887184,0.886565,0.889862,0.885453,0.881597,0.884433,0.886583,0.886424,0.895834,0.904833,0.904556,0.905124,0.911048,0.916509,0.921772,0.930651,0.936828,0.938329,0.94289,0.94774,0.949245,0.950172,0.951615,0.948014,0.940249,0.953295,0.966422,0.967546,0.966839,0.964641,0.960098,0.95884,0.964573,0.968347,0.971207,0.978722,0.984988,0.986414,0.989171,0.99566,0.998466,0.99698,0.99968,1.002065,1.002636,1.001751,1.001284,0.998615,0.996402,0.992957,0.99315,0.990801,0.998537,1.000811,0.996498,0.99383,0.993032,0.990466,0.987629,0.98484,0.986807,0.987249,0.99083,0.990748,0.989009,0.977541,0.968724,0.952442,0.943992,0.944358,0.941774,0.942421,0.942254,0.944672,0.948499,0.94548,0.94457,0.937634,0.933859,0.931713,0.931693,0.932932,0.934919,0.936437,0.934778,0.927098,0.92181,0.920185,0.914797,0.907483,0.902906,0.902226,0.905222,0.905895,0.905596,0.902584,0.898866,0.897634,0.894462,0.889751,0.887627,0.885803,0.883464,0.888414,0.896162,0.898406,0.894597,0.88936,0.89251,0.896955,0.901399,0.906852,0.911471,0.91241,0.911427,0.910118,0.908738,0.906238,0.901685,0.897056,0.895977,0.897464,0.898646,0.90087,0.898299,0.89572,0.889582,0.882592,0.8815,0.882961,0.884895,0.887302,0.889304,0.890338,0.890928,0.891516,0.89569,0.899843,0.889623,0.887971,0.887306,0.893637,0.897667,0.900204,0.902135,0.905271,0.908821,0.910496,0.913683,0.915909,0.91744,0.914817,0.913209,0.917669,0.919816,0.923069,0.922579,0.925488,0.925508,0.925649,0.921739,0.921612,0.922809,0.925364,0.927717,0.92995,0.93021,0.93003,0.927226,0.926833,0.926735,0.92366,0.91768,0.920527,0.920697,0.927533,0.927665,0.924345,0.925173,0.930798,0.925156,0.919146,0.915361,0.914582,0.916672,0.90924,0.908418,0.916657,0.918711,0.934489,0.948962,0.946997,0.933301,0.918598,0.911867,0.91422,0.917668,0.921286,0.915518,0.912746,0.916293,0.916558,0.913747,0.914204,0.914515,0.920543,0.922745,0.926877,0.929095,0.927466,0.931412,0.931295,0.934858,0.935596,0.92944,0.924917,0.920165,0.919068,0.912787,0.906499,0.900986,0.896989,0.895448,0.892412,0.885022,0.881659,0.881604,0.877076,0.875175,0.870251,0.865249,0.862812,0.860109,0.855759,0.853499,0.846724,0.848157,0.846308,0.850667,0.854884,0.853561,0.85227,0.848034,0.84767,0.849918,0.851793,0.852849,0.850791,0.846454,0.844385,0.847297,0.845088,0.844675,0.845264,0.843841,0.840037,0.836571,0.837866,0.835629,0.832009,0.829383,0.826566,0.824527,0.825941,0.823782,0.820371,0.819048,0.813768,0.807113,0.802805,0.797938,0.795108,0.791978,0.790386,0.789178,0.78741,0.785663,0.785888,0.78673,0.785032,0.782967,0.782475,0.783394,0.784041,0.78475,0.78732,0.792364,0.794363,0.795242,0.800662,0.801035,0.798117,0.797723,0.79455,0.796435,0.795768,0.795252,0.798357,0.801795,0.804939,0.804739,0.801051,0.80073,0.79994,0.798279,0.799456,0.805979,0.805698,0.804663,0.802622,0.801367,0.800272,0.800105,0.799925,0.799913,0.800511,0.799293,0.802112,0.805289,0.806144,0.806173,0.802984,0.800315,0.797667,0.798801,0.800673
CRW,Italy,0.856915,0.00857289,0.866345,0.869984,0.872261,0.874732,0.87668,0.878424,0.877106,0.878462,0.881093,0.88275,0.892339,0.895167,0.897484,0.901752,0.904484,0.905983,0.909075,0.911771,0.91572,0.918184,0.92211,0.92609,0.931664,0.935496,0.943275,0.945551,0.95157,0.953768,0.954999,0.959062,0.963893,0.967283,0.965761,0.96382,0.963525,0.963059,0.962838,0.961304,0.962799,0.96125,0.962046,0.960354,0.963363,0.966076,0.965363,0.958645,0.948397,0.953772,0.958458,0.963734,0.971791,0.973879,0.975096,0.971688,0.968807,0.968239,0.970103,0.972279,0.977415,0.980593,0.982446,0.983615,0.98231,0.983214,0.984243,0.98435,0.988456,0.993198,0.99783,0.999645,1.001512,1.00093,0.998229,0.98818,0.973502,0.970516,0.971332,0.972293,0.970574,0.969256,0.964854,0.959187,0.953681,0.949399,0.947669,0.949166,0.967795,0.969623,0.971138,0.972061,0.972584,0.971585,0.970404,0.971236,0.968901,0.966244,0.96643,0.966036,0.963921,0.960411,0.955129,0.936576,0.93082,0.926622,0.927159,0.928623,0.927989,0.927272,0.924052,0.922574,0.920019,0.91571,0.913051,0.915858,0.915675,0.91553,0.914881,0.914345,0.912841,0.906202,0.8997,0.897792,0.89525,0.891338,0.887833,0.890808,0.893294,0.894858,0.891846,0.894225,0.906576,0.909613,0.909912,0.907916,0.908805,0.908549,0.906913,0.905604,0.906361,0.906335,0.901545,0.895311,0.89206,0.890074,0.888732,0.880234,0.875315,0.872191,0.868948,0.857582,0.852737,0.85511,0.857355,0.863998,0.871396,0.87501,0.876856,0.874571,0.875167,0.877112,0.874807,0.872384,0.873816,0.880098,0.879436,0.877155,0.872688,0.867514,0.861311,0.856656,0.854818,0.854449,0.854676,0.854976,0.852998,0.852606,0.853219,0.852076,0.846169,0.846554,0.847194,0.846944,0.854485,0.856527,0.856945,0.858873,0.858748,0.859528,0.858966,0.85836,0.857937,0.857233,0.857167,0.856982,0.85962,0.861476,0.859482,0.858077,0.857036,0.855656,0.856568,0.856157,0.856326,0.856208,0.856319,0.85652,0.856932,0.855948,0.852496,0.851448,0.85174,0.851069,0.851434,0.852463,0.852214,0.851145,0.85171,0.850614,0.851594,0.853054,0.853788,0.853633,0.853628,0.852811,0.851572,0.850206,0.850632,0.850495,0.85111,0.850247,0.849259,0.84899,0.849369,0.849754,0.849262,0.848254,0.848064,0.845636,0.840651,0.837475,0.832789,0.831874,0.829725,0.824943,0.81984,0.811313,0.796392,0.787677,0.78306,0.775977,0.769933,0.764148,0.764742,0.763535,0.756829,0.750914,0.744229,0.741027,0.743457,0.750263,0.757311,0.767663,0.773758,0.77951,0.797208,0.806425,0.810634,0.813405,0.814683,0.81857,0.821434,0.819975,0.817153,0.80931,0.796678,0.787378,0.783604,0.794569,0.791904,0.776595,0.768711,0.766447,0.76504,0.76221,0.760608,0.759447,0.761118,0.766261,0.772088,0.774673,0.776178,0.772683,0.755438,0.752772,0.754768,0.757024,0.759192,0.758794,0.759926,0.75881,0.759181,0.75857,0.757931,0.760609,0.764443,0.7676,0.771247,0.7725,0.772572,0.76898,0.76529,0.762259,0.759915,0.764852,0.769939,0.774359,0.779494,0.791641,0.796993,0.811421,0.823456,0.827376,0.828097,0.829538,0.831378,0.831886,0.83194,0.832464,0.828471,0.829295,0.832841,0.833787,0.830222,0.835514,0.835326,0.834188,0.833657,0.832329,0.830553,0.829749,0.829111,0.827867,0.826732,0.829832,0.831626,0.830294,0.829781,0.828745,0.829728,0.828204,0.830541,0.831994,0.834197,0.836741,0.838227,0.840425,0.847924,0.851817,0.85059,0.849022,0.850761,0.853198,0.860079,0.856915,0.857289,0.866345,0.869984,0.872261,0.874732,0.87668,0.878424,0.877106,0.878462,0.881093,0.88275,0.892339,0.895167,0.897484,0.901752,0.904484,0.905983,0.909075,0.911771,0.91572,0.918184,0.92211,0.92609,0.931664,0.935496,0.943275,0.945551,0.95157,0.953768,0.954999,0.959062,0.963893,0.967283,0.965761,0.96382,0.963525,0.963059,0.962838,0.961304,0.962799,0.96125,0.962046,0.960354,0.963363,0.966076,0.965363,0.958645,0.948397,0.953772,0.958458,0.963734,0.971791,0.973879,0.975096,0.971688,0.968807,0.968239,0.970103,0.972279,0.977415,0.980593,0.982446,0.983615,0.98231,0.983214,0.984243,0.98435,0.988456,0.993198,0.99783,0.999645,1.001512,1.00093,0.998229,0.98818,0.973502,0.970516,0.971332,0.972293,0.970574,0.969256,0.964854,0.959187,0.953681,0.949399,0.947669,0.949166,0.967795,0.969623,0.971138,0.972061,0.972584,0.971585,0.970404,0.971236,0.968901,0.966244,0.96643,0.966036,0.963921,0.960411,0.955129,0.936576,0.93082,0.926622,0.927159,0.928623,0.927989,0.927272,0.924052,0.922574,0.920019,0.91571,0.913051,0.915858,0.915675,0.91553,0.914881,0.914345,0.912841,0.906202,0.8997,0.897792,0.89525,0.891338,0.887833,0.890808,0.893294,0.894858,0.891846,0.894225,0.906576,0.909613,0.909912,0.907916,0.908805,0.908549,0.906913,0.905604,0.906361,0.906335,0.901545,0.895311,0.89206,0.890074,0.888732,0.880234,0.875315,0.872191,0.868948,0.857582,0.852737,0.85511,0.857355,0.863998,0.871396,0.87501,0.876856,0.874571,0.875167,0.877112,0.874807,0.872384,0.873816,0.880098,0.879436,0.877155,0.872688,0.867514,0.861311,0.856656,0.854818,0.854449,0.854676,0.854976,0.852998,0.852606,0.853219,0.852076,0.846169,0.846554,0.847194,0.846944,0.854485,0.856527,0.856945,0.858873,0.858748,0.859528,0.858966,0.85836,0.857937,0.857233,0.857167,0.856982,0.85962,0.861476,0.859482,0.858077,0.857036,0.855656,0.856568,0.856157,0.856326,0.856208,0.856319,0.85652,0.856932,0.855948,0.852496,0.851448,0.85174,0.851069,0.851434,0.852463,0.852214,0.851145,0.85171,0.850614,0.851594,0.853054,0.853788,0.853633,0.853628,0.852811,0.851572,0.850206,0.850632,0.850495,0.85111,0.850247,0.849259,0.84899,0.849369,0.849754,0.849262,0.848254,0.848064,0.845636,0.840651,0.837475,0.832789,0.831874,0.829725,0.824943,0.81984,0.811313,0.796392,0.787677,0.78306,0.775977,0.769933,0.764148,0.764742,0.763535,0.756829,0.750914,0.744229,0.741027,0.743457,0.750263,0.757311,0.767663,0.773758,0.77951,0.797208,0.806425,0.810634,0.813405,0.814683,0.81857,0.821434,0.819975,0.817153,0.80931,0.796678,0.787378,0.783604,0.794569,0.791904,0.776595,0.768711,0.766447,0.76504,0.76221,0.760608,0.759447,0.761118,0.766261,0.772088,0.774673,0.776178,0.772683,0.755438,0.752772,0.754768,0.757024,0.759192,0.758794,0.759926,0.75881,0.759181,0.75857,0.757931,0.760609,0.764443,0.7676,0.771247,0.7725,0.772572,0.76898,0.76529,0.762259,0.759915,0.764852,0.769939,0.774359,0.779494,0.791641,0.796993,0.811421,0.823456,0.827376,0.828097,0.829538,0.831378,0.831886,0.83194,0.832464,0.828471,0.829295,0.832841,0.833787,0.830222,0.835514,0.835326,0.834188,0.833657,0.832329,0.830553,0.829749,0.829111,0.827867,0.826732,0.829832,0.831626,0.830294,0.829781,0.828745,0.829728,0.828204,0.830541,0.831994,0.834197,0.836741,0.838227,0.840425,0.847924,0.851817,0.85059,0.849022,0.850761,0.853198,0.860079
CRW,IvoryCoast,1.079716,0.010682129999999998,1.056276,1.049457,1.037658,1.011504,0.99361,0.985776,0.976121,0.973404,0.966329,0.964653,0.964141,0.955076,0.947886,0.943389,0.936998,0.92582,0.920139,0.912138,0.906754,0.902174,0.898899,0.900956,0.90132,0.899283,0.890369,0.882183,0.874936,0.869967,0.86812,0.864703,0.861344,0.857224,0.854808,0.852481,0.848614,0.846971,0.837115,0.827796,0.825201,0.824388,0.825351,0.824121,0.823516,0.819764,0.820276,0.821846,0.820824,0.820653,0.821148,0.819951,0.816447,0.820016,0.821283,0.820773,0.821296,0.816764,0.814746,0.812568,0.811978,0.812164,0.807952,0.80698,0.805839,0.80508,0.805077,0.806143,0.797645,0.799031,0.797177,0.795717,0.798059,0.80705,0.812334,0.813908,0.812145,0.817616,0.821004,0.824213,0.823493,0.825871,0.825616,0.826513,0.821408,0.819866,0.816862,0.818943,0.813311,0.812107,0.811391,0.813214,0.813979,0.813816,0.814278,0.818381,0.818686,0.8192,0.822558,0.823369,0.829684,0.836042,0.839278,0.843033,0.844419,0.847416,0.849531,0.85048,0.849022,0.84848,0.847056,0.863349,0.869242,0.872122,0.876583,0.876753,0.877788,0.879717,0.883448,0.886718,0.888638,0.890027,0.895629,0.904574,0.912738,0.922605,0.913952,0.915535,0.920032,0.932446,0.939521,0.947097,0.952183,0.960296,0.964328,0.969566,0.974727,0.981915,0.985821,0.986602,0.982932,0.99318,0.992497,0.993388,0.986324,0.997145,0.993596,0.994833,0.989534,0.988005,0.989962,0.989413,0.989343,1.005762,1.020977,1.031839,1.032265,1.044952,1.048853,1.048135,1.039907,1.037998,1.021038,1.014748,1.010436,1.004869,1.002092,0.999668,0.976093,0.965124,0.951207,0.937787,0.929046,0.922655,0.918526,0.911913,0.910979,0.913811,0.913818,0.916983,0.917191,0.91363,0.904613,0.903116,0.898055,0.907482,0.907842,0.901657,0.898544,0.900039,0.895783,0.899027,0.900775,0.896057,0.89122,0.891375,0.893088,0.890875,0.883879,0.87246,0.869568,0.867847,0.862534,0.855925,0.856791,0.854534,0.858017,0.857893,0.856718,0.853579,0.853022,0.85254,0.852135,0.856485,0.854348,0.85245,0.855137,0.860334,0.862224,0.859416,0.855886,0.855415,0.863525,0.866527,0.868065,0.867086,0.877664,0.880325,0.88894,0.901381,0.905037,0.903187,0.90316,0.901038,0.904194,0.910343,0.916054,0.91573,0.916109,0.91721,0.917988,0.914257,0.918682,0.910763,0.926064,0.934224,0.943886,0.950886,0.954175,0.955313,0.950529,0.942876,0.937208,0.932807,0.932064,0.940568,0.939394,0.935897,0.935923,0.921214,0.917214,0.915684,0.913451,0.913474,0.916018,0.91903,0.919258,0.920036,0.921669,0.923035,0.914827,0.913982,0.919553,0.919713,0.921208,0.921722,0.921287,0.924181,0.929623,0.926888,0.931321,0.940466,0.945841,0.9522,0.957432,0.961028,0.961996,0.959207,0.96212,0.967031,0.973437,0.97865,0.980389,0.981174,0.988051,0.989666,0.988144,0.993295,0.996622,1.001111,1.008126,1.013463,1.019451,1.022342,1.023864,1.026509,1.028252,1.038552,1.040615,1.040079,1.043777,1.049756,1.053146,1.057983,1.065011,1.072543,1.076977,1.079846,1.083884,1.087264,1.094557,1.104581,1.109369,1.115209,1.119563,1.125419,1.125123,1.125466,1.129042,1.130374,1.128031,1.128003,1.131801,1.140281,1.145186,1.130191,1.124139,1.121262,1.12036,1.122724,1.125992,1.131138,1.132321,1.131496,1.127757,1.128534,1.125255,1.122693,1.125202,1.12199,1.118057,1.124833,1.131049,1.128339,1.128508,1.134311,1.130521,1.127856,1.121669,1.115146,1.108284,1.105914,1.09901,1.090775,1.084744,1.079716,1.068213,1.056276,1.049457,1.037658,1.011504,0.99361,0.985776,0.976121,0.973404,0.966329,0.964653,0.964141,0.955076,0.947886,0.943389,0.936998,0.92582,0.920139,0.912138,0.906754,0.902174,0.898899,0.900956,0.90132,0.899283,0.890369,0.882183,0.874936,0.869967,0.86812,0.864703,0.861344,0.857224,0.854808,0.852481,0.848614,0.846971,0.837115,0.827796,0.825201,0.824388,0.825351,0.824121,0.823516,0.819764,0.820276,0.821846,0.820824,0.820653,0.821148,0.819951,0.816447,0.820016,0.821283,0.820773,0.821296,0.816764,0.814746,0.812568,0.811978,0.812164,0.807952,0.80698,0.805839,0.80508,0.805077,0.806143,0.797645,0.799031,0.797177,0.795717,0.798059,0.80705,0.812334,0.813908,0.812145,0.817616,0.821004,0.824213,0.823493,0.825871,0.825616,0.826513,0.821408,0.819866,0.816862,0.818943,0.813311,0.812107,0.811391,0.813214,0.813979,0.813816,0.814278,0.818381,0.818686,0.8192,0.822558,0.823369,0.829684,0.836042,0.839278,0.843033,0.844419,0.847416,0.849531,0.85048,0.849022,0.84848,0.847056,0.863349,0.869242,0.872122,0.876583,0.876753,0.877788,0.879717,0.883448,0.886718,0.888638,0.890027,0.895629,0.904574,0.912738,0.922605,0.913952,0.915535,0.920032,0.932446,0.939521,0.947097,0.952183,0.960296,0.964328,0.969566,0.974727,0.981915,0.985821,0.986602,0.982932,0.99318,0.992497,0.993388,0.986324,0.997145,0.993596,0.994833,0.989534,0.988005,0.989962,0.989413,0.989343,1.005762,1.020977,1.031839,1.032265,1.044952,1.048853,1.048135,1.039907,1.037998,1.021038,1.014748,1.010436,1.004869,1.002092,0.999668,0.976093,0.965124,0.951207,0.937787,0.929046,0.922655,0.918526,0.911913,0.910979,0.913811,0.913818,0.916983,0.917191,0.91363,0.904613,0.903116,0.898055,0.907482,0.907842,0.901657,0.898544,0.900039,0.895783,0.899027,0.900775,0.896057,0.89122,0.891375,0.893088,0.890875,0.883879,0.87246,0.869568,0.867847,0.862534,0.855925,0.856791,0.854534,0.858017,0.857893,0.856718,0.853579,0.853022,0.85254,0.852135,0.856485,0.854348,0.85245,0.855137,0.860334,0.862224,0.859416,0.855886,0.855415,0.863525,0.866527,0.868065,0.867086,0.877664,0.880325,0.88894,0.901381,0.905037,0.903187,0.90316,0.901038,0.904194,0.910343,0.916054,0.91573,0.916109,0.91721,0.917988,0.914257,0.918682,0.910763,0.926064,0.934224,0.943886,0.950886,0.954175,0.955313,0.950529,0.942876,0.937208,0.932807,0.932064,0.940568,0.939394,0.935897,0.935923,0.921214,0.917214,0.915684,0.913451,0.913474,0.916018,0.91903,0.919258,0.920036,0.921669,0.923035,0.914827,0.913982,0.919553,0.919713,0.921208,0.921722,0.921287,0.924181,0.929623,0.926888,0.931321,0.940466,0.945841,0.9522,0.957432,0.961028,0.961996,0.959207,0.96212,0.967031,0.973437,0.97865,0.980389,0.981174,0.988051,0.989666,0.988144,0.993295,0.996622,1.001111,1.008126,1.013463,1.019451,1.022342,1.023864,1.026509,1.028252,1.038552,1.040615,1.040079,1.043777,1.049756,1.053146,1.057983,1.065011,1.072543,1.076977,1.079846,1.083884,1.087264,1.094557,1.104581,1.109369,1.115209,1.119563,1.125419,1.125123,1.125466,1.129042,1.130374,1.128031,1.128003,1.131801,1.140281,1.145186,1.130191,1.124139,1.121262,1.12036,1.122724,1.125992,1.131138,1.132321,1.131496,1.127757,1.128534,1.125255,1.122693,1.125202,1.12199,1.118057,1.124833,1.131049,1.128339,1.128508,1.134311,1.130521,1.127856,1.121669,1.115146,1.108284,1.105914,1.09901,1.090775,1.084744
CRW,Jamaica,0.815927,0.008138069999999999,0.812351,0.805273,0.805667,0.805001,0.800235,0.798088,0.792996,0.790801,0.791138,0.786912,0.783655,0.782376,0.784908,0.789387,0.794018,0.79218,0.78966,0.788702,0.790305,0.796948,0.801853,0.806735,0.807312,0.808161,0.813196,0.816287,0.817144,0.818226,0.816581,0.812161,0.811598,0.81666,0.819231,0.817929,0.813932,0.806815,0.801776,0.801354,0.80101,0.796817,0.795383,0.795292,0.782369,0.78218,0.788532,0.790741,0.786523,0.783416,0.787732,0.788313,0.794976,0.799355,0.802577,0.808787,0.810114,0.810571,0.812116,0.81623,0.820388,0.819158,0.819836,0.823778,0.821474,0.824116,0.82571,0.82332,0.823499,0.824836,0.820966,0.819542,0.815335,0.813264,0.808227,0.8027,0.80058,0.797463,0.79103,0.791736,0.790188,0.799342,0.798929,0.799367,0.795219,0.794879,0.799024,0.803542,0.803968,0.810121,0.814392,0.815929,0.815544,0.815268,0.815341,0.816081,0.813697,0.812846,0.810618,0.809973,0.80971,0.811043,0.812956,0.814587,0.81571,0.817814,0.820176,0.82429,0.827602,0.830144,0.831055,0.833599,0.833686,0.836061,0.834823,0.832087,0.833515,0.835921,0.83472,0.828763,0.824382,0.822027,0.814304,0.815845,0.823491,0.827706,0.833467,0.839262,0.843061,0.84306,0.84463,0.851776,0.85448,0.860368,0.870949,0.879324,0.883775,0.888329,0.899442,0.904268,0.904206,0.906534,0.909256,0.905397,0.904827,0.905948,0.911748,0.910157,0.911429,0.908898,0.910696,0.908281,0.910879,0.902429,0.896348,0.895684,0.890115,0.884183,0.893429,0.899931,0.907559,0.899423,0.905641,0.908908,0.913873,0.93173,0.940414,0.944457,0.955397,0.966675,0.979254,0.988196,1.00057,1.008065,1.014535,1.026741,1.0352,1.03514,1.038382,1.040033,1.024983,1.019402,1.016211,1.008217,0.993441,0.983056,0.977113,0.969813,0.962755,0.959248,0.945889,0.945018,0.944485,0.938845,0.929656,0.924611,0.926042,0.926859,0.934729,0.937295,0.931604,0.929281,0.936952,0.936102,0.939114,0.940193,0.94753,0.946823,0.954857,0.952836,0.950768,0.942978,0.942708,0.94349,0.945741,0.94728,0.954295,0.958835,0.969569,0.977591,0.981565,0.97632,0.975166,0.973542,0.978988,0.980794,0.987238,0.976098,0.97097,0.962105,0.960958,0.950311,0.940478,0.926972,0.91406,0.902371,0.897349,0.891752,0.888593,0.886363,0.88104,0.871114,0.866351,0.863157,0.86384,0.868823,0.866323,0.863092,0.865994,0.862494,0.858469,0.850234,0.847344,0.845076,0.838941,0.838377,0.840103,0.838176,0.841447,0.8448,0.848689,0.857273,0.862284,0.865681,0.867364,0.86596,0.869603,0.879791,0.883195,0.887202,0.888237,0.886023,0.886886,0.887081,0.88556,0.881251,0.884639,0.880827,0.877427,0.875575,0.879986,0.880183,0.881571,0.885066,0.890907,0.895765,0.897254,0.896394,0.893687,0.896349,0.897399,0.893748,0.894641,0.898229,0.900526,0.899921,0.897895,0.892255,0.888353,0.884293,0.884577,0.888214,0.89278,0.895095,0.89123,0.895171,0.891307,0.88401,0.876928,0.875008,0.870478,0.876769,0.877628,0.873692,0.87298,0.868988,0.866601,0.862398,0.862201,0.863651,0.859836,0.862957,0.873814,0.881918,0.882792,0.884455,0.878068,0.874299,0.881694,0.919823,0.916431,0.914696,0.916275,0.914615,0.918856,0.924697,0.927078,0.934113,0.934932,0.935223,0.940379,0.944516,0.945469,0.937793,0.898141,0.896715,0.896024,0.897083,0.895535,0.887921,0.880938,0.873645,0.862317,0.863057,0.859994,0.853555,0.850171,0.845594,0.841775,0.837241,0.834632,0.8317,0.825408,0.821868,0.820138,0.815927,0.813807,0.812351,0.805273,0.805667,0.805001,0.800235,0.798088,0.792996,0.790801,0.791138,0.786912,0.783655,0.782376,0.784908,0.789387,0.794018,0.79218,0.78966,0.788702,0.790305,0.796948,0.801853,0.806735,0.807312,0.808161,0.813196,0.816287,0.817144,0.818226,0.816581,0.812161,0.811598,0.81666,0.819231,0.817929,0.813932,0.806815,0.801776,0.801354,0.80101,0.796817,0.795383,0.795292,0.782369,0.78218,0.788532,0.790741,0.786523,0.783416,0.787732,0.788313,0.794976,0.799355,0.802577,0.808787,0.810114,0.810571,0.812116,0.81623,0.820388,0.819158,0.819836,0.823778,0.821474,0.824116,0.82571,0.82332,0.823499,0.824836,0.820966,0.819542,0.815335,0.813264,0.808227,0.8027,0.80058,0.797463,0.79103,0.791736,0.790188,0.799342,0.798929,0.799367,0.795219,0.794879,0.799024,0.803542,0.803968,0.810121,0.814392,0.815929,0.815544,0.815268,0.815341,0.816081,0.813697,0.812846,0.810618,0.809973,0.80971,0.811043,0.812956,0.814587,0.81571,0.817814,0.820176,0.82429,0.827602,0.830144,0.831055,0.833599,0.833686,0.836061,0.834823,0.832087,0.833515,0.835921,0.83472,0.828763,0.824382,0.822027,0.814304,0.815845,0.823491,0.827706,0.833467,0.839262,0.843061,0.84306,0.84463,0.851776,0.85448,0.860368,0.870949,0.879324,0.883775,0.888329,0.899442,0.904268,0.904206,0.906534,0.909256,0.905397,0.904827,0.905948,0.911748,0.910157,0.911429,0.908898,0.910696,0.908281,0.910879,0.902429,0.896348,0.895684,0.890115,0.884183,0.893429,0.899931,0.907559,0.899423,0.905641,0.908908,0.913873,0.93173,0.940414,0.944457,0.955397,0.966675,0.979254,0.988196,1.00057,1.008065,1.014535,1.026741,1.0352,1.03514,1.038382,1.040033,1.024983,1.019402,1.016211,1.008217,0.993441,0.983056,0.977113,0.969813,0.962755,0.959248,0.945889,0.945018,0.944485,0.938845,0.929656,0.924611,0.926042,0.926859,0.934729,0.937295,0.931604,0.929281,0.936952,0.936102,0.939114,0.940193,0.94753,0.946823,0.954857,0.952836,0.950768,0.942978,0.942708,0.94349,0.945741,0.94728,0.954295,0.958835,0.969569,0.977591,0.981565,0.97632,0.975166,0.973542,0.978988,0.980794,0.987238,0.976098,0.97097,0.962105,0.960958,0.950311,0.940478,0.926972,0.91406,0.902371,0.897349,0.891752,0.888593,0.886363,0.88104,0.871114,0.866351,0.863157,0.86384,0.868823,0.866323,0.863092,0.865994,0.862494,0.858469,0.850234,0.847344,0.845076,0.838941,0.838377,0.840103,0.838176,0.841447,0.8448,0.848689,0.857273,0.862284,0.865681,0.867364,0.86596,0.869603,0.879791,0.883195,0.887202,0.888237,0.886023,0.886886,0.887081,0.88556,0.881251,0.884639,0.880827,0.877427,0.875575,0.879986,0.880183,0.881571,0.885066,0.890907,0.895765,0.897254,0.896394,0.893687,0.896349,0.897399,0.893748,0.894641,0.898229,0.900526,0.899921,0.897895,0.892255,0.888353,0.884293,0.884577,0.888214,0.89278,0.895095,0.89123,0.895171,0.891307,0.88401,0.876928,0.875008,0.870478,0.876769,0.877628,0.873692,0.87298,0.868988,0.866601,0.862398,0.862201,0.863651,0.859836,0.862957,0.873814,0.881918,0.882792,0.884455,0.878068,0.874299,0.881694,0.919823,0.916431,0.914696,0.916275,0.914615,0.918856,0.924697,0.927078,0.934113,0.934932,0.935223,0.940379,0.944516,0.945469,0.937793,0.898141,0.896715,0.896024,0.897083,0.895535,0.887921,0.880938,0.873645,0.862317,0.863057,0.859994,0.853555,0.850171,0.845594,0.841775,0.837241,0.834632,0.8317,0.825408,0.821868,0.820138
CRW,Japan,0.884079,0.00884354,0.884024,0.894687,0.900593,0.894026,0.896644,0.900825,0.902719,0.902694,0.905156,0.905449,0.900865,0.904586,0.908744,0.902756,0.905669,0.907644,0.876298,0.878171,0.887257,0.889464,0.88621,0.892076,0.897807,0.900881,0.90359,0.911851,0.913951,0.917072,0.922929,0.935892,0.947026,0.947785,0.946603,0.947186,0.951324,0.955867,0.95876,0.959897,0.960915,0.966504,0.967432,0.971626,0.974035,0.974242,0.970671,0.963906,0.967078,0.974057,0.975014,0.975696,0.976728,0.97716,0.97913,0.980784,0.969725,0.968462,0.966152,0.964402,0.963124,0.9684,0.971834,0.971871,0.97127,0.971488,0.976361,0.975871,0.976466,0.975322,0.978395,0.979568,0.982365,0.985116,0.986185,0.991351,0.990459,0.987647,0.995121,0.990404,0.989789,0.985187,0.978543,0.971972,0.969163,0.973379,0.972708,0.973131,0.975277,0.973518,0.968907,0.967465,0.966205,0.961667,0.961622,0.961439,0.963842,0.968642,0.97613,0.980683,0.974271,0.972278,0.969885,0.964819,0.962854,0.961588,0.959392,0.961316,0.961425,0.962297,0.96429,0.963529,0.962085,0.956691,0.948372,0.947348,0.941596,0.942751,0.942288,0.942425,0.941313,0.939785,0.935007,0.934565,0.934406,0.929932,0.925202,0.92268,0.924033,0.922731,0.925404,0.925971,0.922639,0.922486,0.921417,0.921633,0.922513,0.921236,0.923137,0.919275,0.919342,0.917676,0.917671,0.912256,0.912651,0.910177,0.913227,0.914694,0.91264,0.909838,0.908255,0.904883,0.901908,0.894448,0.895931,0.891951,0.893928,0.895064,0.895457,0.902604,0.902479,0.899231,0.900067,0.902268,0.905996,0.907313,0.907053,0.906835,0.905988,0.903889,0.902428,0.908538,0.908379,0.907914,0.899186,0.899918,0.903007,0.901084,0.899444,0.895497,0.893101,0.893795,0.894425,0.894863,0.895578,0.895208,0.886158,0.88421,0.886058,0.88769,0.889231,0.897995,0.901817,0.901538,0.903511,0.903732,0.903875,0.90369,0.901275,0.901194,0.900014,0.899322,0.897897,0.894242,0.890749,0.876406,0.867819,0.865087,0.86557,0.867117,0.873258,0.901404,0.903459,0.903916,0.902235,0.9017,0.902118,0.902891,0.907325,0.910568,0.912332,0.91733,0.91975,0.92043,0.920625,0.91922,0.889875,0.88848,0.892256,0.893075,0.891583,0.897322,0.896254,0.888499,0.881863,0.881919,0.884272,0.881967,0.881872,0.88119,0.877483,0.875219,0.873506,0.86955,0.869555,0.873704,0.868376,0.868156,0.872499,0.875007,0.873545,0.875386,0.879175,0.879138,0.878026,0.885417,0.888559,0.89315,0.896351,0.896989,0.896304,0.8996,0.904794,0.908094,0.911554,0.918527,0.915977,0.914097,0.910917,0.911976,0.910254,0.911355,0.908414,0.907254,0.905895,0.903875,0.897739,0.87945,0.870615,0.859371,0.835421,0.821837,0.812643,0.810968,0.80295,0.790416,0.783689,0.773266,0.762188,0.753797,0.750801,0.746709,0.742953,0.728307,0.721896,0.717827,0.721925,0.732705,0.7387,0.739481,0.739512,0.742484,0.750057,0.751377,0.75387,0.76113,0.76253,0.765891,0.771624,0.777784,0.790131,0.792674,0.791144,0.786886,0.791496,0.794532,0.796035,0.793446,0.793438,0.790673,0.780159,0.776181,0.781762,0.772511,0.768192,0.763672,0.76962,0.770802,0.770483,0.77749,0.806323,0.812422,0.818345,0.825217,0.842113,0.854663,0.865451,0.850294,0.85053,0.851127,0.850599,0.851217,0.849995,0.851049,0.849737,0.834675,0.829394,0.830384,0.825503,0.825387,0.826902,0.830175,0.840213,0.838528,0.837557,0.8598,0.861165,0.863909,0.864632,0.86663,0.86778,0.871654,0.878774,0.880768,0.878944,0.884079,0.884354,0.884024,0.894687,0.900593,0.894026,0.896644,0.900825,0.902719,0.902694,0.905156,0.905449,0.900865,0.904586,0.908744,0.902756,0.905669,0.907644,0.876298,0.878171,0.887257,0.889464,0.88621,0.892076,0.897807,0.900881,0.90359,0.911851,0.913951,0.917072,0.922929,0.935892,0.947026,0.947785,0.946603,0.947186,0.951324,0.955867,0.95876,0.959897,0.960915,0.966504,0.967432,0.971626,0.974035,0.974242,0.970671,0.963906,0.967078,0.974057,0.975014,0.975696,0.976728,0.97716,0.97913,0.980784,0.969725,0.968462,0.966152,0.964402,0.963124,0.9684,0.971834,0.971871,0.97127,0.971488,0.976361,0.975871,0.976466,0.975322,0.978395,0.979568,0.982365,0.985116,0.986185,0.991351,0.990459,0.987647,0.995121,0.990404,0.989789,0.985187,0.978543,0.971972,0.969163,0.973379,0.972708,0.973131,0.975277,0.973518,0.968907,0.967465,0.966205,0.961667,0.961622,0.961439,0.963842,0.968642,0.97613,0.980683,0.974271,0.972278,0.969885,0.964819,0.962854,0.961588,0.959392,0.961316,0.961425,0.962297,0.96429,0.963529,0.962085,0.956691,0.948372,0.947348,0.941596,0.942751,0.942288,0.942425,0.941313,0.939785,0.935007,0.934565,0.934406,0.929932,0.925202,0.92268,0.924033,0.922731,0.925404,0.925971,0.922639,0.922486,0.921417,0.921633,0.922513,0.921236,0.923137,0.919275,0.919342,0.917676,0.917671,0.912256,0.912651,0.910177,0.913227,0.914694,0.91264,0.909838,0.908255,0.904883,0.901908,0.894448,0.895931,0.891951,0.893928,0.895064,0.895457,0.902604,0.902479,0.899231,0.900067,0.902268,0.905996,0.907313,0.907053,0.906835,0.905988,0.903889,0.902428,0.908538,0.908379,0.907914,0.899186,0.899918,0.903007,0.901084,0.899444,0.895497,0.893101,0.893795,0.894425,0.894863,0.895578,0.895208,0.886158,0.88421,0.886058,0.88769,0.889231,0.897995,0.901817,0.901538,0.903511,0.903732,0.903875,0.90369,0.901275,0.901194,0.900014,0.899322,0.897897,0.894242,0.890749,0.876406,0.867819,0.865087,0.86557,0.867117,0.873258,0.901404,0.903459,0.903916,0.902235,0.9017,0.902118,0.902891,0.907325,0.910568,0.912332,0.91733,0.91975,0.92043,0.920625,0.91922,0.889875,0.88848,0.892256,0.893075,0.891583,0.897322,0.896254,0.888499,0.881863,0.881919,0.884272,0.881967,0.881872,0.88119,0.877483,0.875219,0.873506,0.86955,0.869555,0.873704,0.868376,0.868156,0.872499,0.875007,0.873545,0.875386,0.879175,0.879138,0.878026,0.885417,0.888559,0.89315,0.896351,0.896989,0.896304,0.8996,0.904794,0.908094,0.911554,0.918527,0.915977,0.914097,0.910917,0.911976,0.910254,0.911355,0.908414,0.907254,0.905895,0.903875,0.897739,0.87945,0.870615,0.859371,0.835421,0.821837,0.812643,0.810968,0.80295,0.790416,0.783689,0.773266,0.762188,0.753797,0.750801,0.746709,0.742953,0.728307,0.721896,0.717827,0.721925,0.732705,0.7387,0.739481,0.739512,0.742484,0.750057,0.751377,0.75387,0.76113,0.76253,0.765891,0.771624,0.777784,0.790131,0.792674,0.791144,0.786886,0.791496,0.794532,0.796035,0.793446,0.793438,0.790673,0.780159,0.776181,0.781762,0.772511,0.768192,0.763672,0.76962,0.770802,0.770483,0.77749,0.806323,0.812422,0.818345,0.825217,0.842113,0.854663,0.865451,0.850294,0.85053,0.851127,0.850599,0.851217,0.849995,0.851049,0.849737,0.834675,0.829394,0.830384,0.825503,0.825387,0.826902,0.830175,0.840213,0.838528,0.837557,0.8598,0.861165,0.863909,0.864632,0.86663,0.86778,0.871654,0.878774,0.880768,0.878944
CRW,Jordan,0.849395,0.00856142,0.857887,0.85573,0.854525,0.854264,0.853164,0.851975,0.8509,0.852747,0.853413,0.854462,0.854414,0.855794,0.859528,0.864108,0.859712,0.856384,0.859577,0.861885,0.865782,0.869259,0.870518,0.873989,0.882221,0.888034,0.893753,0.899396,0.904353,0.908078,0.911326,0.915921,0.919382,0.921892,0.92412,0.924608,0.925085,0.92727,0.928106,0.92362,0.918728,0.918209,0.914321,0.910491,0.909212,0.909615,0.908658,0.911247,0.912678,0.914031,0.914894,0.922686,0.92494,0.927856,0.930889,0.934307,0.936658,0.941023,0.946587,0.95083,0.95213,0.954896,0.955161,0.955056,0.965479,0.986286,0.992453,0.99275,0.991416,0.989496,0.988049,0.984873,0.98119,0.97847,0.978162,0.979917,0.977837,0.976294,0.981704,0.985691,0.978849,0.972922,0.973233,0.972679,0.972138,0.971354,0.972916,0.971759,0.971244,0.969038,0.965868,0.96727,0.9701,0.965925,0.958099,0.956176,0.956928,0.95736,0.95594,0.956262,0.955825,0.958747,0.962783,0.960363,0.956377,0.946809,0.939416,0.932346,0.935333,0.93254,0.933311,0.933449,0.932276,0.932083,0.928813,0.928617,0.92301,0.916933,0.915695,0.916906,0.924354,0.925129,0.925901,0.921531,0.912344,0.905449,0.901001,0.89801,0.894594,0.892209,0.892059,0.897863,0.898012,0.8976,0.896316,0.888947,0.892377,0.892164,0.889542,0.891681,0.891341,0.889647,0.895995,0.907596,0.911235,0.906958,0.900316,0.903716,0.906626,0.907119,0.90962,0.910612,0.911637,0.911224,0.908898,0.90902,0.911101,0.906631,0.900654,0.899166,0.90142,0.903886,0.899467,0.894834,0.891772,0.884386,0.872047,0.873984,0.875824,0.876063,0.879064,0.880374,0.881668,0.881064,0.882179,0.886325,0.889934,0.894041,0.897464,0.899991,0.904665,0.909035,0.908093,0.909631,0.91185,0.912045,0.910939,0.911901,0.912713,0.908848,0.907583,0.905497,0.90674,0.909089,0.915104,0.914874,0.919336,0.924329,0.929125,0.928133,0.931166,0.934846,0.938637,0.942151,0.944423,0.939761,0.93894,0.938312,0.933335,0.933552,0.932067,0.925354,0.926233,0.923366,0.905984,0.888154,0.878882,0.879125,0.884385,0.884622,0.880524,0.873613,0.872912,0.864536,0.857589,0.853147,0.860712,0.864583,0.88172,0.901783,0.902837,0.899878,0.893355,0.891888,0.903908,0.920155,0.9314,0.936133,0.939444,0.950847,0.960179,0.966317,0.974605,0.974022,0.970319,0.96843,0.959228,0.959021,0.958541,0.962324,0.96496,0.968211,0.96532,0.966013,0.965627,0.961635,0.958898,0.95784,0.946749,0.947719,0.948219,0.953492,0.953699,0.947349,0.944677,0.944866,0.947907,0.954729,0.947673,0.94097,0.946926,0.950113,0.949437,0.952423,0.94718,0.949565,0.955198,0.961847,0.971395,0.968701,0.966574,0.960196,0.950015,0.951666,0.958233,0.954492,0.946381,0.939919,0.937747,0.940111,0.942016,0.94599,0.949368,0.947798,0.94346,0.936502,0.936297,0.943092,0.940759,0.9334,0.932417,0.935376,0.938328,0.938846,0.935512,0.928096,0.917748,0.904575,0.894708,0.886903,0.883975,0.87943,0.872557,0.873157,0.867035,0.860539,0.860356,0.86189,0.860976,0.862189,0.869349,0.874794,0.881434,0.885331,0.890278,0.897039,0.8985,0.897307,0.895625,0.892634,0.888551,0.886233,0.886797,0.88706,0.885448,0.88339,0.882006,0.881385,0.881155,0.879932,0.877736,0.874502,0.873258,0.871685,0.870548,0.868943,0.86659,0.86404,0.86102,0.857798,0.854466,0.854292,0.854012,0.853763,0.854285,0.853039,0.852884,0.853441,0.854982,0.854285,0.854095,0.852144,0.850823,0.849894,0.849619,0.849395,0.856142,0.857887,0.85573,0.854525,0.854264,0.853164,0.851975,0.8509,0.852747,0.853413,0.854462,0.854414,0.855794,0.859528,0.864108,0.859712,0.856384,0.859577,0.861885,0.865782,0.869259,0.870518,0.873989,0.882221,0.888034,0.893753,0.899396,0.904353,0.908078,0.911326,0.915921,0.919382,0.921892,0.92412,0.924608,0.925085,0.92727,0.928106,0.92362,0.918728,0.918209,0.914321,0.910491,0.909212,0.909615,0.908658,0.911247,0.912678,0.914031,0.914894,0.922686,0.92494,0.927856,0.930889,0.934307,0.936658,0.941023,0.946587,0.95083,0.95213,0.954896,0.955161,0.955056,0.965479,0.986286,0.992453,0.99275,0.991416,0.989496,0.988049,0.984873,0.98119,0.97847,0.978162,0.979917,0.977837,0.976294,0.981704,0.985691,0.978849,0.972922,0.973233,0.972679,0.972138,0.971354,0.972916,0.971759,0.971244,0.969038,0.965868,0.96727,0.9701,0.965925,0.958099,0.956176,0.956928,0.95736,0.95594,0.956262,0.955825,0.958747,0.962783,0.960363,0.956377,0.946809,0.939416,0.932346,0.935333,0.93254,0.933311,0.933449,0.932276,0.932083,0.928813,0.928617,0.92301,0.916933,0.915695,0.916906,0.924354,0.925129,0.925901,0.921531,0.912344,0.905449,0.901001,0.89801,0.894594,0.892209,0.892059,0.897863,0.898012,0.8976,0.896316,0.888947,0.892377,0.892164,0.889542,0.891681,0.891341,0.889647,0.895995,0.907596,0.911235,0.906958,0.900316,0.903716,0.906626,0.907119,0.90962,0.910612,0.911637,0.911224,0.908898,0.90902,0.911101,0.906631,0.900654,0.899166,0.90142,0.903886,0.899467,0.894834,0.891772,0.884386,0.872047,0.873984,0.875824,0.876063,0.879064,0.880374,0.881668,0.881064,0.882179,0.886325,0.889934,0.894041,0.897464,0.899991,0.904665,0.909035,0.908093,0.909631,0.91185,0.912045,0.910939,0.911901,0.912713,0.908848,0.907583,0.905497,0.90674,0.909089,0.915104,0.914874,0.919336,0.924329,0.929125,0.928133,0.931166,0.934846,0.938637,0.942151,0.944423,0.939761,0.93894,0.938312,0.933335,0.933552,0.932067,0.925354,0.926233,0.923366,0.905984,0.888154,0.878882,0.879125,0.884385,0.884622,0.880524,0.873613,0.872912,0.864536,0.857589,0.853147,0.860712,0.864583,0.88172,0.901783,0.902837,0.899878,0.893355,0.891888,0.903908,0.920155,0.9314,0.936133,0.939444,0.950847,0.960179,0.966317,0.974605,0.974022,0.970319,0.96843,0.959228,0.959021,0.958541,0.962324,0.96496,0.968211,0.96532,0.966013,0.965627,0.961635,0.958898,0.95784,0.946749,0.947719,0.948219,0.953492,0.953699,0.947349,0.944677,0.944866,0.947907,0.954729,0.947673,0.94097,0.946926,0.950113,0.949437,0.952423,0.94718,0.949565,0.955198,0.961847,0.971395,0.968701,0.966574,0.960196,0.950015,0.951666,0.958233,0.954492,0.946381,0.939919,0.937747,0.940111,0.942016,0.94599,0.949368,0.947798,0.94346,0.936502,0.936297,0.943092,0.940759,0.9334,0.932417,0.935376,0.938328,0.938846,0.935512,0.928096,0.917748,0.904575,0.894708,0.886903,0.883975,0.87943,0.872557,0.873157,0.867035,0.860539,0.860356,0.86189,0.860976,0.862189,0.869349,0.874794,0.881434,0.885331,0.890278,0.897039,0.8985,0.897307,0.895625,0.892634,0.888551,0.886233,0.886797,0.88706,0.885448,0.88339,0.882006,0.881385,0.881155,0.879932,0.877736,0.874502,0.873258,0.871685,0.870548,0.868943,0.86659,0.86404,0.86102,0.857798,0.854466,0.854292,0.854012,0.853763,0.854285,0.853039,0.852884,0.853441,0.854982,0.854285,0.854095,0.852144,0.850823,0.849894,0.849619
CRW,Kazakhstan,1.01428,0.01019458,1.02433,1.030332,1.033004,1.034127,1.037352,1.039807,1.039584,1.03789,1.042101,1.033472,1.038226,1.041475,1.049392,1.051258,1.059819,1.063638,1.072589,1.081039,1.087116,1.092312,1.097388,1.102872,1.109299,1.118691,1.127241,1.130804,1.13685,1.137938,1.144291,1.146445,1.149153,1.150772,1.154196,1.159174,1.16677,1.177998,1.186977,1.192466,1.192864,1.19384,1.194912,1.188384,1.186075,1.195824,1.198514,1.198979,1.195228,1.188412,1.182644,1.175658,1.16838,1.166665,1.163748,1.16452,1.168554,1.173938,1.180022,1.188314,1.180953,1.183737,1.188435,1.198328,1.204932,1.209288,1.211266,1.210636,1.205082,1.205033,1.204266,1.199733,1.192424,1.189559,1.183497,1.179239,1.171833,1.168679,1.161347,1.15716,1.15157,1.144448,1.136336,1.126278,1.115731,1.093382,1.097943,1.105353,1.109117,1.110241,1.111467,1.111392,1.109691,1.109498,1.107994,1.110551,1.112608,1.113681,1.115679,1.115149,1.113796,1.109139,1.103545,1.098885,1.094536,1.089564,1.084856,1.08241,1.079507,1.074327,1.067157,1.062317,1.063565,1.058455,1.058031,1.056391,1.052723,1.056428,1.058074,1.060826,1.064232,1.063745,1.058711,1.054563,1.052401,1.050517,1.047756,1.040215,1.042808,1.03861,1.030427,1.024356,1.013277,1.005961,0.999688,0.99176,0.995483,1.002866,1.005098,1.00554,1.003241,1.001865,0.998972,0.986375,0.983085,0.980861,0.979385,0.976497,0.97402,0.971417,0.969969,0.962282,0.960995,0.953715,0.951592,0.951475,0.949567,0.949241,0.948353,0.94779,0.946716,0.943403,0.943808,0.942388,0.939199,0.934717,0.929558,0.921094,0.920218,0.915728,0.909972,0.906636,0.904242,0.901306,0.896051,0.893682,0.893393,0.890419,0.889442,0.890024,0.894085,0.894326,0.894258,0.895187,0.893535,0.89412,0.89796,0.898973,0.899304,0.900849,0.90035,0.9024,0.903682,0.903371,0.903823,0.902905,0.904996,0.90546,0.903076,0.900148,0.893147,0.889511,0.886032,0.884977,0.886184,0.881969,0.880897,0.881103,0.880986,0.882552,0.882408,0.882263,0.886894,0.888152,0.888345,0.889295,0.889343,0.890464,0.891597,0.891126,0.890235,0.889816,0.887892,0.884485,0.882124,0.879913,0.87755,0.873824,0.873528,0.875678,0.876933,0.876207,0.875919,0.873255,0.871795,0.871706,0.872713,0.872712,0.873459,0.872546,0.871522,0.872194,0.871221,0.875301,0.874951,0.873658,0.872273,0.870667,0.87024,0.87038,0.869709,0.866282,0.865097,0.865897,0.867478,0.869416,0.869049,0.870316,0.862986,0.861137,0.868437,0.878896,0.887806,0.894683,0.899946,0.903599,0.905824,0.90136,0.896153,0.885054,0.872941,0.867374,0.865944,0.859347,0.8625,0.865742,0.862967,0.866226,0.876902,0.875643,0.869655,0.874587,0.876251,0.873021,0.871992,0.874878,0.880857,0.88535,0.879478,0.876119,0.869691,0.870375,0.874528,0.865881,0.864719,0.870778,0.875571,0.893979,0.904566,0.910834,0.912437,0.91188,0.911693,0.914139,0.913971,0.915408,0.917685,0.91631,0.917026,0.91702,0.919191,0.920036,0.917053,0.918947,0.914233,0.913462,0.913526,0.914436,0.913935,0.920559,0.92012,0.919551,0.922169,0.927903,0.930698,0.931735,0.935999,0.939193,0.940612,0.943039,0.949007,0.951667,0.952895,0.953215,0.946473,0.94651,0.947778,0.948389,0.940649,0.939025,0.943822,0.942794,0.943349,0.947778,0.948066,0.948228,0.951226,0.953701,0.955945,0.959862,0.962131,0.962782,0.963758,0.963404,0.967796,0.970978,0.974616,0.978189,0.98126,0.988533,0.987739,0.995881,0.997864,1.002919,1.006721,1.01428,1.019458,1.02433,1.030332,1.033004,1.034127,1.037352,1.039807,1.039584,1.03789,1.042101,1.033472,1.038226,1.041475,1.049392,1.051258,1.059819,1.063638,1.072589,1.081039,1.087116,1.092312,1.097388,1.102872,1.109299,1.118691,1.127241,1.130804,1.13685,1.137938,1.144291,1.146445,1.149153,1.150772,1.154196,1.159174,1.16677,1.177998,1.186977,1.192466,1.192864,1.19384,1.194912,1.188384,1.186075,1.195824,1.198514,1.198979,1.195228,1.188412,1.182644,1.175658,1.16838,1.166665,1.163748,1.16452,1.168554,1.173938,1.180022,1.188314,1.180953,1.183737,1.188435,1.198328,1.204932,1.209288,1.211266,1.210636,1.205082,1.205033,1.204266,1.199733,1.192424,1.189559,1.183497,1.179239,1.171833,1.168679,1.161347,1.15716,1.15157,1.144448,1.136336,1.126278,1.115731,1.093382,1.097943,1.105353,1.109117,1.110241,1.111467,1.111392,1.109691,1.109498,1.107994,1.110551,1.112608,1.113681,1.115679,1.115149,1.113796,1.109139,1.103545,1.098885,1.094536,1.089564,1.084856,1.08241,1.079507,1.074327,1.067157,1.062317,1.063565,1.058455,1.058031,1.056391,1.052723,1.056428,1.058074,1.060826,1.064232,1.063745,1.058711,1.054563,1.052401,1.050517,1.047756,1.040215,1.042808,1.03861,1.030427,1.024356,1.013277,1.005961,0.999688,0.99176,0.995483,1.002866,1.005098,1.00554,1.003241,1.001865,0.998972,0.986375,0.983085,0.980861,0.979385,0.976497,0.97402,0.971417,0.969969,0.962282,0.960995,0.953715,0.951592,0.951475,0.949567,0.949241,0.948353,0.94779,0.946716,0.943403,0.943808,0.942388,0.939199,0.934717,0.929558,0.921094,0.920218,0.915728,0.909972,0.906636,0.904242,0.901306,0.896051,0.893682,0.893393,0.890419,0.889442,0.890024,0.894085,0.894326,0.894258,0.895187,0.893535,0.89412,0.89796,0.898973,0.899304,0.900849,0.90035,0.9024,0.903682,0.903371,0.903823,0.902905,0.904996,0.90546,0.903076,0.900148,0.893147,0.889511,0.886032,0.884977,0.886184,0.881969,0.880897,0.881103,0.880986,0.882552,0.882408,0.882263,0.886894,0.888152,0.888345,0.889295,0.889343,0.890464,0.891597,0.891126,0.890235,0.889816,0.887892,0.884485,0.882124,0.879913,0.87755,0.873824,0.873528,0.875678,0.876933,0.876207,0.875919,0.873255,0.871795,0.871706,0.872713,0.872712,0.873459,0.872546,0.871522,0.872194,0.871221,0.875301,0.874951,0.873658,0.872273,0.870667,0.87024,0.87038,0.869709,0.866282,0.865097,0.865897,0.867478,0.869416,0.869049,0.870316,0.862986,0.861137,0.868437,0.878896,0.887806,0.894683,0.899946,0.903599,0.905824,0.90136,0.896153,0.885054,0.872941,0.867374,0.865944,0.859347,0.8625,0.865742,0.862967,0.866226,0.876902,0.875643,0.869655,0.874587,0.876251,0.873021,0.871992,0.874878,0.880857,0.88535,0.879478,0.876119,0.869691,0.870375,0.874528,0.865881,0.864719,0.870778,0.875571,0.893979,0.904566,0.910834,0.912437,0.91188,0.911693,0.914139,0.913971,0.915408,0.917685,0.91631,0.917026,0.91702,0.919191,0.920036,0.917053,0.918947,0.914233,0.913462,0.913526,0.914436,0.913935,0.920559,0.92012,0.919551,0.922169,0.927903,0.930698,0.931735,0.935999,0.939193,0.940612,0.943039,0.949007,0.951667,0.952895,0.953215,0.946473,0.94651,0.947778,0.948389,0.940649,0.939025,0.943822,0.942794,0.943349,0.947778,0.948066,0.948228,0.951226,0.953701,0.955945,0.959862,0.962131,0.962782,0.963758,0.963404,0.967796,0.970978,0.974616,0.978189,0.98126,0.988533,0.987739,0.995881,0.997864,1.002919,1.006721
CRW,Kenya,1.256078,0.01258502,1.264627,1.268354,1.280494,1.27852,1.283465,1.28778,1.287191,1.285339,1.275475,1.269041,1.265458,1.25734,1.244076,1.232237,1.229971,1.21504,1.212214,1.199743,1.198688,1.187613,1.182131,1.181398,1.176983,1.179387,1.180528,1.177704,1.180371,1.194057,1.200983,1.194481,1.194338,1.198264,1.203152,1.204419,1.207859,1.206873,1.212515,1.214866,1.219106,1.224035,1.228747,1.234992,1.232149,1.223052,1.22557,1.233974,1.229349,1.228465,1.222405,1.217219,1.216757,1.205903,1.196299,1.192323,1.187107,1.180057,1.171344,1.162777,1.160978,1.155215,1.150818,1.150302,1.14643,1.153495,1.160801,1.164739,1.172852,1.177804,1.179389,1.179037,1.180033,1.180177,1.177702,1.179448,1.17988,1.174925,1.179639,1.182822,1.179105,1.173488,1.172878,1.172147,1.177475,1.175799,1.178839,1.185387,1.187818,1.192026,1.197464,1.202268,1.211206,1.207188,1.209381,1.211941,1.212039,1.20997,1.211561,1.214256,1.224391,1.234092,1.238299,1.252287,1.259597,1.25968,1.266577,1.265611,1.268809,1.269804,1.271864,1.280024,1.290887,1.282334,1.279655,1.271778,1.266191,1.262984,1.244052,1.238925,1.24198,1.240977,1.242555,1.238134,1.23616,1.240603,1.244439,1.246491,1.252212,1.264172,1.272297,1.279438,1.28956,1.302373,1.296983,1.300802,1.298346,1.300124,1.307869,1.315291,1.314062,1.310502,1.307476,1.309655,1.303664,1.30261,1.304853,1.308126,1.301397,1.309653,1.306493,1.30947,1.314612,1.309252,1.303641,1.304558,1.308618,1.315407,1.318438,1.31426,1.314465,1.307108,1.295507,1.288011,1.273966,1.264577,1.253195,1.24032,1.232313,1.220862,1.203886,1.191363,1.173885,1.158492,1.148009,1.133807,1.118819,1.110021,1.104091,1.098371,1.09073,1.084742,1.088674,1.09301,1.103865,1.109208,1.109703,1.108675,1.106405,1.103906,1.098255,1.09384,1.091193,1.087094,1.088195,1.089638,1.086715,1.077119,1.058059,1.04861,1.043898,1.036375,1.025067,1.018769,1.015151,1.01166,1.002755,0.9948,0.986465,0.976893,0.97465,0.971718,0.969947,0.970556,0.966592,0.959414,0.954987,0.952135,0.94948,0.946087,0.944505,0.949616,0.953662,0.960528,0.963252,0.964513,0.964778,0.964737,0.960027,0.958236,0.957108,0.957342,0.956998,0.957844,0.959245,0.960188,0.958832,0.959071,0.953381,0.952141,0.946861,0.943424,0.936952,0.941339,0.945651,0.947768,0.947193,0.946309,0.94401,0.941374,0.938603,0.93655,0.93277,0.930466,0.927856,0.926139,0.92556,0.925088,0.919345,0.912603,0.911191,0.912028,0.914155,0.9146,0.914921,0.917159,0.91866,0.922134,0.925319,0.927535,0.931456,0.934562,0.940637,0.94682,0.953305,0.957762,0.963063,0.966424,0.971061,0.976585,0.980498,0.992472,1.006203,1.016232,1.019052,1.024427,1.030596,1.033636,1.037057,1.036901,1.039561,1.041835,1.048618,1.051633,1.055585,1.059471,1.062401,1.059231,1.05201,1.055997,1.063395,1.06593,1.072159,1.074323,1.080899,1.084109,1.099757,1.099233,1.104104,1.107437,1.130606,1.134218,1.139216,1.146831,1.164808,1.17345,1.181819,1.181293,1.190206,1.204243,1.212121,1.215169,1.223923,1.233161,1.240146,1.233618,1.241415,1.241671,1.24429,1.23324,1.228345,1.231277,1.244273,1.258815,1.249656,1.24857,1.257526,1.265848,1.266379,1.28177,1.28747,1.286869,1.2884,1.290076,1.302666,1.314715,1.319677,1.313611,1.313637,1.317302,1.319019,1.31181,1.305945,1.293887,1.28057,1.27868,1.274023,1.2713,1.266532,1.257812,1.256616,1.255301,1.256165,1.251556,1.252837,1.256078,1.258502,1.264627,1.268354,1.280494,1.27852,1.283465,1.28778,1.287191,1.285339,1.275475,1.269041,1.265458,1.25734,1.244076,1.232237,1.229971,1.21504,1.212214,1.199743,1.198688,1.187613,1.182131,1.181398,1.176983,1.179387,1.180528,1.177704,1.180371,1.194057,1.200983,1.194481,1.194338,1.198264,1.203152,1.204419,1.207859,1.206873,1.212515,1.214866,1.219106,1.224035,1.228747,1.234992,1.232149,1.223052,1.22557,1.233974,1.229349,1.228465,1.222405,1.217219,1.216757,1.205903,1.196299,1.192323,1.187107,1.180057,1.171344,1.162777,1.160978,1.155215,1.150818,1.150302,1.14643,1.153495,1.160801,1.164739,1.172852,1.177804,1.179389,1.179037,1.180033,1.180177,1.177702,1.179448,1.17988,1.174925,1.179639,1.182822,1.179105,1.173488,1.172878,1.172147,1.177475,1.175799,1.178839,1.185387,1.187818,1.192026,1.197464,1.202268,1.211206,1.207188,1.209381,1.211941,1.212039,1.20997,1.211561,1.214256,1.224391,1.234092,1.238299,1.252287,1.259597,1.25968,1.266577,1.265611,1.268809,1.269804,1.271864,1.280024,1.290887,1.282334,1.279655,1.271778,1.266191,1.262984,1.244052,1.238925,1.24198,1.240977,1.242555,1.238134,1.23616,1.240603,1.244439,1.246491,1.252212,1.264172,1.272297,1.279438,1.28956,1.302373,1.296983,1.300802,1.298346,1.300124,1.307869,1.315291,1.314062,1.310502,1.307476,1.309655,1.303664,1.30261,1.304853,1.308126,1.301397,1.309653,1.306493,1.30947,1.314612,1.309252,1.303641,1.304558,1.308618,1.315407,1.318438,1.31426,1.314465,1.307108,1.295507,1.288011,1.273966,1.264577,1.253195,1.24032,1.232313,1.220862,1.203886,1.191363,1.173885,1.158492,1.148009,1.133807,1.118819,1.110021,1.104091,1.098371,1.09073,1.084742,1.088674,1.09301,1.103865,1.109208,1.109703,1.108675,1.106405,1.103906,1.098255,1.09384,1.091193,1.087094,1.088195,1.089638,1.086715,1.077119,1.058059,1.04861,1.043898,1.036375,1.025067,1.018769,1.015151,1.01166,1.002755,0.9948,0.986465,0.976893,0.97465,0.971718,0.969947,0.970556,0.966592,0.959414,0.954987,0.952135,0.94948,0.946087,0.944505,0.949616,0.953662,0.960528,0.963252,0.964513,0.964778,0.964737,0.960027,0.958236,0.957108,0.957342,0.956998,0.957844,0.959245,0.960188,0.958832,0.959071,0.953381,0.952141,0.946861,0.943424,0.936952,0.941339,0.945651,0.947768,0.947193,0.946309,0.94401,0.941374,0.938603,0.93655,0.93277,0.930466,0.927856,0.926139,0.92556,0.925088,0.919345,0.912603,0.911191,0.912028,0.914155,0.9146,0.914921,0.917159,0.91866,0.922134,0.925319,0.927535,0.931456,0.934562,0.940637,0.94682,0.953305,0.957762,0.963063,0.966424,0.971061,0.976585,0.980498,0.992472,1.006203,1.016232,1.019052,1.024427,1.030596,1.033636,1.037057,1.036901,1.039561,1.041835,1.048618,1.051633,1.055585,1.059471,1.062401,1.059231,1.05201,1.055997,1.063395,1.06593,1.072159,1.074323,1.080899,1.084109,1.099757,1.099233,1.104104,1.107437,1.130606,1.134218,1.139216,1.146831,1.164808,1.17345,1.181819,1.181293,1.190206,1.204243,1.212121,1.215169,1.223923,1.233161,1.240146,1.233618,1.241415,1.241671,1.24429,1.23324,1.228345,1.231277,1.244273,1.258815,1.249656,1.24857,1.257526,1.265848,1.266379,1.28177,1.28747,1.286869,1.2884,1.290076,1.302666,1.314715,1.319677,1.313611,1.313637,1.317302,1.319019,1.31181,1.305945,1.293887,1.28057,1.27868,1.274023,1.2713,1.266532,1.257812,1.256616,1.255301,1.256165,1.251556,1.252837
CRW,Kuwait,0.652983,0.006523869999999999,0.659138,0.670618,0.674814,0.686507,0.696217,0.704308,0.710874,0.719596,0.731823,0.743839,0.755603,0.763151,0.768604,0.784369,0.794649,0.805651,0.809143,0.815788,0.811514,0.808193,0.814687,0.827686,0.833952,0.836788,0.855302,0.864823,0.870723,0.874225,0.876586,0.87848,0.883796,0.903792,0.908437,0.912535,0.915163,0.919031,0.922657,0.923761,0.924646,0.91799,0.912853,0.912156,0.91058,0.91123,0.915882,0.914544,0.908586,0.908145,0.907125,0.905706,0.906135,0.899737,0.899126,0.918121,0.919934,0.924955,0.931363,0.935164,0.934095,0.932417,0.934064,0.934541,0.931419,0.931658,0.937156,0.935578,0.938293,0.948764,0.92568,0.9294,0.929178,0.924168,0.920211,0.922072,0.924425,0.924018,0.925693,0.92437,0.925135,0.926701,0.932512,0.936172,0.934861,0.938628,0.939873,0.940494,0.942923,0.945417,0.94364,0.942451,0.944697,0.946404,0.951487,0.954504,0.959102,0.960902,0.957686,0.953975,0.951138,0.951197,0.949853,0.950617,0.951076,0.950533,0.94993,0.947457,0.943355,0.937049,0.932855,0.927134,0.923555,0.926487,0.929659,0.930801,0.925625,0.923686,0.920899,0.91656,0.915236,0.913119,0.909884,0.907371,0.906347,0.909309,0.904406,0.902959,0.89781,0.893364,0.885628,0.881988,0.881162,0.882701,0.887743,0.888211,0.888522,0.888934,0.887571,0.886859,0.878452,0.880102,0.878393,0.880517,0.877954,0.883335,0.881848,0.879618,0.88062,0.880297,0.88103,0.881955,0.884378,0.887645,0.88788,0.887313,0.885737,0.881631,0.881723,0.883143,0.882772,0.885188,0.88883,0.888182,0.888565,0.888775,0.897408,0.897602,0.896881,0.898291,0.908663,0.9205,0.920807,0.917615,0.915448,0.908812,0.904626,0.896089,0.881315,0.872945,0.865832,0.860818,0.863873,0.875526,0.887352,0.896049,0.895546,0.901001,0.906792,0.908802,0.90553,0.899075,0.896814,0.889179,0.878703,0.870247,0.863325,0.854183,0.816227,0.800881,0.780143,0.771758,0.762513,0.748225,0.738501,0.725011,0.713803,0.70907,0.707434,0.706629,0.701712,0.692552,0.686503,0.682247,0.67446,0.672582,0.660028,0.64891,0.641195,0.631194,0.62771,0.624657,0.62183,0.613074,0.602944,0.596358,0.592932,0.587376,0.580586,0.571814,0.562995,0.557111,0.55092,0.548002,0.551628,0.554776,0.557464,0.55445,0.554181,0.558449,0.563407,0.569362,0.577059,0.587486,0.595372,0.602329,0.606562,0.608492,0.609644,0.606696,0.600436,0.598922,0.60091,0.601886,0.599884,0.593428,0.58997,0.584632,0.575172,0.56944,0.567141,0.567533,0.568665,0.570986,0.57564,0.583607,0.586578,0.588826,0.591789,0.592244,0.592778,0.590305,0.586197,0.585852,0.584451,0.581273,0.580098,0.584582,0.585499,0.583943,0.580904,0.575967,0.571664,0.566899,0.561905,0.561558,0.561658,0.562758,0.564385,0.566079,0.569436,0.569142,0.565464,0.56561,0.564103,0.560732,0.558251,0.555892,0.554713,0.559032,0.560171,0.556978,0.556897,0.55399,0.552943,0.552902,0.56491,0.563715,0.556712,0.554891,0.551895,0.553092,0.554151,0.550978,0.54635,0.543259,0.540058,0.540398,0.541147,0.538338,0.537514,0.529196,0.534675,0.54293,0.547391,0.555671,0.56053,0.566142,0.571808,0.576521,0.578057,0.580496,0.581166,0.58504,0.594593,0.600703,0.598731,0.594234,0.590706,0.592648,0.590677,0.585952,0.580271,0.577946,0.57571,0.576574,0.577327,0.577052,0.580459,0.579017,0.584772,0.592827,0.593634,0.594041,0.598933,0.60478,0.613985,0.620881,0.625605,0.63238,0.638863,0.64564,0.650884,0.650454,0.657537,0.652983,0.652387,0.659138,0.670618,0.674814,0.686507,0.696217,0.704308,0.710874,0.719596,0.731823,0.743839,0.755603,0.763151,0.768604,0.784369,0.794649,0.805651,0.809143,0.815788,0.811514,0.808193,0.814687,0.827686,0.833952,0.836788,0.855302,0.864823,0.870723,0.874225,0.876586,0.87848,0.883796,0.903792,0.908437,0.912535,0.915163,0.919031,0.922657,0.923761,0.924646,0.91799,0.912853,0.912156,0.91058,0.91123,0.915882,0.914544,0.908586,0.908145,0.907125,0.905706,0.906135,0.899737,0.899126,0.918121,0.919934,0.924955,0.931363,0.935164,0.934095,0.932417,0.934064,0.934541,0.931419,0.931658,0.937156,0.935578,0.938293,0.948764,0.92568,0.9294,0.929178,0.924168,0.920211,0.922072,0.924425,0.924018,0.925693,0.92437,0.925135,0.926701,0.932512,0.936172,0.934861,0.938628,0.939873,0.940494,0.942923,0.945417,0.94364,0.942451,0.944697,0.946404,0.951487,0.954504,0.959102,0.960902,0.957686,0.953975,0.951138,0.951197,0.949853,0.950617,0.951076,0.950533,0.94993,0.947457,0.943355,0.937049,0.932855,0.927134,0.923555,0.926487,0.929659,0.930801,0.925625,0.923686,0.920899,0.91656,0.915236,0.913119,0.909884,0.907371,0.906347,0.909309,0.904406,0.902959,0.89781,0.893364,0.885628,0.881988,0.881162,0.882701,0.887743,0.888211,0.888522,0.888934,0.887571,0.886859,0.878452,0.880102,0.878393,0.880517,0.877954,0.883335,0.881848,0.879618,0.88062,0.880297,0.88103,0.881955,0.884378,0.887645,0.88788,0.887313,0.885737,0.881631,0.881723,0.883143,0.882772,0.885188,0.88883,0.888182,0.888565,0.888775,0.897408,0.897602,0.896881,0.898291,0.908663,0.9205,0.920807,0.917615,0.915448,0.908812,0.904626,0.896089,0.881315,0.872945,0.865832,0.860818,0.863873,0.875526,0.887352,0.896049,0.895546,0.901001,0.906792,0.908802,0.90553,0.899075,0.896814,0.889179,0.878703,0.870247,0.863325,0.854183,0.816227,0.800881,0.780143,0.771758,0.762513,0.748225,0.738501,0.725011,0.713803,0.70907,0.707434,0.706629,0.701712,0.692552,0.686503,0.682247,0.67446,0.672582,0.660028,0.64891,0.641195,0.631194,0.62771,0.624657,0.62183,0.613074,0.602944,0.596358,0.592932,0.587376,0.580586,0.571814,0.562995,0.557111,0.55092,0.548002,0.551628,0.554776,0.557464,0.55445,0.554181,0.558449,0.563407,0.569362,0.577059,0.587486,0.595372,0.602329,0.606562,0.608492,0.609644,0.606696,0.600436,0.598922,0.60091,0.601886,0.599884,0.593428,0.58997,0.584632,0.575172,0.56944,0.567141,0.567533,0.568665,0.570986,0.57564,0.583607,0.586578,0.588826,0.591789,0.592244,0.592778,0.590305,0.586197,0.585852,0.584451,0.581273,0.580098,0.584582,0.585499,0.583943,0.580904,0.575967,0.571664,0.566899,0.561905,0.561558,0.561658,0.562758,0.564385,0.566079,0.569436,0.569142,0.565464,0.56561,0.564103,0.560732,0.558251,0.555892,0.554713,0.559032,0.560171,0.556978,0.556897,0.55399,0.552943,0.552902,0.56491,0.563715,0.556712,0.554891,0.551895,0.553092,0.554151,0.550978,0.54635,0.543259,0.540058,0.540398,0.541147,0.538338,0.537514,0.529196,0.534675,0.54293,0.547391,0.555671,0.56053,0.566142,0.571808,0.576521,0.578057,0.580496,0.581166,0.58504,0.594593,0.600703,0.598731,0.594234,0.590706,0.592648,0.590677,0.585952,0.580271,0.577946,0.57571,0.576574,0.577327,0.577052,0.580459,0.579017,0.584772,0.592827,0.593634,0.594041,0.598933,0.60478,0.613985,0.620881,0.625605,0.63238,0.638863,0.64564,0.650884,0.650454,0.657537
CRW,Kyrgyzstan,0.91144,0.00913875,0.914459,0.922673,0.926929,0.931198,0.930442,0.933883,0.928191,0.929152,0.933233,0.931745,0.930404,0.935743,0.9443,0.94455,0.947252,0.95498,0.956596,0.958368,0.966709,0.975685,0.98252,0.987158,0.991272,0.998155,1.008016,1.013523,1.013304,1.010199,1.017892,1.022348,1.020865,1.027495,1.037941,1.045775,1.058511,1.070703,1.084502,1.098392,1.103047,1.103895,1.106534,1.107805,1.10988,1.115045,1.116074,1.117004,1.115184,1.102947,1.094631,1.083926,1.071015,1.058729,1.044924,1.054333,1.059137,1.062369,1.070207,1.076773,1.077884,1.089233,1.096354,1.103159,1.109418,1.115879,1.119346,1.12171,1.119679,1.114946,1.104961,1.099265,1.094975,1.087905,1.080461,1.075464,1.057981,1.050404,1.046631,1.042228,1.038996,1.034716,1.027825,1.028917,1.028256,1.021661,1.027654,1.034469,1.036168,1.035093,1.034424,1.034832,1.036151,1.033561,1.031775,1.033585,1.03524,1.037288,1.038135,1.039483,1.038663,1.031792,1.02496,1.022447,1.018466,1.013199,1.007698,1.001983,0.998813,0.996517,0.987745,0.986077,0.990884,0.982206,0.984285,0.981885,0.978266,0.985848,0.984256,0.988008,0.992857,0.991504,0.986926,0.981371,0.976853,0.975398,0.973466,0.969671,0.973945,0.965883,0.959612,0.955148,0.941696,0.93462,0.92477,0.91818,0.926649,0.93397,0.936801,0.935984,0.934438,0.931515,0.927391,0.919877,0.917647,0.916626,0.916244,0.915974,0.91478,0.9143,0.910954,0.905251,0.901111,0.894307,0.890903,0.888731,0.888212,0.885756,0.883737,0.882742,0.880847,0.877373,0.875135,0.874697,0.872211,0.874661,0.868881,0.874561,0.877008,0.877473,0.873917,0.87521,0.874498,0.87391,0.873627,0.873306,0.872484,0.871835,0.86973,0.869003,0.86816,0.865669,0.859407,0.864491,0.862321,0.863595,0.865365,0.86746,0.869301,0.869792,0.870499,0.875245,0.877078,0.880966,0.88246,0.885164,0.892737,0.896664,0.897389,0.900842,0.895121,0.892687,0.889589,0.890071,0.890231,0.880332,0.879906,0.871365,0.875635,0.883531,0.881658,0.879711,0.88246,0.879404,0.877419,0.877272,0.877696,0.880154,0.88069,0.881595,0.882438,0.883454,0.881179,0.880397,0.875253,0.872636,0.872423,0.87186,0.874679,0.878191,0.882641,0.884583,0.882754,0.881126,0.879119,0.878114,0.879192,0.880481,0.880544,0.881492,0.882962,0.882282,0.881081,0.880793,0.876971,0.871095,0.865661,0.865344,0.865878,0.866275,0.865885,0.861426,0.857965,0.859796,0.865608,0.864516,0.865891,0.867753,0.870614,0.872151,0.873827,0.874697,0.872742,0.872603,0.868041,0.863837,0.86676,0.867639,0.86429,0.829469,0.815766,0.80637,0.799288,0.791044,0.791773,0.789771,0.79092,0.792108,0.797131,0.799672,0.800851,0.805671,0.8115,0.814313,0.819849,0.824522,0.832502,0.829556,0.825391,0.821403,0.821893,0.816676,0.822036,0.822974,0.819175,0.820911,0.819755,0.827962,0.842019,0.864581,0.878378,0.883221,0.883066,0.882885,0.881484,0.875905,0.881005,0.882179,0.87823,0.876588,0.876356,0.876658,0.873978,0.872808,0.866263,0.864571,0.864856,0.864636,0.864722,0.878401,0.878341,0.873641,0.876858,0.881074,0.882651,0.887143,0.891652,0.897766,0.89978,0.900968,0.907211,0.90869,0.907547,0.907016,0.900382,0.899964,0.897961,0.893406,0.877857,0.875436,0.871408,0.867102,0.860955,0.871607,0.874782,0.877813,0.886288,0.89027,0.891844,0.896397,0.897007,0.89973,0.903703,0.904547,0.909355,0.912647,0.91698,0.921874,0.91883,0.919496,0.915565,0.910146,0.911818,0.913321,0.908406,0.91144,0.913875,0.914459,0.922673,0.926929,0.931198,0.930442,0.933883,0.928191,0.929152,0.933233,0.931745,0.930404,0.935743,0.9443,0.94455,0.947252,0.95498,0.956596,0.958368,0.966709,0.975685,0.98252,0.987158,0.991272,0.998155,1.008016,1.013523,1.013304,1.010199,1.017892,1.022348,1.020865,1.027495,1.037941,1.045775,1.058511,1.070703,1.084502,1.098392,1.103047,1.103895,1.106534,1.107805,1.10988,1.115045,1.116074,1.117004,1.115184,1.102947,1.094631,1.083926,1.071015,1.058729,1.044924,1.054333,1.059137,1.062369,1.070207,1.076773,1.077884,1.089233,1.096354,1.103159,1.109418,1.115879,1.119346,1.12171,1.119679,1.114946,1.104961,1.099265,1.094975,1.087905,1.080461,1.075464,1.057981,1.050404,1.046631,1.042228,1.038996,1.034716,1.027825,1.028917,1.028256,1.021661,1.027654,1.034469,1.036168,1.035093,1.034424,1.034832,1.036151,1.033561,1.031775,1.033585,1.03524,1.037288,1.038135,1.039483,1.038663,1.031792,1.02496,1.022447,1.018466,1.013199,1.007698,1.001983,0.998813,0.996517,0.987745,0.986077,0.990884,0.982206,0.984285,0.981885,0.978266,0.985848,0.984256,0.988008,0.992857,0.991504,0.986926,0.981371,0.976853,0.975398,0.973466,0.969671,0.973945,0.965883,0.959612,0.955148,0.941696,0.93462,0.92477,0.91818,0.926649,0.93397,0.936801,0.935984,0.934438,0.931515,0.927391,0.919877,0.917647,0.916626,0.916244,0.915974,0.91478,0.9143,0.910954,0.905251,0.901111,0.894307,0.890903,0.888731,0.888212,0.885756,0.883737,0.882742,0.880847,0.877373,0.875135,0.874697,0.872211,0.874661,0.868881,0.874561,0.877008,0.877473,0.873917,0.87521,0.874498,0.87391,0.873627,0.873306,0.872484,0.871835,0.86973,0.869003,0.86816,0.865669,0.859407,0.864491,0.862321,0.863595,0.865365,0.86746,0.869301,0.869792,0.870499,0.875245,0.877078,0.880966,0.88246,0.885164,0.892737,0.896664,0.897389,0.900842,0.895121,0.892687,0.889589,0.890071,0.890231,0.880332,0.879906,0.871365,0.875635,0.883531,0.881658,0.879711,0.88246,0.879404,0.877419,0.877272,0.877696,0.880154,0.88069,0.881595,0.882438,0.883454,0.881179,0.880397,0.875253,0.872636,0.872423,0.87186,0.874679,0.878191,0.882641,0.884583,0.882754,0.881126,0.879119,0.878114,0.879192,0.880481,0.880544,0.881492,0.882962,0.882282,0.881081,0.880793,0.876971,0.871095,0.865661,0.865344,0.865878,0.866275,0.865885,0.861426,0.857965,0.859796,0.865608,0.864516,0.865891,0.867753,0.870614,0.872151,0.873827,0.874697,0.872742,0.872603,0.868041,0.863837,0.86676,0.867639,0.86429,0.829469,0.815766,0.80637,0.799288,0.791044,0.791773,0.789771,0.79092,0.792108,0.797131,0.799672,0.800851,0.805671,0.8115,0.814313,0.819849,0.824522,0.832502,0.829556,0.825391,0.821403,0.821893,0.816676,0.822036,0.822974,0.819175,0.820911,0.819755,0.827962,0.842019,0.864581,0.878378,0.883221,0.883066,0.882885,0.881484,0.875905,0.881005,0.882179,0.87823,0.876588,0.876356,0.876658,0.873978,0.872808,0.866263,0.864571,0.864856,0.864636,0.864722,0.878401,0.878341,0.873641,0.876858,0.881074,0.882651,0.887143,0.891652,0.897766,0.89978,0.900968,0.907211,0.90869,0.907547,0.907016,0.900382,0.899964,0.897961,0.893406,0.877857,0.875436,0.871408,0.867102,0.860955,0.871607,0.874782,0.877813,0.886288,0.89027,0.891844,0.896397,0.897007,0.89973,0.903703,0.904547,0.909355,0.912647,0.91698,0.921874,0.91883,0.919496,0.915565,0.910146,0.911818,0.913321,0.908406
CRW,Laos,0.809343,0.00801823,0.799108,0.801944,0.799907,0.798431,0.789806,0.787161,0.785881,0.787705,0.787387,0.786472,0.788645,0.791238,0.791144,0.791311,0.799903,0.805184,0.810686,0.816893,0.820964,0.825651,0.827509,0.824003,0.81983,0.816029,0.810295,0.795891,0.78933,0.791171,0.796799,0.795059,0.790854,0.785101,0.781187,0.779571,0.776735,0.775279,0.777385,0.777801,0.778409,0.788092,0.804038,0.808006,0.811369,0.816396,0.820762,0.826522,0.83001,0.83323,0.836359,0.839428,0.839484,0.839793,0.839463,0.836813,0.833224,0.829449,0.824587,0.818761,0.813064,0.807965,0.802268,0.792932,0.780749,0.766869,0.762926,0.766059,0.768375,0.769315,0.787323,0.794977,0.800038,0.803018,0.804999,0.806045,0.806467,0.805619,0.802478,0.799073,0.797336,0.791595,0.783794,0.781021,0.778006,0.771166,0.765616,0.765491,0.766241,0.769814,0.772081,0.774633,0.776213,0.773182,0.771035,0.774428,0.777961,0.786188,0.792172,0.799378,0.810944,0.825414,0.832015,0.834481,0.832193,0.833901,0.836537,0.8388,0.843382,0.84983,0.851288,0.856663,0.854629,0.846036,0.833898,0.818341,0.803662,0.796064,0.804395,0.81763,0.820404,0.820045,0.824509,0.831948,0.838105,0.840641,0.835097,0.835647,0.837842,0.843789,0.851066,0.851305,0.855488,0.846768,0.844782,0.850368,0.853099,0.846782,0.838708,0.82595,0.815626,0.815184,0.808214,0.799498,0.795232,0.796127,0.798638,0.798977,0.793683,0.778658,0.773682,0.773339,0.772821,0.776435,0.782508,0.786267,0.783466,0.784527,0.78638,0.784661,0.77537,0.766823,0.76555,0.768197,0.773697,0.76881,0.763502,0.76726,0.762358,0.761246,0.758137,0.754988,0.751207,0.749171,0.745498,0.746123,0.750855,0.748372,0.745308,0.74255,0.732787,0.724656,0.712677,0.710696,0.710405,0.71042,0.704819,0.701963,0.708191,0.715589,0.717301,0.71383,0.71066,0.706668,0.705855,0.71389,0.7169,0.71765,0.724301,0.728025,0.739346,0.748511,0.750736,0.756246,0.759052,0.765863,0.767529,0.767357,0.765815,0.758651,0.752903,0.757791,0.765288,0.768212,0.766977,0.76294,0.757817,0.762113,0.765865,0.773543,0.787757,0.804819,0.81881,0.8255,0.836471,0.852836,0.860564,0.859957,0.854583,0.856861,0.857476,0.861028,0.859786,0.858008,0.857517,0.850956,0.854541,0.853326,0.854739,0.855621,0.853813,0.852287,0.854141,0.851399,0.851875,0.855511,0.867807,0.873025,0.878222,0.882501,0.879781,0.869069,0.86801,0.876633,0.89335,0.910183,0.918696,0.921117,0.930666,0.940673,0.950469,0.947626,0.952571,0.94731,0.943707,0.953039,0.95332,0.956397,0.949999,0.93236,0.907326,0.900659,0.900215,0.902062,0.902323,0.909886,0.921374,0.924815,0.936712,0.936186,0.925593,0.93074,0.939401,0.952662,0.968798,0.985223,1.000725,1.011047,1.015399,1.020581,1.008975,0.995726,0.993434,0.995467,1.004371,1.015104,1.009527,1.002426,1.000154,0.990853,0.986403,0.974723,0.97235,0.974516,0.973382,0.980904,0.982248,0.984105,0.984691,0.988878,0.987954,0.987555,0.995099,1.00816,1.010243,1.015233,1.024965,1.023624,1.032515,1.02213,1.011446,1.014138,1.008907,0.996644,0.998634,0.991288,0.991056,0.982112,0.957397,0.962926,0.983768,0.972019,0.966504,0.951463,0.959385,0.967675,0.96893,0.970319,0.970573,0.957925,0.960648,0.960719,0.956618,0.953446,0.935974,0.903781,0.89391,0.883131,0.868751,0.862179,0.852961,0.845634,0.841448,0.830799,0.823061,0.818038,0.816177,0.810723,0.811571,0.813928,0.813193,0.813691,0.819831,0.819474,0.815946,0.809343,0.801823,0.799108,0.801944,0.799907,0.798431,0.789806,0.787161,0.785881,0.787705,0.787387,0.786472,0.788645,0.791238,0.791144,0.791311,0.799903,0.805184,0.810686,0.816893,0.820964,0.825651,0.827509,0.824003,0.81983,0.816029,0.810295,0.795891,0.78933,0.791171,0.796799,0.795059,0.790854,0.785101,0.781187,0.779571,0.776735,0.775279,0.777385,0.777801,0.778409,0.788092,0.804038,0.808006,0.811369,0.816396,0.820762,0.826522,0.83001,0.83323,0.836359,0.839428,0.839484,0.839793,0.839463,0.836813,0.833224,0.829449,0.824587,0.818761,0.813064,0.807965,0.802268,0.792932,0.780749,0.766869,0.762926,0.766059,0.768375,0.769315,0.787323,0.794977,0.800038,0.803018,0.804999,0.806045,0.806467,0.805619,0.802478,0.799073,0.797336,0.791595,0.783794,0.781021,0.778006,0.771166,0.765616,0.765491,0.766241,0.769814,0.772081,0.774633,0.776213,0.773182,0.771035,0.774428,0.777961,0.786188,0.792172,0.799378,0.810944,0.825414,0.832015,0.834481,0.832193,0.833901,0.836537,0.8388,0.843382,0.84983,0.851288,0.856663,0.854629,0.846036,0.833898,0.818341,0.803662,0.796064,0.804395,0.81763,0.820404,0.820045,0.824509,0.831948,0.838105,0.840641,0.835097,0.835647,0.837842,0.843789,0.851066,0.851305,0.855488,0.846768,0.844782,0.850368,0.853099,0.846782,0.838708,0.82595,0.815626,0.815184,0.808214,0.799498,0.795232,0.796127,0.798638,0.798977,0.793683,0.778658,0.773682,0.773339,0.772821,0.776435,0.782508,0.786267,0.783466,0.784527,0.78638,0.784661,0.77537,0.766823,0.76555,0.768197,0.773697,0.76881,0.763502,0.76726,0.762358,0.761246,0.758137,0.754988,0.751207,0.749171,0.745498,0.746123,0.750855,0.748372,0.745308,0.74255,0.732787,0.724656,0.712677,0.710696,0.710405,0.71042,0.704819,0.701963,0.708191,0.715589,0.717301,0.71383,0.71066,0.706668,0.705855,0.71389,0.7169,0.71765,0.724301,0.728025,0.739346,0.748511,0.750736,0.756246,0.759052,0.765863,0.767529,0.767357,0.765815,0.758651,0.752903,0.757791,0.765288,0.768212,0.766977,0.76294,0.757817,0.762113,0.765865,0.773543,0.787757,0.804819,0.81881,0.8255,0.836471,0.852836,0.860564,0.859957,0.854583,0.856861,0.857476,0.861028,0.859786,0.858008,0.857517,0.850956,0.854541,0.853326,0.854739,0.855621,0.853813,0.852287,0.854141,0.851399,0.851875,0.855511,0.867807,0.873025,0.878222,0.882501,0.879781,0.869069,0.86801,0.876633,0.89335,0.910183,0.918696,0.921117,0.930666,0.940673,0.950469,0.947626,0.952571,0.94731,0.943707,0.953039,0.95332,0.956397,0.949999,0.93236,0.907326,0.900659,0.900215,0.902062,0.902323,0.909886,0.921374,0.924815,0.936712,0.936186,0.925593,0.93074,0.939401,0.952662,0.968798,0.985223,1.000725,1.011047,1.015399,1.020581,1.008975,0.995726,0.993434,0.995467,1.004371,1.015104,1.009527,1.002426,1.000154,0.990853,0.986403,0.974723,0.97235,0.974516,0.973382,0.980904,0.982248,0.984105,0.984691,0.988878,0.987954,0.987555,0.995099,1.00816,1.010243,1.015233,1.024965,1.023624,1.032515,1.02213,1.011446,1.014138,1.008907,0.996644,0.998634,0.991288,0.991056,0.982112,0.957397,0.962926,0.983768,0.972019,0.966504,0.951463,0.959385,0.967675,0.96893,0.970319,0.970573,0.957925,0.960648,0.960719,0.956618,0.953446,0.935974,0.903781,0.89391,0.883131,0.868751,0.862179,0.852961,0.845634,0.841448,0.830799,0.823061,0.818038,0.816177,0.810723,0.811571,0.813928,0.813193,0.813691,0.819831,0.819474,0.815946
CRW,Latvia,0.969167,0.0096986,0.971626,0.973964,0.972496,0.969289,0.972117,0.96903,0.975313,0.98111,0.986347,0.993125,0.996789,1.003104,1.007332,1.008982,1.00802,1.010765,1.014565,1.0148,1.01547,1.018269,1.018523,1.016301,1.013639,1.014611,1.014939,1.0171,1.016622,1.009482,1.011724,1.023151,1.029048,1.0359,1.044709,1.048905,1.05008,1.040348,1.033098,1.042529,1.045157,1.046896,1.054577,1.056293,1.053438,1.050396,1.044593,1.042726,1.034188,1.030209,1.029395,1.028673,1.030775,1.036271,1.034547,1.035075,1.035282,1.030556,1.030357,1.031631,1.030917,1.030654,1.023559,1.02529,1.019331,1.017071,1.017474,1.021206,1.025039,1.025949,1.022993,1.025757,1.025048,1.026706,1.027682,1.032832,1.038607,1.044239,1.045311,1.04766,1.047996,1.048979,1.048622,1.041239,1.040108,1.041695,1.039311,1.039816,1.042186,1.042788,1.044222,1.042126,1.04088,1.041477,1.040209,1.037771,1.034001,1.025616,1.02579,1.020284,1.013945,1.010155,1.011912,1.006559,1.002452,0.994733,0.992092,0.994996,0.996347,0.99734,0.998283,1.001977,1.000785,0.996968,0.99808,0.999475,1.002845,1.00142,1.004723,1.005454,1.006017,1.003224,0.998112,0.997715,0.993902,0.99029,0.988883,0.987656,0.990491,0.991264,0.989305,0.985659,0.980605,0.976712,0.976715,0.974116,0.971763,0.97044,0.962437,0.963152,0.96223,0.957301,0.958215,0.96108,0.964612,0.967233,0.967881,0.969562,0.968153,0.965917,0.967738,0.971974,0.974893,0.979463,0.981957,0.985319,0.98944,0.990163,0.980485,0.973634,0.970629,0.966977,0.967352,0.968615,0.968962,0.966262,0.961707,0.957158,0.950805,0.945122,0.942306,0.940294,0.9387,0.940309,0.939451,0.939534,0.940339,0.938127,0.931468,0.926605,0.922686,0.919983,0.916605,0.916095,0.915271,0.912966,0.90789,0.920504,0.913103,0.907793,0.905017,0.901279,0.896405,0.902666,0.901234,0.902635,0.901751,0.901533,0.900901,0.899689,0.896748,0.884968,0.886681,0.894033,0.892585,0.892889,0.895075,0.889113,0.888137,0.883635,0.87951,0.881385,0.883156,0.877515,0.872761,0.872955,0.874545,0.873138,0.862965,0.863703,0.862238,0.85943,0.858121,0.85677,0.856998,0.856307,0.853236,0.847844,0.849214,0.85278,0.854972,0.854702,0.859489,0.862712,0.86128,0.857346,0.855303,0.852574,0.852008,0.850322,0.849274,0.848248,0.847426,0.847196,0.846263,0.844399,0.844679,0.836494,0.834966,0.831532,0.831951,0.831797,0.832481,0.836354,0.837729,0.838438,0.844783,0.848194,0.851126,0.851786,0.851532,0.848703,0.847937,0.847711,0.84677,0.84858,0.849836,0.853217,0.851164,0.851271,0.85097,0.849095,0.849958,0.848861,0.846329,0.844813,0.84505,0.845346,0.845314,0.846946,0.845603,0.844983,0.835396,0.833062,0.831761,0.830896,0.829942,0.826994,0.82735,0.827325,0.833074,0.832994,0.832277,0.833371,0.832987,0.836367,0.836079,0.83795,0.841847,0.84624,0.8484,0.847919,0.84997,0.850316,0.853103,0.85187,0.853595,0.856981,0.859247,0.860599,0.860747,0.872513,0.872001,0.870821,0.869438,0.870309,0.871133,0.870787,0.87248,0.87338,0.872972,0.876898,0.878348,0.87793,0.878659,0.880338,0.885534,0.890308,0.897549,0.90121,0.903862,0.907667,0.914454,0.918973,0.922185,0.92426,0.92663,0.927697,0.930223,0.932891,0.934728,0.9318,0.928717,0.921902,0.922047,0.920947,0.919867,0.91486,0.913216,0.91275,0.920041,0.92309,0.925302,0.925174,0.930269,0.937528,0.940072,0.952476,0.959951,0.962569,0.964209,0.967099,0.968833,0.968918,0.971499,0.969167,0.96986,0.971626,0.973964,0.972496,0.969289,0.972117,0.96903,0.975313,0.98111,0.986347,0.993125,0.996789,1.003104,1.007332,1.008982,1.00802,1.010765,1.014565,1.0148,1.01547,1.018269,1.018523,1.016301,1.013639,1.014611,1.014939,1.0171,1.016622,1.009482,1.011724,1.023151,1.029048,1.0359,1.044709,1.048905,1.05008,1.040348,1.033098,1.042529,1.045157,1.046896,1.054577,1.056293,1.053438,1.050396,1.044593,1.042726,1.034188,1.030209,1.029395,1.028673,1.030775,1.036271,1.034547,1.035075,1.035282,1.030556,1.030357,1.031631,1.030917,1.030654,1.023559,1.02529,1.019331,1.017071,1.017474,1.021206,1.025039,1.025949,1.022993,1.025757,1.025048,1.026706,1.027682,1.032832,1.038607,1.044239,1.045311,1.04766,1.047996,1.048979,1.048622,1.041239,1.040108,1.041695,1.039311,1.039816,1.042186,1.042788,1.044222,1.042126,1.04088,1.041477,1.040209,1.037771,1.034001,1.025616,1.02579,1.020284,1.013945,1.010155,1.011912,1.006559,1.002452,0.994733,0.992092,0.994996,0.996347,0.99734,0.998283,1.001977,1.000785,0.996968,0.99808,0.999475,1.002845,1.00142,1.004723,1.005454,1.006017,1.003224,0.998112,0.997715,0.993902,0.99029,0.988883,0.987656,0.990491,0.991264,0.989305,0.985659,0.980605,0.976712,0.976715,0.974116,0.971763,0.97044,0.962437,0.963152,0.96223,0.957301,0.958215,0.96108,0.964612,0.967233,0.967881,0.969562,0.968153,0.965917,0.967738,0.971974,0.974893,0.979463,0.981957,0.985319,0.98944,0.990163,0.980485,0.973634,0.970629,0.966977,0.967352,0.968615,0.968962,0.966262,0.961707,0.957158,0.950805,0.945122,0.942306,0.940294,0.9387,0.940309,0.939451,0.939534,0.940339,0.938127,0.931468,0.926605,0.922686,0.919983,0.916605,0.916095,0.915271,0.912966,0.90789,0.920504,0.913103,0.907793,0.905017,0.901279,0.896405,0.902666,0.901234,0.902635,0.901751,0.901533,0.900901,0.899689,0.896748,0.884968,0.886681,0.894033,0.892585,0.892889,0.895075,0.889113,0.888137,0.883635,0.87951,0.881385,0.883156,0.877515,0.872761,0.872955,0.874545,0.873138,0.862965,0.863703,0.862238,0.85943,0.858121,0.85677,0.856998,0.856307,0.853236,0.847844,0.849214,0.85278,0.854972,0.854702,0.859489,0.862712,0.86128,0.857346,0.855303,0.852574,0.852008,0.850322,0.849274,0.848248,0.847426,0.847196,0.846263,0.844399,0.844679,0.836494,0.834966,0.831532,0.831951,0.831797,0.832481,0.836354,0.837729,0.838438,0.844783,0.848194,0.851126,0.851786,0.851532,0.848703,0.847937,0.847711,0.84677,0.84858,0.849836,0.853217,0.851164,0.851271,0.85097,0.849095,0.849958,0.848861,0.846329,0.844813,0.84505,0.845346,0.845314,0.846946,0.845603,0.844983,0.835396,0.833062,0.831761,0.830896,0.829942,0.826994,0.82735,0.827325,0.833074,0.832994,0.832277,0.833371,0.832987,0.836367,0.836079,0.83795,0.841847,0.84624,0.8484,0.847919,0.84997,0.850316,0.853103,0.85187,0.853595,0.856981,0.859247,0.860599,0.860747,0.872513,0.872001,0.870821,0.869438,0.870309,0.871133,0.870787,0.87248,0.87338,0.872972,0.876898,0.878348,0.87793,0.878659,0.880338,0.885534,0.890308,0.897549,0.90121,0.903862,0.907667,0.914454,0.918973,0.922185,0.92426,0.92663,0.927697,0.930223,0.932891,0.934728,0.9318,0.928717,0.921902,0.922047,0.920947,0.919867,0.91486,0.913216,0.91275,0.920041,0.92309,0.925302,0.925174,0.930269,0.937528,0.940072,0.952476,0.959951,0.962569,0.964209,0.967099,0.968833,0.968918,0.971499
CRW,Lebanon,0.860489,0.00863314,0.869725,0.868262,0.868915,0.870833,0.875449,0.877967,0.872286,0.876013,0.877781,0.882672,0.88473,0.883606,0.884279,0.885103,0.883066,0.877768,0.880405,0.880954,0.885184,0.878525,0.871499,0.875307,0.890867,0.897671,0.898823,0.901894,0.905756,0.908794,0.912396,0.917282,0.922749,0.926227,0.931374,0.931376,0.937137,0.943624,0.945816,0.934815,0.928079,0.938258,0.937809,0.938924,0.949147,0.951326,0.954123,0.961962,0.972736,0.973184,0.977239,0.984063,0.989962,0.996491,1.001672,1.004277,1.006396,1.011631,1.017663,1.017115,1.015526,1.014394,1.009463,1.003035,1.017837,1.031239,1.033659,1.033682,1.033886,1.035522,1.034873,1.035641,1.03634,1.036322,1.03441,1.035417,1.027702,1.028518,1.03081,1.027406,1.018947,1.017296,1.01619,1.010943,1.006049,1.002738,0.998103,0.993625,0.988212,0.987354,0.987614,0.989836,0.988656,0.984185,0.988698,0.990916,0.989188,0.985301,0.982994,0.988693,0.99163,0.999681,1.000538,1.000439,0.994196,0.984808,0.976086,0.971317,0.974965,0.975131,0.973529,0.974461,0.973589,0.975259,0.96805,0.961818,0.951367,0.947211,0.944673,0.943636,0.940267,0.937774,0.940601,0.934848,0.920342,0.914451,0.906867,0.903142,0.8955,0.890644,0.897692,0.901903,0.902445,0.901553,0.897982,0.893671,0.897295,0.888328,0.881207,0.878176,0.876465,0.878057,0.876411,0.882469,0.88111,0.870574,0.859657,0.873895,0.875618,0.884521,0.889068,0.885568,0.886548,0.884498,0.884009,0.88351,0.880477,0.87921,0.875722,0.881958,0.883887,0.885881,0.876586,0.875522,0.865469,0.862008,0.861535,0.860241,0.860053,0.861164,0.862472,0.864048,0.86551,0.861593,0.854642,0.852284,0.852768,0.857783,0.858885,0.859299,0.865625,0.868293,0.881207,0.882831,0.886322,0.889094,0.891661,0.892382,0.892159,0.889142,0.886733,0.88827,0.884955,0.881766,0.881927,0.883677,0.884546,0.867408,0.86406,0.861598,0.860316,0.862719,0.867225,0.87267,0.874625,0.874403,0.871415,0.873086,0.87458,0.871652,0.869616,0.865787,0.86628,0.86771,0.871779,0.87409,0.873994,0.874827,0.873739,0.877343,0.878316,0.883019,0.883096,0.871606,0.86221,0.864764,0.872821,0.878191,0.889033,0.908941,0.906162,0.904682,0.888531,0.884933,0.891413,0.895247,0.898433,0.896487,0.893178,0.893174,0.889452,0.883344,0.882805,0.883003,0.877248,0.877096,0.882829,0.888903,0.893119,0.893935,0.899186,0.903563,0.895557,0.894571,0.886517,0.883277,0.878402,0.874277,0.873228,0.865601,0.871374,0.871745,0.872957,0.870906,0.871248,0.873233,0.872745,0.875516,0.874336,0.874932,0.883521,0.886926,0.894027,0.891016,0.889912,0.88479,0.887198,0.881426,0.883164,0.878872,0.872852,0.86753,0.861701,0.864039,0.865591,0.862716,0.857969,0.849163,0.856268,0.856606,0.852001,0.846335,0.854978,0.860918,0.863242,0.86131,0.863628,0.865713,0.856048,0.852086,0.843258,0.845534,0.840163,0.825788,0.831019,0.828797,0.822237,0.817472,0.806375,0.797915,0.795169,0.798148,0.795668,0.803534,0.793048,0.787084,0.782972,0.78624,0.790089,0.782364,0.784933,0.788679,0.789836,0.788565,0.794982,0.799789,0.796734,0.80162,0.802113,0.808437,0.811156,0.811701,0.809635,0.81029,0.812028,0.811799,0.813656,0.814555,0.816721,0.811587,0.809127,0.80745,0.811687,0.809976,0.809495,0.812278,0.819872,0.820356,0.820872,0.821012,0.82099,0.82144,0.821675,0.825199,0.827958,0.827878,0.831254,0.835309,0.843206,0.846571,0.850066,0.84899,0.849346,0.854446,0.856763,0.860489,0.863314,0.869725,0.868262,0.868915,0.870833,0.875449,0.877967,0.872286,0.876013,0.877781,0.882672,0.88473,0.883606,0.884279,0.885103,0.883066,0.877768,0.880405,0.880954,0.885184,0.878525,0.871499,0.875307,0.890867,0.897671,0.898823,0.901894,0.905756,0.908794,0.912396,0.917282,0.922749,0.926227,0.931374,0.931376,0.937137,0.943624,0.945816,0.934815,0.928079,0.938258,0.937809,0.938924,0.949147,0.951326,0.954123,0.961962,0.972736,0.973184,0.977239,0.984063,0.989962,0.996491,1.001672,1.004277,1.006396,1.011631,1.017663,1.017115,1.015526,1.014394,1.009463,1.003035,1.017837,1.031239,1.033659,1.033682,1.033886,1.035522,1.034873,1.035641,1.03634,1.036322,1.03441,1.035417,1.027702,1.028518,1.03081,1.027406,1.018947,1.017296,1.01619,1.010943,1.006049,1.002738,0.998103,0.993625,0.988212,0.987354,0.987614,0.989836,0.988656,0.984185,0.988698,0.990916,0.989188,0.985301,0.982994,0.988693,0.99163,0.999681,1.000538,1.000439,0.994196,0.984808,0.976086,0.971317,0.974965,0.975131,0.973529,0.974461,0.973589,0.975259,0.96805,0.961818,0.951367,0.947211,0.944673,0.943636,0.940267,0.937774,0.940601,0.934848,0.920342,0.914451,0.906867,0.903142,0.8955,0.890644,0.897692,0.901903,0.902445,0.901553,0.897982,0.893671,0.897295,0.888328,0.881207,0.878176,0.876465,0.878057,0.876411,0.882469,0.88111,0.870574,0.859657,0.873895,0.875618,0.884521,0.889068,0.885568,0.886548,0.884498,0.884009,0.88351,0.880477,0.87921,0.875722,0.881958,0.883887,0.885881,0.876586,0.875522,0.865469,0.862008,0.861535,0.860241,0.860053,0.861164,0.862472,0.864048,0.86551,0.861593,0.854642,0.852284,0.852768,0.857783,0.858885,0.859299,0.865625,0.868293,0.881207,0.882831,0.886322,0.889094,0.891661,0.892382,0.892159,0.889142,0.886733,0.88827,0.884955,0.881766,0.881927,0.883677,0.884546,0.867408,0.86406,0.861598,0.860316,0.862719,0.867225,0.87267,0.874625,0.874403,0.871415,0.873086,0.87458,0.871652,0.869616,0.865787,0.86628,0.86771,0.871779,0.87409,0.873994,0.874827,0.873739,0.877343,0.878316,0.883019,0.883096,0.871606,0.86221,0.864764,0.872821,0.878191,0.889033,0.908941,0.906162,0.904682,0.888531,0.884933,0.891413,0.895247,0.898433,0.896487,0.893178,0.893174,0.889452,0.883344,0.882805,0.883003,0.877248,0.877096,0.882829,0.888903,0.893119,0.893935,0.899186,0.903563,0.895557,0.894571,0.886517,0.883277,0.878402,0.874277,0.873228,0.865601,0.871374,0.871745,0.872957,0.870906,0.871248,0.873233,0.872745,0.875516,0.874336,0.874932,0.883521,0.886926,0.894027,0.891016,0.889912,0.88479,0.887198,0.881426,0.883164,0.878872,0.872852,0.86753,0.861701,0.864039,0.865591,0.862716,0.857969,0.849163,0.856268,0.856606,0.852001,0.846335,0.854978,0.860918,0.863242,0.86131,0.863628,0.865713,0.856048,0.852086,0.843258,0.845534,0.840163,0.825788,0.831019,0.828797,0.822237,0.817472,0.806375,0.797915,0.795169,0.798148,0.795668,0.803534,0.793048,0.787084,0.782972,0.78624,0.790089,0.782364,0.784933,0.788679,0.789836,0.788565,0.794982,0.799789,0.796734,0.80162,0.802113,0.808437,0.811156,0.811701,0.809635,0.81029,0.812028,0.811799,0.813656,0.814555,0.816721,0.811587,0.809127,0.80745,0.811687,0.809976,0.809495,0.812278,0.819872,0.820356,0.820872,0.821012,0.82099,0.82144,0.821675,0.825199,0.827958,0.827878,0.831254,0.835309,0.843206,0.846571,0.850066,0.84899,0.849346,0.854446,0.856763
CRW,Liberia,0.972846,0.00957297,0.946516,0.942809,0.936731,0.929829,0.912509,0.909668,0.905356,0.901668,0.89976,0.899514,0.898217,0.896689,0.896129,0.891733,0.888194,0.878772,0.871159,0.866817,0.861504,0.855789,0.849409,0.846524,0.845495,0.843462,0.837187,0.834198,0.827292,0.819569,0.815098,0.809607,0.805954,0.807208,0.805828,0.802173,0.798864,0.796626,0.793931,0.788124,0.785672,0.785307,0.780577,0.779289,0.77976,0.777654,0.776879,0.774823,0.77092,0.772665,0.772979,0.771734,0.770668,0.771845,0.772949,0.771624,0.769062,0.768498,0.770536,0.770971,0.772234,0.774454,0.774738,0.774214,0.769442,0.767983,0.769021,0.772194,0.772017,0.771447,0.772585,0.774718,0.779092,0.783552,0.786837,0.791174,0.795065,0.795239,0.797035,0.798244,0.801572,0.803864,0.798378,0.794629,0.792671,0.796267,0.795465,0.795287,0.792603,0.791502,0.792003,0.790395,0.799081,0.801307,0.803688,0.803737,0.807296,0.813482,0.818547,0.827407,0.829519,0.834187,0.840539,0.84567,0.849095,0.850769,0.857761,0.854423,0.857945,0.85863,0.863467,0.865437,0.870698,0.87155,0.871001,0.877523,0.88389,0.882807,0.880208,0.881335,0.880255,0.881511,0.894363,0.897012,0.905424,0.910661,0.914317,0.913918,0.921168,0.92322,0.920986,0.920636,0.931885,0.939126,0.94678,0.95208,0.956024,0.953654,0.957077,0.961311,0.966497,0.969585,0.974627,0.974693,0.981642,0.988157,0.992007,0.987148,0.985777,0.988826,0.993311,0.996073,0.999697,1.017262,1.019814,1.027661,1.034528,1.044627,1.046474,1.048223,1.043513,1.036401,1.027331,1.0384,1.032475,1.028081,1.020487,1.015059,0.998458,0.991258,0.978376,0.972627,0.957543,0.956492,0.944753,0.944086,0.941587,0.945579,0.927864,0.928455,0.929219,0.927788,0.925253,0.920909,0.923346,0.937242,0.935921,0.936723,0.934175,0.935084,0.928902,0.930849,0.927734,0.926606,0.920659,0.921837,0.920979,0.920486,0.919353,0.903627,0.893054,0.886422,0.880445,0.8794,0.876709,0.872987,0.87213,0.872112,0.871272,0.868691,0.871058,0.870648,0.867685,0.866837,0.875892,0.883742,0.889667,0.891075,0.891262,0.892485,0.893162,0.893285,0.891145,0.891346,0.892791,0.891218,0.888666,0.891778,0.890982,0.887901,0.894943,0.893616,0.901322,0.903847,0.906392,0.906455,0.911112,0.915321,0.9151,0.910628,0.909318,0.912575,0.915825,0.917899,0.92123,0.919508,0.918929,0.914235,0.913965,0.915837,0.921796,0.920186,0.916447,0.913983,0.915044,0.916225,0.923757,0.923924,0.923203,0.927377,0.924797,0.925554,0.92777,0.928414,0.931801,0.928058,0.927644,0.930423,0.932991,0.93924,0.944761,0.947914,0.949664,0.958052,0.951869,0.951546,0.953904,0.955847,0.964621,0.972275,0.976468,0.983764,0.99259,0.998993,1.003798,1.004044,1.00605,1.009144,1.012685,1.017138,1.02201,1.030421,1.045092,1.046683,1.047215,1.053247,1.054534,1.060561,1.067402,1.071606,1.079887,1.084906,1.095344,1.100772,1.102917,1.10205,1.098328,1.092398,1.097556,1.095823,1.099551,1.103368,1.100962,1.09897,1.098824,1.097699,1.099648,1.096456,1.089544,1.091718,1.093424,1.096811,1.097894,1.097165,1.111107,1.116265,1.114924,1.116427,1.117226,1.116432,1.115032,1.11416,1.113212,1.122548,1.12604,1.130195,1.130087,1.125289,1.121492,1.102421,1.088584,1.084574,1.093918,1.091363,1.084169,1.074802,1.068688,1.062209,1.046715,1.041504,1.040134,1.046972,1.055103,1.052487,1.047479,1.046822,1.049391,1.034004,1.026588,1.020594,1.014218,1.006621,0.99793,0.992294,0.981796,0.972846,0.957297,0.946516,0.942809,0.936731,0.929829,0.912509,0.909668,0.905356,0.901668,0.89976,0.899514,0.898217,0.896689,0.896129,0.891733,0.888194,0.878772,0.871159,0.866817,0.861504,0.855789,0.849409,0.846524,0.845495,0.843462,0.837187,0.834198,0.827292,0.819569,0.815098,0.809607,0.805954,0.807208,0.805828,0.802173,0.798864,0.796626,0.793931,0.788124,0.785672,0.785307,0.780577,0.779289,0.77976,0.777654,0.776879,0.774823,0.77092,0.772665,0.772979,0.771734,0.770668,0.771845,0.772949,0.771624,0.769062,0.768498,0.770536,0.770971,0.772234,0.774454,0.774738,0.774214,0.769442,0.767983,0.769021,0.772194,0.772017,0.771447,0.772585,0.774718,0.779092,0.783552,0.786837,0.791174,0.795065,0.795239,0.797035,0.798244,0.801572,0.803864,0.798378,0.794629,0.792671,0.796267,0.795465,0.795287,0.792603,0.791502,0.792003,0.790395,0.799081,0.801307,0.803688,0.803737,0.807296,0.813482,0.818547,0.827407,0.829519,0.834187,0.840539,0.84567,0.849095,0.850769,0.857761,0.854423,0.857945,0.85863,0.863467,0.865437,0.870698,0.87155,0.871001,0.877523,0.88389,0.882807,0.880208,0.881335,0.880255,0.881511,0.894363,0.897012,0.905424,0.910661,0.914317,0.913918,0.921168,0.92322,0.920986,0.920636,0.931885,0.939126,0.94678,0.95208,0.956024,0.953654,0.957077,0.961311,0.966497,0.969585,0.974627,0.974693,0.981642,0.988157,0.992007,0.987148,0.985777,0.988826,0.993311,0.996073,0.999697,1.017262,1.019814,1.027661,1.034528,1.044627,1.046474,1.048223,1.043513,1.036401,1.027331,1.0384,1.032475,1.028081,1.020487,1.015059,0.998458,0.991258,0.978376,0.972627,0.957543,0.956492,0.944753,0.944086,0.941587,0.945579,0.927864,0.928455,0.929219,0.927788,0.925253,0.920909,0.923346,0.937242,0.935921,0.936723,0.934175,0.935084,0.928902,0.930849,0.927734,0.926606,0.920659,0.921837,0.920979,0.920486,0.919353,0.903627,0.893054,0.886422,0.880445,0.8794,0.876709,0.872987,0.87213,0.872112,0.871272,0.868691,0.871058,0.870648,0.867685,0.866837,0.875892,0.883742,0.889667,0.891075,0.891262,0.892485,0.893162,0.893285,0.891145,0.891346,0.892791,0.891218,0.888666,0.891778,0.890982,0.887901,0.894943,0.893616,0.901322,0.903847,0.906392,0.906455,0.911112,0.915321,0.9151,0.910628,0.909318,0.912575,0.915825,0.917899,0.92123,0.919508,0.918929,0.914235,0.913965,0.915837,0.921796,0.920186,0.916447,0.913983,0.915044,0.916225,0.923757,0.923924,0.923203,0.927377,0.924797,0.925554,0.92777,0.928414,0.931801,0.928058,0.927644,0.930423,0.932991,0.93924,0.944761,0.947914,0.949664,0.958052,0.951869,0.951546,0.953904,0.955847,0.964621,0.972275,0.976468,0.983764,0.99259,0.998993,1.003798,1.004044,1.00605,1.009144,1.012685,1.017138,1.02201,1.030421,1.045092,1.046683,1.047215,1.053247,1.054534,1.060561,1.067402,1.071606,1.079887,1.084906,1.095344,1.100772,1.102917,1.10205,1.098328,1.092398,1.097556,1.095823,1.099551,1.103368,1.100962,1.09897,1.098824,1.097699,1.099648,1.096456,1.089544,1.091718,1.093424,1.096811,1.097894,1.097165,1.111107,1.116265,1.114924,1.116427,1.117226,1.116432,1.115032,1.11416,1.113212,1.122548,1.12604,1.130195,1.130087,1.125289,1.121492,1.102421,1.088584,1.084574,1.093918,1.091363,1.084169,1.074802,1.068688,1.062209,1.046715,1.041504,1.040134,1.046972,1.055103,1.052487,1.047479,1.046822,1.049391,1.034004,1.026588,1.020594,1.014218,1.006621,0.99793,0.992294,0.981796
CRW,Libya,0.842371,0.008372870000000001,0.833659,0.831934,0.832571,0.837181,0.840697,0.841809,0.843284,0.84905,0.850942,0.85188,0.852183,0.853715,0.854637,0.856637,0.86203,0.862365,0.864029,0.866286,0.869193,0.873373,0.875982,0.877474,0.877166,0.87948,0.882223,0.885066,0.887145,0.889994,0.892528,0.888841,0.892188,0.893728,0.897592,0.90005,0.89641,0.897119,0.899801,0.903824,0.903815,0.904575,0.907207,0.911299,0.911813,0.912484,0.914458,0.916082,0.919607,0.92249,0.934052,0.940762,0.944294,0.948508,0.948813,0.952325,0.954366,0.954909,0.952673,0.954314,0.955722,0.954177,0.952982,0.954164,0.953868,0.942877,0.939188,0.942049,0.946346,0.95697,0.965179,0.9687,0.969967,0.970521,0.969849,0.969623,0.971786,0.97223,0.971677,0.96958,0.966178,0.96369,0.961078,0.956936,0.956929,0.950069,0.948053,0.94617,0.945871,0.945563,0.944763,0.942597,0.941012,0.939241,0.936624,0.934573,0.931235,0.930001,0.926889,0.910394,0.903695,0.897587,0.895052,0.888801,0.88618,0.882248,0.880679,0.886634,0.888373,0.889158,0.890467,0.891395,0.8922,0.891496,0.889064,0.886452,0.884361,0.881838,0.882161,0.881189,0.8806,0.879683,0.870348,0.866398,0.865288,0.862357,0.857887,0.853692,0.852373,0.853447,0.853112,0.852927,0.85239,0.854384,0.857481,0.859549,0.857668,0.85731,0.859804,0.859657,0.864087,0.867026,0.867897,0.866871,0.864651,0.863515,0.862327,0.864047,0.865299,0.86307,0.862689,0.86645,0.86445,0.859875,0.858647,0.855933,0.856434,0.856979,0.857412,0.857813,0.862098,0.861756,0.860698,0.859201,0.859313,0.857804,0.868248,0.871767,0.872532,0.873444,0.875029,0.873568,0.871731,0.872771,0.874498,0.872647,0.877361,0.878559,0.877878,0.878352,0.879662,0.863703,0.864078,0.868412,0.870269,0.869919,0.871596,0.873541,0.874437,0.87665,0.880124,0.878168,0.876244,0.876598,0.879063,0.879616,0.877193,0.874611,0.875366,0.874689,0.874707,0.874921,0.876453,0.875446,0.873046,0.87047,0.871375,0.872046,0.871225,0.870634,0.872844,0.874868,0.876696,0.879127,0.88113,0.88322,0.888373,0.887857,0.890365,0.893188,0.897172,0.900397,0.903776,0.903357,0.902565,0.900477,0.897149,0.896605,0.896204,0.887429,0.880653,0.867051,0.852692,0.834567,0.823716,0.811197,0.800571,0.785077,0.771556,0.759212,0.753864,0.752462,0.75057,0.749217,0.745772,0.740098,0.74199,0.749776,0.760355,0.767076,0.770667,0.768775,0.766824,0.767964,0.772197,0.77142,0.769704,0.770202,0.772203,0.773032,0.78643,0.789904,0.789066,0.786994,0.789192,0.792898,0.79114,0.793792,0.797089,0.800193,0.800929,0.803364,0.807192,0.812817,0.818871,0.819745,0.824057,0.823919,0.826088,0.819209,0.816293,0.819281,0.816732,0.814802,0.811472,0.81212,0.806795,0.803253,0.797845,0.79531,0.793225,0.788147,0.785836,0.784361,0.787274,0.786079,0.786524,0.78848,0.789502,0.790739,0.790918,0.795468,0.798179,0.800588,0.800982,0.798886,0.798393,0.799306,0.799242,0.798146,0.796781,0.797754,0.794407,0.79063,0.787384,0.785734,0.785705,0.784855,0.784552,0.784619,0.78447,0.786609,0.790164,0.789449,0.788518,0.788486,0.789388,0.794153,0.798551,0.801776,0.804074,0.806128,0.811173,0.813455,0.81054,0.810059,0.809366,0.806343,0.807961,0.811647,0.814872,0.815534,0.81623,0.815461,0.815408,0.813919,0.810565,0.810983,0.812067,0.81642,0.819777,0.82884,0.835847,0.840753,0.842958,0.842294,0.842113,0.840847,0.839489,0.837921,0.83883,0.840069,0.841693,0.842351,0.84279,0.842371,0.837287,0.833659,0.831934,0.832571,0.837181,0.840697,0.841809,0.843284,0.84905,0.850942,0.85188,0.852183,0.853715,0.854637,0.856637,0.86203,0.862365,0.864029,0.866286,0.869193,0.873373,0.875982,0.877474,0.877166,0.87948,0.882223,0.885066,0.887145,0.889994,0.892528,0.888841,0.892188,0.893728,0.897592,0.90005,0.89641,0.897119,0.899801,0.903824,0.903815,0.904575,0.907207,0.911299,0.911813,0.912484,0.914458,0.916082,0.919607,0.92249,0.934052,0.940762,0.944294,0.948508,0.948813,0.952325,0.954366,0.954909,0.952673,0.954314,0.955722,0.954177,0.952982,0.954164,0.953868,0.942877,0.939188,0.942049,0.946346,0.95697,0.965179,0.9687,0.969967,0.970521,0.969849,0.969623,0.971786,0.97223,0.971677,0.96958,0.966178,0.96369,0.961078,0.956936,0.956929,0.950069,0.948053,0.94617,0.945871,0.945563,0.944763,0.942597,0.941012,0.939241,0.936624,0.934573,0.931235,0.930001,0.926889,0.910394,0.903695,0.897587,0.895052,0.888801,0.88618,0.882248,0.880679,0.886634,0.888373,0.889158,0.890467,0.891395,0.8922,0.891496,0.889064,0.886452,0.884361,0.881838,0.882161,0.881189,0.8806,0.879683,0.870348,0.866398,0.865288,0.862357,0.857887,0.853692,0.852373,0.853447,0.853112,0.852927,0.85239,0.854384,0.857481,0.859549,0.857668,0.85731,0.859804,0.859657,0.864087,0.867026,0.867897,0.866871,0.864651,0.863515,0.862327,0.864047,0.865299,0.86307,0.862689,0.86645,0.86445,0.859875,0.858647,0.855933,0.856434,0.856979,0.857412,0.857813,0.862098,0.861756,0.860698,0.859201,0.859313,0.857804,0.868248,0.871767,0.872532,0.873444,0.875029,0.873568,0.871731,0.872771,0.874498,0.872647,0.877361,0.878559,0.877878,0.878352,0.879662,0.863703,0.864078,0.868412,0.870269,0.869919,0.871596,0.873541,0.874437,0.87665,0.880124,0.878168,0.876244,0.876598,0.879063,0.879616,0.877193,0.874611,0.875366,0.874689,0.874707,0.874921,0.876453,0.875446,0.873046,0.87047,0.871375,0.872046,0.871225,0.870634,0.872844,0.874868,0.876696,0.879127,0.88113,0.88322,0.888373,0.887857,0.890365,0.893188,0.897172,0.900397,0.903776,0.903357,0.902565,0.900477,0.897149,0.896605,0.896204,0.887429,0.880653,0.867051,0.852692,0.834567,0.823716,0.811197,0.800571,0.785077,0.771556,0.759212,0.753864,0.752462,0.75057,0.749217,0.745772,0.740098,0.74199,0.749776,0.760355,0.767076,0.770667,0.768775,0.766824,0.767964,0.772197,0.77142,0.769704,0.770202,0.772203,0.773032,0.78643,0.789904,0.789066,0.786994,0.789192,0.792898,0.79114,0.793792,0.797089,0.800193,0.800929,0.803364,0.807192,0.812817,0.818871,0.819745,0.824057,0.823919,0.826088,0.819209,0.816293,0.819281,0.816732,0.814802,0.811472,0.81212,0.806795,0.803253,0.797845,0.79531,0.793225,0.788147,0.785836,0.784361,0.787274,0.786079,0.786524,0.78848,0.789502,0.790739,0.790918,0.795468,0.798179,0.800588,0.800982,0.798886,0.798393,0.799306,0.799242,0.798146,0.796781,0.797754,0.794407,0.79063,0.787384,0.785734,0.785705,0.784855,0.784552,0.784619,0.78447,0.786609,0.790164,0.789449,0.788518,0.788486,0.789388,0.794153,0.798551,0.801776,0.804074,0.806128,0.811173,0.813455,0.81054,0.810059,0.809366,0.806343,0.807961,0.811647,0.814872,0.815534,0.81623,0.815461,0.815408,0.813919,0.810565,0.810983,0.812067,0.81642,0.819777,0.82884,0.835847,0.840753,0.842958,0.842294,0.842113,0.840847,0.839489,0.837921,0.83883,0.840069,0.841693,0.842351,0.84279
CRW,Liechtenstein,0.923642,0.009257,0.920788,0.92152,0.922015,0.921621,0.9255,0.932025,0.930264,0.927721,0.927917,0.929254,0.932672,0.932683,0.939221,0.940456,0.942155,0.942952,0.947946,0.953388,0.961075,0.968025,0.971015,0.979903,0.983278,0.988488,0.995005,0.999786,1.005543,1.004877,1.010391,1.013747,1.010651,1.009371,1.004646,0.998685,0.988106,0.993026,0.99695,1.001133,1.002964,1.001789,1.007103,1.013617,1.018332,1.023042,1.023205,1.026205,1.030753,1.044085,1.053862,1.061406,1.064313,1.064084,1.062069,1.062808,1.060826,1.055837,1.049994,1.047036,1.044365,1.043216,1.048114,1.051875,1.048142,1.045665,1.051532,1.056468,1.06561,1.072312,1.07521,1.077652,1.080992,1.08237,1.082027,1.083882,1.087007,1.079738,1.076006,1.068878,1.064881,1.039983,1.034213,1.022992,1.014592,1.009213,1.007935,1.006082,1.019727,1.017544,1.023096,1.027545,1.028628,1.027621,1.025732,1.024163,1.021318,1.01749,1.027384,1.038816,1.036594,1.033631,1.029413,1.025915,1.024129,1.024063,1.022951,1.024427,1.020827,1.02049,1.021845,1.020181,1.020411,1.019081,1.015969,1.015332,1.018466,1.019936,1.016733,1.015849,1.007878,1.000499,0.995319,0.995139,0.990654,0.984859,0.981184,0.979255,0.979538,0.978229,0.973913,0.968291,0.967239,0.968653,0.966122,0.962526,0.95787,0.957275,0.955995,0.956854,0.96258,0.9612,0.954659,0.948894,0.943284,0.942709,0.945074,0.944318,0.938773,0.936459,0.935259,0.933552,0.92872,0.92816,0.927688,0.915585,0.914649,0.914137,0.904581,0.909998,0.91491,0.914683,0.912015,0.909908,0.905446,0.912207,0.909174,0.906659,0.901548,0.894655,0.889547,0.882648,0.877211,0.874068,0.871685,0.866778,0.864587,0.863696,0.863194,0.866166,0.855762,0.857876,0.859481,0.857709,0.857398,0.857187,0.855923,0.871804,0.878452,0.881701,0.880305,0.876604,0.876433,0.88282,0.880631,0.881001,0.883019,0.883105,0.887795,0.887594,0.8861,0.888375,0.890316,0.890553,0.892604,0.894561,0.893504,0.889812,0.889011,0.884328,0.883787,0.885906,0.881722,0.881921,0.884273,0.884445,0.879158,0.872577,0.87338,0.870203,0.870986,0.873261,0.874908,0.877264,0.87956,0.876837,0.870162,0.866652,0.867838,0.867611,0.867929,0.867933,0.869339,0.858533,0.855321,0.857459,0.855482,0.854783,0.856103,0.857232,0.859459,0.861714,0.870527,0.872137,0.8715,0.870811,0.873591,0.875117,0.878487,0.879192,0.877395,0.879417,0.883495,0.884368,0.884075,0.884425,0.887489,0.887905,0.890662,0.892234,0.888718,0.886665,0.886069,0.883596,0.88376,0.882835,0.880039,0.877655,0.878162,0.8782,0.876649,0.874708,0.874398,0.869552,0.867936,0.869447,0.869424,0.874778,0.875451,0.875621,0.872245,0.871989,0.870907,0.869087,0.867682,0.867408,0.867513,0.866294,0.86677,0.865673,0.864071,0.864251,0.858032,0.856925,0.862343,0.863871,0.86435,0.865137,0.864087,0.864569,0.86447,0.864219,0.866213,0.86619,0.86523,0.86676,0.865646,0.868233,0.868591,0.862753,0.862784,0.86226,0.861592,0.861896,0.862548,0.861827,0.861153,0.856508,0.855798,0.854176,0.855107,0.856007,0.855021,0.856063,0.857174,0.858679,0.860424,0.861638,0.861597,0.859679,0.857725,0.857071,0.857063,0.854248,0.857586,0.852449,0.857178,0.857561,0.86024,0.861261,0.861204,0.859781,0.861047,0.860214,0.861503,0.875401,0.879134,0.881132,0.879701,0.877836,0.881183,0.882998,0.887104,0.889439,0.895296,0.90006,0.90627,0.908391,0.916284,0.922754,0.919198,0.919721,0.919949,0.923482,0.925357,0.923642,0.9257,0.920788,0.92152,0.922015,0.921621,0.9255,0.932025,0.930264,0.927721,0.927917,0.929254,0.932672,0.932683,0.939221,0.940456,0.942155,0.942952,0.947946,0.953388,0.961075,0.968025,0.971015,0.979903,0.983278,0.988488,0.995005,0.999786,1.005543,1.004877,1.010391,1.013747,1.010651,1.009371,1.004646,0.998685,0.988106,0.993026,0.99695,1.001133,1.002964,1.001789,1.007103,1.013617,1.018332,1.023042,1.023205,1.026205,1.030753,1.044085,1.053862,1.061406,1.064313,1.064084,1.062069,1.062808,1.060826,1.055837,1.049994,1.047036,1.044365,1.043216,1.048114,1.051875,1.048142,1.045665,1.051532,1.056468,1.06561,1.072312,1.07521,1.077652,1.080992,1.08237,1.082027,1.083882,1.087007,1.079738,1.076006,1.068878,1.064881,1.039983,1.034213,1.022992,1.014592,1.009213,1.007935,1.006082,1.019727,1.017544,1.023096,1.027545,1.028628,1.027621,1.025732,1.024163,1.021318,1.01749,1.027384,1.038816,1.036594,1.033631,1.029413,1.025915,1.024129,1.024063,1.022951,1.024427,1.020827,1.02049,1.021845,1.020181,1.020411,1.019081,1.015969,1.015332,1.018466,1.019936,1.016733,1.015849,1.007878,1.000499,0.995319,0.995139,0.990654,0.984859,0.981184,0.979255,0.979538,0.978229,0.973913,0.968291,0.967239,0.968653,0.966122,0.962526,0.95787,0.957275,0.955995,0.956854,0.96258,0.9612,0.954659,0.948894,0.943284,0.942709,0.945074,0.944318,0.938773,0.936459,0.935259,0.933552,0.92872,0.92816,0.927688,0.915585,0.914649,0.914137,0.904581,0.909998,0.91491,0.914683,0.912015,0.909908,0.905446,0.912207,0.909174,0.906659,0.901548,0.894655,0.889547,0.882648,0.877211,0.874068,0.871685,0.866778,0.864587,0.863696,0.863194,0.866166,0.855762,0.857876,0.859481,0.857709,0.857398,0.857187,0.855923,0.871804,0.878452,0.881701,0.880305,0.876604,0.876433,0.88282,0.880631,0.881001,0.883019,0.883105,0.887795,0.887594,0.8861,0.888375,0.890316,0.890553,0.892604,0.894561,0.893504,0.889812,0.889011,0.884328,0.883787,0.885906,0.881722,0.881921,0.884273,0.884445,0.879158,0.872577,0.87338,0.870203,0.870986,0.873261,0.874908,0.877264,0.87956,0.876837,0.870162,0.866652,0.867838,0.867611,0.867929,0.867933,0.869339,0.858533,0.855321,0.857459,0.855482,0.854783,0.856103,0.857232,0.859459,0.861714,0.870527,0.872137,0.8715,0.870811,0.873591,0.875117,0.878487,0.879192,0.877395,0.879417,0.883495,0.884368,0.884075,0.884425,0.887489,0.887905,0.890662,0.892234,0.888718,0.886665,0.886069,0.883596,0.88376,0.882835,0.880039,0.877655,0.878162,0.8782,0.876649,0.874708,0.874398,0.869552,0.867936,0.869447,0.869424,0.874778,0.875451,0.875621,0.872245,0.871989,0.870907,0.869087,0.867682,0.867408,0.867513,0.866294,0.86677,0.865673,0.864071,0.864251,0.858032,0.856925,0.862343,0.863871,0.86435,0.865137,0.864087,0.864569,0.86447,0.864219,0.866213,0.86619,0.86523,0.86676,0.865646,0.868233,0.868591,0.862753,0.862784,0.86226,0.861592,0.861896,0.862548,0.861827,0.861153,0.856508,0.855798,0.854176,0.855107,0.856007,0.855021,0.856063,0.857174,0.858679,0.860424,0.861638,0.861597,0.859679,0.857725,0.857071,0.857063,0.854248,0.857586,0.852449,0.857178,0.857561,0.86024,0.861261,0.861204,0.859781,0.861047,0.860214,0.861503,0.875401,0.879134,0.881132,0.879701,0.877836,0.881183,0.882998,0.887104,0.889439,0.895296,0.90006,0.90627,0.908391,0.916284,0.922754,0.919198,0.919721,0.919949,0.923482,0.925357
CRW,Lithuania,0.926114,0.009262540000000001,0.927706,0.927244,0.928817,0.926706,0.932562,0.936612,0.942994,0.951365,0.953319,0.960396,0.963623,0.964075,0.966814,0.968024,0.969166,0.972645,0.978998,0.980198,0.9851,0.988186,0.987364,0.986106,0.984093,0.986895,0.985105,0.987673,0.993306,0.998215,1.005926,1.015767,1.024221,1.029582,1.035654,1.033873,1.033371,1.034975,1.028418,1.031446,1.034263,1.043013,1.045647,1.048952,1.048659,1.047077,1.044452,1.038332,1.030305,1.025051,1.022997,1.025579,1.028082,1.032778,1.035007,1.034233,1.032611,1.029443,1.029496,1.030369,1.025523,1.021403,1.014069,1.018759,1.020634,1.022889,1.021658,1.023641,1.029114,1.029534,1.02887,1.030814,1.032874,1.034951,1.039689,1.043865,1.051379,1.06096,1.063712,1.06417,1.066199,1.069803,1.070428,1.06772,1.066065,1.066969,1.06547,1.068364,1.0683,1.066852,1.071223,1.071006,1.070649,1.068074,1.071007,1.065064,1.057134,1.050884,1.041046,1.037725,1.033234,1.031505,1.030819,1.028576,1.023003,1.013646,1.010977,1.010883,1.010849,1.009494,1.010024,1.012721,1.013276,1.015923,1.01925,1.02211,1.023587,1.025081,1.022101,1.025317,1.02706,1.02386,1.020396,1.019426,1.015151,1.011035,1.008701,1.003766,0.996311,0.990644,0.988962,0.988377,0.981375,0.977983,0.97252,0.971949,0.967693,0.963053,0.955476,0.952349,0.95046,0.94808,0.956438,0.95587,0.959397,0.961747,0.96378,0.964493,0.965111,0.96454,0.962367,0.966192,0.972602,0.979218,0.981525,0.985077,0.98587,0.972391,0.969685,0.960376,0.957577,0.952543,0.953139,0.954246,0.954819,0.954598,0.95217,0.947159,0.94018,0.935607,0.930465,0.926542,0.923495,0.925895,0.926557,0.926437,0.926775,0.925039,0.920993,0.917223,0.914851,0.911665,0.910146,0.908982,0.909284,0.909938,0.90859,0.905493,0.899159,0.892198,0.887782,0.884406,0.883069,0.880142,0.880453,0.879328,0.876629,0.875973,0.875734,0.873191,0.869576,0.867018,0.868111,0.871196,0.87044,0.870143,0.869513,0.874927,0.871299,0.868488,0.868977,0.864849,0.86019,0.857091,0.852998,0.853317,0.853753,0.853687,0.852061,0.851529,0.852061,0.851723,0.847349,0.847349,0.847525,0.846365,0.845675,0.850398,0.848813,0.849991,0.850079,0.850116,0.848203,0.843981,0.842775,0.842498,0.84,0.842048,0.840677,0.840391,0.839188,0.840263,0.835427,0.836399,0.838708,0.839585,0.840761,0.84233,0.844563,0.843736,0.839986,0.840191,0.837282,0.838854,0.841775,0.845081,0.851867,0.852916,0.851333,0.849573,0.846613,0.844193,0.842898,0.843628,0.841914,0.843636,0.844451,0.85032,0.849243,0.847007,0.844974,0.840219,0.841741,0.844661,0.844189,0.845707,0.846461,0.846483,0.843222,0.841467,0.836848,0.835369,0.827905,0.824472,0.823681,0.822733,0.822856,0.819611,0.815276,0.815229,0.816221,0.81646,0.815553,0.820489,0.82274,0.827461,0.829552,0.830617,0.834145,0.834971,0.835779,0.83607,0.834589,0.83507,0.838353,0.838807,0.839886,0.840672,0.838455,0.838512,0.835577,0.83338,0.838448,0.8379,0.837588,0.844851,0.845763,0.848249,0.847033,0.846302,0.846396,0.848159,0.852852,0.855679,0.858506,0.861061,0.863096,0.863838,0.868335,0.873221,0.870439,0.873049,0.876239,0.881892,0.886791,0.889512,0.891764,0.893121,0.896052,0.89886,0.900083,0.899809,0.900089,0.908924,0.912159,0.913915,0.913678,0.913883,0.912443,0.915192,0.919704,0.92103,0.920203,0.91946,0.91967,0.921998,0.925599,0.929647,0.92755,0.926047,0.923609,0.925263,0.92675,0.92768,0.927318,0.926114,0.926254,0.927706,0.927244,0.928817,0.926706,0.932562,0.936612,0.942994,0.951365,0.953319,0.960396,0.963623,0.964075,0.966814,0.968024,0.969166,0.972645,0.978998,0.980198,0.9851,0.988186,0.987364,0.986106,0.984093,0.986895,0.985105,0.987673,0.993306,0.998215,1.005926,1.015767,1.024221,1.029582,1.035654,1.033873,1.033371,1.034975,1.028418,1.031446,1.034263,1.043013,1.045647,1.048952,1.048659,1.047077,1.044452,1.038332,1.030305,1.025051,1.022997,1.025579,1.028082,1.032778,1.035007,1.034233,1.032611,1.029443,1.029496,1.030369,1.025523,1.021403,1.014069,1.018759,1.020634,1.022889,1.021658,1.023641,1.029114,1.029534,1.02887,1.030814,1.032874,1.034951,1.039689,1.043865,1.051379,1.06096,1.063712,1.06417,1.066199,1.069803,1.070428,1.06772,1.066065,1.066969,1.06547,1.068364,1.0683,1.066852,1.071223,1.071006,1.070649,1.068074,1.071007,1.065064,1.057134,1.050884,1.041046,1.037725,1.033234,1.031505,1.030819,1.028576,1.023003,1.013646,1.010977,1.010883,1.010849,1.009494,1.010024,1.012721,1.013276,1.015923,1.01925,1.02211,1.023587,1.025081,1.022101,1.025317,1.02706,1.02386,1.020396,1.019426,1.015151,1.011035,1.008701,1.003766,0.996311,0.990644,0.988962,0.988377,0.981375,0.977983,0.97252,0.971949,0.967693,0.963053,0.955476,0.952349,0.95046,0.94808,0.956438,0.95587,0.959397,0.961747,0.96378,0.964493,0.965111,0.96454,0.962367,0.966192,0.972602,0.979218,0.981525,0.985077,0.98587,0.972391,0.969685,0.960376,0.957577,0.952543,0.953139,0.954246,0.954819,0.954598,0.95217,0.947159,0.94018,0.935607,0.930465,0.926542,0.923495,0.925895,0.926557,0.926437,0.926775,0.925039,0.920993,0.917223,0.914851,0.911665,0.910146,0.908982,0.909284,0.909938,0.90859,0.905493,0.899159,0.892198,0.887782,0.884406,0.883069,0.880142,0.880453,0.879328,0.876629,0.875973,0.875734,0.873191,0.869576,0.867018,0.868111,0.871196,0.87044,0.870143,0.869513,0.874927,0.871299,0.868488,0.868977,0.864849,0.86019,0.857091,0.852998,0.853317,0.853753,0.853687,0.852061,0.851529,0.852061,0.851723,0.847349,0.847349,0.847525,0.846365,0.845675,0.850398,0.848813,0.849991,0.850079,0.850116,0.848203,0.843981,0.842775,0.842498,0.84,0.842048,0.840677,0.840391,0.839188,0.840263,0.835427,0.836399,0.838708,0.839585,0.840761,0.84233,0.844563,0.843736,0.839986,0.840191,0.837282,0.838854,0.841775,0.845081,0.851867,0.852916,0.851333,0.849573,0.846613,0.844193,0.842898,0.843628,0.841914,0.843636,0.844451,0.85032,0.849243,0.847007,0.844974,0.840219,0.841741,0.844661,0.844189,0.845707,0.846461,0.846483,0.843222,0.841467,0.836848,0.835369,0.827905,0.824472,0.823681,0.822733,0.822856,0.819611,0.815276,0.815229,0.816221,0.81646,0.815553,0.820489,0.82274,0.827461,0.829552,0.830617,0.834145,0.834971,0.835779,0.83607,0.834589,0.83507,0.838353,0.838807,0.839886,0.840672,0.838455,0.838512,0.835577,0.83338,0.838448,0.8379,0.837588,0.844851,0.845763,0.848249,0.847033,0.846302,0.846396,0.848159,0.852852,0.855679,0.858506,0.861061,0.863096,0.863838,0.868335,0.873221,0.870439,0.873049,0.876239,0.881892,0.886791,0.889512,0.891764,0.893121,0.896052,0.89886,0.900083,0.899809,0.900089,0.908924,0.912159,0.913915,0.913678,0.913883,0.912443,0.915192,0.919704,0.92103,0.920203,0.91946,0.91967,0.921998,0.925599,0.929647,0.92755,0.926047,0.923609,0.925263,0.92675,0.92768,0.927318
CRW,Luxembourg,0.925402,0.00929063,0.929245,0.928607,0.930238,0.935806,0.941642,0.947993,0.953573,0.958266,0.960947,0.964196,0.967021,0.96118,0.956679,0.956668,0.959119,0.964035,0.966285,0.970092,0.970537,0.973457,0.973561,0.972181,0.969968,0.969463,0.968391,0.968981,0.967281,0.972071,0.976802,0.974585,0.97352,0.972698,0.971302,0.967495,0.964149,0.967667,0.973299,0.976317,0.984621,0.987203,0.986193,0.988891,0.990126,0.994651,0.997571,1.004687,1.014562,1.020994,1.027567,1.029783,1.039146,1.038719,1.040515,1.036013,1.032502,1.031191,1.028154,1.025725,1.020414,1.020259,1.018233,1.016622,1.015475,1.016501,1.018022,1.016223,1.020706,1.022195,1.024928,1.027741,1.031453,1.035927,1.036908,1.040879,1.036926,1.039067,1.036196,1.042177,1.047259,1.041432,1.039983,1.036453,1.03672,1.035216,1.033198,1.029436,1.028965,1.029854,1.033043,1.035485,1.035868,1.034978,1.025801,1.013038,1.011444,1.026613,1.032934,1.027573,1.027561,1.024312,1.0291,1.026559,1.024247,1.024209,1.0216,1.018545,1.017263,1.015487,1.017801,1.024663,1.020744,1.018749,1.019785,1.017426,1.019641,1.018114,1.018788,1.016817,1.01441,1.011032,1.010779,1.010245,1.009073,1.005897,0.997624,0.995745,0.995204,0.991543,0.990643,0.990257,0.987936,0.984871,0.981607,0.977603,0.974525,0.971009,0.966952,0.96521,0.966267,0.96185,0.958548,0.955577,0.954197,0.952082,0.948219,0.944718,0.940987,0.936806,0.927855,0.932121,0.935646,0.938311,0.94027,0.934061,0.935111,0.932845,0.930004,0.930813,0.934563,0.93671,0.935799,0.936735,0.939466,0.937762,0.921728,0.912635,0.908839,0.904149,0.898737,0.897026,0.895891,0.895723,0.892437,0.889862,0.888286,0.886325,0.884697,0.884203,0.887074,0.888683,0.88898,0.886028,0.880405,0.884698,0.885878,0.884754,0.884027,0.881704,0.877758,0.87493,0.873298,0.873392,0.870604,0.872272,0.874364,0.876438,0.881746,0.877855,0.874592,0.88066,0.88141,0.883758,0.885058,0.886378,0.887786,0.886287,0.886178,0.883025,0.876792,0.873268,0.872411,0.870282,0.87173,0.871013,0.862325,0.856807,0.852527,0.850507,0.847781,0.845394,0.844317,0.84184,0.839643,0.843452,0.845418,0.850656,0.852929,0.853857,0.85318,0.852023,0.853001,0.855005,0.853845,0.853125,0.856401,0.857055,0.857503,0.856439,0.854565,0.852769,0.846781,0.844939,0.843229,0.84261,0.842719,0.84203,0.836643,0.837261,0.837372,0.821132,0.821215,0.823149,0.825297,0.826605,0.825582,0.824179,0.823123,0.823782,0.8256,0.827149,0.842798,0.848619,0.848142,0.847955,0.849143,0.849591,0.848466,0.846128,0.844322,0.844449,0.845343,0.845752,0.84569,0.843105,0.840342,0.832258,0.831732,0.829019,0.826537,0.825046,0.825088,0.825128,0.825585,0.825189,0.825146,0.825399,0.825598,0.826292,0.825265,0.832002,0.834649,0.834557,0.838102,0.839941,0.841062,0.841561,0.840983,0.841544,0.843868,0.842752,0.843569,0.84672,0.847699,0.85077,0.845761,0.845061,0.843914,0.841075,0.839168,0.840546,0.839115,0.841548,0.841066,0.83352,0.834535,0.835442,0.837175,0.838717,0.840537,0.842878,0.844157,0.845881,0.849635,0.851112,0.847422,0.849335,0.846886,0.844009,0.843589,0.848058,0.853269,0.85589,0.85831,0.860061,0.866413,0.873637,0.873742,0.872799,0.878974,0.88291,0.885285,0.88627,0.889637,0.893334,0.892313,0.891429,0.887652,0.885515,0.885489,0.885799,0.88547,0.891342,0.89446,0.893546,0.893652,0.892667,0.897451,0.899299,0.90177,0.903867,0.903374,0.915707,0.921569,0.925402,0.929063,0.929245,0.928607,0.930238,0.935806,0.941642,0.947993,0.953573,0.958266,0.960947,0.964196,0.967021,0.96118,0.956679,0.956668,0.959119,0.964035,0.966285,0.970092,0.970537,0.973457,0.973561,0.972181,0.969968,0.969463,0.968391,0.968981,0.967281,0.972071,0.976802,0.974585,0.97352,0.972698,0.971302,0.967495,0.964149,0.967667,0.973299,0.976317,0.984621,0.987203,0.986193,0.988891,0.990126,0.994651,0.997571,1.004687,1.014562,1.020994,1.027567,1.029783,1.039146,1.038719,1.040515,1.036013,1.032502,1.031191,1.028154,1.025725,1.020414,1.020259,1.018233,1.016622,1.015475,1.016501,1.018022,1.016223,1.020706,1.022195,1.024928,1.027741,1.031453,1.035927,1.036908,1.040879,1.036926,1.039067,1.036196,1.042177,1.047259,1.041432,1.039983,1.036453,1.03672,1.035216,1.033198,1.029436,1.028965,1.029854,1.033043,1.035485,1.035868,1.034978,1.025801,1.013038,1.011444,1.026613,1.032934,1.027573,1.027561,1.024312,1.0291,1.026559,1.024247,1.024209,1.0216,1.018545,1.017263,1.015487,1.017801,1.024663,1.020744,1.018749,1.019785,1.017426,1.019641,1.018114,1.018788,1.016817,1.01441,1.011032,1.010779,1.010245,1.009073,1.005897,0.997624,0.995745,0.995204,0.991543,0.990643,0.990257,0.987936,0.984871,0.981607,0.977603,0.974525,0.971009,0.966952,0.96521,0.966267,0.96185,0.958548,0.955577,0.954197,0.952082,0.948219,0.944718,0.940987,0.936806,0.927855,0.932121,0.935646,0.938311,0.94027,0.934061,0.935111,0.932845,0.930004,0.930813,0.934563,0.93671,0.935799,0.936735,0.939466,0.937762,0.921728,0.912635,0.908839,0.904149,0.898737,0.897026,0.895891,0.895723,0.892437,0.889862,0.888286,0.886325,0.884697,0.884203,0.887074,0.888683,0.88898,0.886028,0.880405,0.884698,0.885878,0.884754,0.884027,0.881704,0.877758,0.87493,0.873298,0.873392,0.870604,0.872272,0.874364,0.876438,0.881746,0.877855,0.874592,0.88066,0.88141,0.883758,0.885058,0.886378,0.887786,0.886287,0.886178,0.883025,0.876792,0.873268,0.872411,0.870282,0.87173,0.871013,0.862325,0.856807,0.852527,0.850507,0.847781,0.845394,0.844317,0.84184,0.839643,0.843452,0.845418,0.850656,0.852929,0.853857,0.85318,0.852023,0.853001,0.855005,0.853845,0.853125,0.856401,0.857055,0.857503,0.856439,0.854565,0.852769,0.846781,0.844939,0.843229,0.84261,0.842719,0.84203,0.836643,0.837261,0.837372,0.821132,0.821215,0.823149,0.825297,0.826605,0.825582,0.824179,0.823123,0.823782,0.8256,0.827149,0.842798,0.848619,0.848142,0.847955,0.849143,0.849591,0.848466,0.846128,0.844322,0.844449,0.845343,0.845752,0.84569,0.843105,0.840342,0.832258,0.831732,0.829019,0.826537,0.825046,0.825088,0.825128,0.825585,0.825189,0.825146,0.825399,0.825598,0.826292,0.825265,0.832002,0.834649,0.834557,0.838102,0.839941,0.841062,0.841561,0.840983,0.841544,0.843868,0.842752,0.843569,0.84672,0.847699,0.85077,0.845761,0.845061,0.843914,0.841075,0.839168,0.840546,0.839115,0.841548,0.841066,0.83352,0.834535,0.835442,0.837175,0.838717,0.840537,0.842878,0.844157,0.845881,0.849635,0.851112,0.847422,0.849335,0.846886,0.844009,0.843589,0.848058,0.853269,0.85589,0.85831,0.860061,0.866413,0.873637,0.873742,0.872799,0.878974,0.88291,0.885285,0.88627,0.889637,0.893334,0.892313,0.891429,0.887652,0.885515,0.885489,0.885799,0.88547,0.891342,0.89446,0.893546,0.893652,0.892667,0.897451,0.899299,0.90177,0.903867,0.903374,0.915707,0.921569
CRW,Madagascar,1.056807,0.010626959999999998,1.071799,1.075725,1.085312,1.088689,1.095106,1.091445,1.08149,1.079316,1.105011,1.108177,1.112142,1.114871,1.111645,1.11285,1.115218,1.111188,1.111598,1.105883,1.103908,1.107283,1.111135,1.11192,1.106547,1.097622,1.097544,1.107343,1.116571,1.120252,1.120487,1.121825,1.127008,1.12944,1.137091,1.138653,1.134112,1.133015,1.135723,1.140283,1.14623,1.14938,1.151091,1.146742,1.142785,1.149784,1.147232,1.135909,1.146021,1.141712,1.151854,1.166464,1.180386,1.197452,1.200529,1.212429,1.221935,1.227059,1.228677,1.231841,1.232156,1.238476,1.240816,1.239436,1.258571,1.257877,1.253688,1.250851,1.241254,1.241368,1.24035,1.250992,1.266547,1.278413,1.293821,1.300421,1.298788,1.288975,1.286624,1.271587,1.267714,1.272425,1.277038,1.270967,1.278284,1.278382,1.282876,1.292855,1.299563,1.289783,1.293714,1.299751,1.323748,1.352595,1.359196,1.367937,1.373132,1.367824,1.378147,1.380408,1.40359,1.409105,1.402882,1.405633,1.416165,1.415952,1.416827,1.382401,1.333153,1.322715,1.318712,1.30572,1.30729,1.310588,1.310327,1.295495,1.298357,1.293416,1.279295,1.277024,1.291942,1.298234,1.302783,1.303463,1.295824,1.286588,1.285446,1.276613,1.264047,1.246589,1.231631,1.2248,1.219701,1.213775,1.216177,1.211186,1.199163,1.195676,1.193683,1.191553,1.176655,1.162945,1.154292,1.145959,1.148362,1.153401,1.146043,1.143695,1.147762,1.130812,1.116616,1.108445,1.096695,1.083078,1.073645,1.075605,1.072338,1.068966,1.060898,1.052317,1.037252,1.0227,1.012753,0.999808,0.994711,0.988867,0.981054,0.977184,0.971947,0.965751,0.956482,0.946759,0.935343,0.929541,0.923196,0.919763,0.918369,0.910409,0.90469,0.899016,0.890307,0.881758,0.875458,0.870153,0.865391,0.860686,0.857348,0.853369,0.855337,0.858619,0.857702,0.857417,0.858556,0.857232,0.852516,0.85092,0.850364,0.848897,0.848473,0.848591,0.847757,0.84875,0.841785,0.821507,0.819011,0.816363,0.813422,0.810354,0.807797,0.805783,0.804154,0.810639,0.808528,0.804432,0.80298,0.80315,0.803296,0.804345,0.804329,0.805596,0.805565,0.804282,0.804578,0.804708,0.80559,0.808175,0.802397,0.803949,0.805823,0.80738,0.808231,0.809981,0.811222,0.813984,0.814946,0.816015,0.81794,0.818856,0.819699,0.820073,0.822269,0.82705,0.829811,0.836719,0.835813,0.836076,0.835883,0.834105,0.83209,0.830735,0.829138,0.829483,0.829709,0.829641,0.830048,0.829903,0.827511,0.82432,0.816718,0.816709,0.814381,0.810252,0.810494,0.811061,0.811549,0.813255,0.815661,0.819522,0.821894,0.823503,0.824255,0.824725,0.82691,0.828466,0.832046,0.836889,0.840075,0.843893,0.846717,0.848169,0.847165,0.8434,0.838168,0.835802,0.835342,0.83528,0.836785,0.83905,0.840524,0.841071,0.840509,0.842284,0.843091,0.842545,0.843278,0.845648,0.849679,0.853904,0.85768,0.860419,0.862098,0.864039,0.863941,0.875538,0.879098,0.879707,0.879256,0.879881,0.882151,0.885812,0.889437,0.89335,0.896836,0.89925,0.900804,0.903892,0.906778,0.91005,0.904711,0.903935,0.908981,0.915875,0.919663,0.922619,0.924571,0.925345,0.926333,0.92824,0.928142,0.934002,0.937613,0.941436,0.943951,0.945729,0.94653,0.947272,0.948897,0.952103,0.953821,0.9603,0.967727,0.973186,0.982051,0.997202,1.003938,1.003102,1.00433,1.008416,1.014774,1.013781,1.016126,1.015097,1.01511,1.018473,1.021573,1.023524,1.021827,1.02913,1.033128,1.035036,1.04254,1.04475,1.043932,1.043936,1.053638,1.056807,1.062696,1.071799,1.075725,1.085312,1.088689,1.095106,1.091445,1.08149,1.079316,1.105011,1.108177,1.112142,1.114871,1.111645,1.11285,1.115218,1.111188,1.111598,1.105883,1.103908,1.107283,1.111135,1.11192,1.106547,1.097622,1.097544,1.107343,1.116571,1.120252,1.120487,1.121825,1.127008,1.12944,1.137091,1.138653,1.134112,1.133015,1.135723,1.140283,1.14623,1.14938,1.151091,1.146742,1.142785,1.149784,1.147232,1.135909,1.146021,1.141712,1.151854,1.166464,1.180386,1.197452,1.200529,1.212429,1.221935,1.227059,1.228677,1.231841,1.232156,1.238476,1.240816,1.239436,1.258571,1.257877,1.253688,1.250851,1.241254,1.241368,1.24035,1.250992,1.266547,1.278413,1.293821,1.300421,1.298788,1.288975,1.286624,1.271587,1.267714,1.272425,1.277038,1.270967,1.278284,1.278382,1.282876,1.292855,1.299563,1.289783,1.293714,1.299751,1.323748,1.352595,1.359196,1.367937,1.373132,1.367824,1.378147,1.380408,1.40359,1.409105,1.402882,1.405633,1.416165,1.415952,1.416827,1.382401,1.333153,1.322715,1.318712,1.30572,1.30729,1.310588,1.310327,1.295495,1.298357,1.293416,1.279295,1.277024,1.291942,1.298234,1.302783,1.303463,1.295824,1.286588,1.285446,1.276613,1.264047,1.246589,1.231631,1.2248,1.219701,1.213775,1.216177,1.211186,1.199163,1.195676,1.193683,1.191553,1.176655,1.162945,1.154292,1.145959,1.148362,1.153401,1.146043,1.143695,1.147762,1.130812,1.116616,1.108445,1.096695,1.083078,1.073645,1.075605,1.072338,1.068966,1.060898,1.052317,1.037252,1.0227,1.012753,0.999808,0.994711,0.988867,0.981054,0.977184,0.971947,0.965751,0.956482,0.946759,0.935343,0.929541,0.923196,0.919763,0.918369,0.910409,0.90469,0.899016,0.890307,0.881758,0.875458,0.870153,0.865391,0.860686,0.857348,0.853369,0.855337,0.858619,0.857702,0.857417,0.858556,0.857232,0.852516,0.85092,0.850364,0.848897,0.848473,0.848591,0.847757,0.84875,0.841785,0.821507,0.819011,0.816363,0.813422,0.810354,0.807797,0.805783,0.804154,0.810639,0.808528,0.804432,0.80298,0.80315,0.803296,0.804345,0.804329,0.805596,0.805565,0.804282,0.804578,0.804708,0.80559,0.808175,0.802397,0.803949,0.805823,0.80738,0.808231,0.809981,0.811222,0.813984,0.814946,0.816015,0.81794,0.818856,0.819699,0.820073,0.822269,0.82705,0.829811,0.836719,0.835813,0.836076,0.835883,0.834105,0.83209,0.830735,0.829138,0.829483,0.829709,0.829641,0.830048,0.829903,0.827511,0.82432,0.816718,0.816709,0.814381,0.810252,0.810494,0.811061,0.811549,0.813255,0.815661,0.819522,0.821894,0.823503,0.824255,0.824725,0.82691,0.828466,0.832046,0.836889,0.840075,0.843893,0.846717,0.848169,0.847165,0.8434,0.838168,0.835802,0.835342,0.83528,0.836785,0.83905,0.840524,0.841071,0.840509,0.842284,0.843091,0.842545,0.843278,0.845648,0.849679,0.853904,0.85768,0.860419,0.862098,0.864039,0.863941,0.875538,0.879098,0.879707,0.879256,0.879881,0.882151,0.885812,0.889437,0.89335,0.896836,0.89925,0.900804,0.903892,0.906778,0.91005,0.904711,0.903935,0.908981,0.915875,0.919663,0.922619,0.924571,0.925345,0.926333,0.92824,0.928142,0.934002,0.937613,0.941436,0.943951,0.945729,0.94653,0.947272,0.948897,0.952103,0.953821,0.9603,0.967727,0.973186,0.982051,0.997202,1.003938,1.003102,1.00433,1.008416,1.014774,1.013781,1.016126,1.015097,1.01511,1.018473,1.021573,1.023524,1.021827,1.02913,1.033128,1.035036,1.04254,1.04475,1.043932,1.043936,1.053638
CRW,Malawi,1.052267,0.01055294,1.059608,1.060812,1.049888,1.04179,1.033919,1.018639,1.010973,1.003733,1.001989,0.997725,0.994351,1.000088,1.011729,1.016322,1.014865,1.008699,1.010279,1.018306,1.021843,1.026507,1.032262,1.032234,1.023666,1.009269,1.029641,1.03612,1.035833,1.036549,1.036692,1.037718,1.052331,1.058486,1.066188,1.084403,1.096996,1.108,1.119636,1.13501,1.148343,1.142604,1.144154,1.141843,1.147191,1.15336,1.157364,1.149619,1.149342,1.148996,1.147284,1.147459,1.159706,1.168336,1.176563,1.185278,1.19161,1.194161,1.199618,1.195029,1.198876,1.200006,1.20994,1.214109,1.219285,1.213866,1.216832,1.217765,1.225058,1.230154,1.233537,1.250778,1.248859,1.25782,1.275026,1.284762,1.288841,1.288479,1.283467,1.283036,1.283836,1.283058,1.27348,1.272648,1.271857,1.276631,1.276927,1.300342,1.309015,1.312661,1.317789,1.340379,1.341297,1.337866,1.337831,1.343805,1.352623,1.357501,1.367654,1.372939,1.386418,1.378953,1.362435,1.352826,1.355074,1.347405,1.335773,1.333833,1.345559,1.345215,1.339342,1.335314,1.334762,1.331317,1.337743,1.322142,1.315211,1.311715,1.313462,1.307583,1.309614,1.304832,1.306947,1.305862,1.300034,1.302043,1.306415,1.307941,1.299675,1.285271,1.278347,1.27637,1.273492,1.266102,1.261591,1.253997,1.24545,1.234844,1.226984,1.222208,1.20624,1.189556,1.1847,1.183404,1.171573,1.166893,1.155788,1.15062,1.138508,1.126729,1.120601,1.120595,1.121674,1.121344,1.118576,1.113668,1.105281,1.092113,1.082804,1.077392,1.071753,1.065941,1.055595,1.052318,1.04454,1.030776,1.019071,1.011227,1.00129,0.986999,0.981357,0.976677,0.975796,0.964313,0.953969,0.945385,0.940134,0.936763,0.934553,0.929552,0.925416,0.919796,0.913707,0.911065,0.909244,0.905059,0.900326,0.892605,0.890629,0.890378,0.888595,0.885227,0.881744,0.873612,0.866962,0.862618,0.860787,0.859216,0.856044,0.853172,0.851983,0.851414,0.849045,0.845962,0.84346,0.841813,0.838405,0.830374,0.825595,0.824103,0.822026,0.821442,0.820849,0.819706,0.819615,0.820031,0.819028,0.817545,0.816152,0.814465,0.814153,0.814642,0.814745,0.815649,0.815849,0.817948,0.817535,0.816174,0.815302,0.815016,0.816403,0.817196,0.818181,0.818989,0.820094,0.821833,0.827594,0.828227,0.828805,0.828932,0.828306,0.829022,0.829594,0.828444,0.827718,0.824846,0.823171,0.822795,0.82248,0.821926,0.820921,0.813506,0.812511,0.81082,0.809666,0.809236,0.809088,0.808732,0.809708,0.811715,0.815212,0.818377,0.819731,0.820769,0.821763,0.822923,0.823725,0.825085,0.827165,0.828257,0.828397,0.828283,0.831988,0.834146,0.83551,0.834558,0.836784,0.839609,0.842656,0.844784,0.845986,0.847121,0.847634,0.848052,0.851292,0.853131,0.852462,0.850236,0.850492,0.85091,0.852282,0.850805,0.849847,0.848854,0.849131,0.849241,0.85073,0.854365,0.85806,0.858324,0.861653,0.867317,0.872874,0.877466,0.880287,0.883009,0.887542,0.888756,0.890376,0.89339,0.896678,0.901019,0.904173,0.908098,0.91321,0.917502,0.921407,0.923924,0.925657,0.930572,0.940399,0.944849,0.952141,0.956787,0.960045,0.965029,0.969037,0.971054,0.97291,0.975239,0.977291,0.980265,0.986006,0.990186,0.992922,0.988574,0.988247,0.98993,0.997613,1.00726,1.015981,1.022245,1.02823,1.033215,1.038901,1.057421,1.066591,1.070721,1.073031,1.07277,1.076552,1.078661,1.079488,1.077913,1.078873,1.072935,1.065356,1.067573,1.063573,1.063526,1.059291,1.054601,1.049436,1.050552,1.053377,1.052267,1.055294,1.059608,1.060812,1.049888,1.04179,1.033919,1.018639,1.010973,1.003733,1.001989,0.997725,0.994351,1.000088,1.011729,1.016322,1.014865,1.008699,1.010279,1.018306,1.021843,1.026507,1.032262,1.032234,1.023666,1.009269,1.029641,1.03612,1.035833,1.036549,1.036692,1.037718,1.052331,1.058486,1.066188,1.084403,1.096996,1.108,1.119636,1.13501,1.148343,1.142604,1.144154,1.141843,1.147191,1.15336,1.157364,1.149619,1.149342,1.148996,1.147284,1.147459,1.159706,1.168336,1.176563,1.185278,1.19161,1.194161,1.199618,1.195029,1.198876,1.200006,1.20994,1.214109,1.219285,1.213866,1.216832,1.217765,1.225058,1.230154,1.233537,1.250778,1.248859,1.25782,1.275026,1.284762,1.288841,1.288479,1.283467,1.283036,1.283836,1.283058,1.27348,1.272648,1.271857,1.276631,1.276927,1.300342,1.309015,1.312661,1.317789,1.340379,1.341297,1.337866,1.337831,1.343805,1.352623,1.357501,1.367654,1.372939,1.386418,1.378953,1.362435,1.352826,1.355074,1.347405,1.335773,1.333833,1.345559,1.345215,1.339342,1.335314,1.334762,1.331317,1.337743,1.322142,1.315211,1.311715,1.313462,1.307583,1.309614,1.304832,1.306947,1.305862,1.300034,1.302043,1.306415,1.307941,1.299675,1.285271,1.278347,1.27637,1.273492,1.266102,1.261591,1.253997,1.24545,1.234844,1.226984,1.222208,1.20624,1.189556,1.1847,1.183404,1.171573,1.166893,1.155788,1.15062,1.138508,1.126729,1.120601,1.120595,1.121674,1.121344,1.118576,1.113668,1.105281,1.092113,1.082804,1.077392,1.071753,1.065941,1.055595,1.052318,1.04454,1.030776,1.019071,1.011227,1.00129,0.986999,0.981357,0.976677,0.975796,0.964313,0.953969,0.945385,0.940134,0.936763,0.934553,0.929552,0.925416,0.919796,0.913707,0.911065,0.909244,0.905059,0.900326,0.892605,0.890629,0.890378,0.888595,0.885227,0.881744,0.873612,0.866962,0.862618,0.860787,0.859216,0.856044,0.853172,0.851983,0.851414,0.849045,0.845962,0.84346,0.841813,0.838405,0.830374,0.825595,0.824103,0.822026,0.821442,0.820849,0.819706,0.819615,0.820031,0.819028,0.817545,0.816152,0.814465,0.814153,0.814642,0.814745,0.815649,0.815849,0.817948,0.817535,0.816174,0.815302,0.815016,0.816403,0.817196,0.818181,0.818989,0.820094,0.821833,0.827594,0.828227,0.828805,0.828932,0.828306,0.829022,0.829594,0.828444,0.827718,0.824846,0.823171,0.822795,0.82248,0.821926,0.820921,0.813506,0.812511,0.81082,0.809666,0.809236,0.809088,0.808732,0.809708,0.811715,0.815212,0.818377,0.819731,0.820769,0.821763,0.822923,0.823725,0.825085,0.827165,0.828257,0.828397,0.828283,0.831988,0.834146,0.83551,0.834558,0.836784,0.839609,0.842656,0.844784,0.845986,0.847121,0.847634,0.848052,0.851292,0.853131,0.852462,0.850236,0.850492,0.85091,0.852282,0.850805,0.849847,0.848854,0.849131,0.849241,0.85073,0.854365,0.85806,0.858324,0.861653,0.867317,0.872874,0.877466,0.880287,0.883009,0.887542,0.888756,0.890376,0.89339,0.896678,0.901019,0.904173,0.908098,0.91321,0.917502,0.921407,0.923924,0.925657,0.930572,0.940399,0.944849,0.952141,0.956787,0.960045,0.965029,0.969037,0.971054,0.97291,0.975239,0.977291,0.980265,0.986006,0.990186,0.992922,0.988574,0.988247,0.98993,0.997613,1.00726,1.015981,1.022245,1.02823,1.033215,1.038901,1.057421,1.066591,1.070721,1.073031,1.07277,1.076552,1.078661,1.079488,1.077913,1.078873,1.072935,1.065356,1.067573,1.063573,1.063526,1.059291,1.054601,1.049436,1.050552,1.053377
CRW,Malaysia,1.016423,0.01012085,1.005212,1.003479,1.002106,1.000972,1.003568,1.002497,1.000304,0.998548,0.993558,0.988296,0.988314,0.98573,0.983289,0.976801,0.976171,0.982985,0.981289,0.976087,0.971512,0.964574,0.962692,0.961039,0.956905,0.950528,0.950319,0.94753,0.951064,0.94994,0.948549,0.942869,0.938711,0.937316,0.935106,0.933232,0.929577,0.924037,0.919359,0.915443,0.916841,0.917159,0.916068,0.90984,0.90931,0.907581,0.909101,0.903636,0.900563,0.898994,0.90106,0.906227,0.909061,0.908127,0.909348,0.910614,0.908884,0.913078,0.910948,0.908603,0.908489,0.907477,0.908726,0.911518,0.914202,0.912545,0.909149,0.911136,0.913215,0.916032,0.915664,0.916135,0.912624,0.914547,0.915322,0.915669,0.912634,0.907179,0.899981,0.896179,0.896345,0.896089,0.892415,0.890631,0.885915,0.880572,0.883192,0.884523,0.886713,0.888742,0.888876,0.894993,0.899515,0.90398,0.907716,0.908111,0.912206,0.913035,0.921475,0.936098,0.944965,0.948784,0.953211,0.957272,0.962315,0.969749,0.971948,0.976838,0.981804,0.986425,0.995509,1.003847,1.011991,1.014675,1.006826,1.004308,1.007546,1.010011,1.015369,1.019499,1.021651,1.026788,1.033514,1.038238,1.044945,1.045694,1.040437,1.039083,1.035996,1.037313,1.041775,1.041622,1.037136,1.035468,1.035709,1.047094,1.052936,1.05826,1.058323,1.057072,1.058906,1.064638,1.067922,1.070808,1.073413,1.074143,1.076895,1.08314,1.089984,1.096675,1.095744,1.097128,1.095404,1.102939,1.104351,1.101985,1.100846,1.102936,1.104919,1.109912,1.115605,1.11026,1.109988,1.103571,1.094021,1.088075,1.075365,1.069433,1.057995,1.052587,1.048092,1.038732,1.030154,1.025281,1.019456,1.010361,1.007196,1.00026,0.994641,0.990663,0.98652,0.989899,0.983475,0.982219,0.981047,0.979301,0.979276,0.979697,0.981764,0.977267,0.969685,0.96869,0.964781,0.957529,0.953814,0.950901,0.945455,0.944857,0.937276,0.934339,0.929453,0.9226,0.910327,0.903448,0.902777,0.901242,0.903386,0.903462,0.903102,0.896115,0.893014,0.890708,0.894615,0.888161,0.883603,0.880461,0.876992,0.87449,0.871675,0.86982,0.864908,0.855058,0.85364,0.851128,0.850194,0.847721,0.845365,0.844249,0.844037,0.843776,0.841767,0.842889,0.845245,0.845972,0.84657,0.843415,0.845444,0.842373,0.841783,0.842034,0.842474,0.841298,0.835929,0.833842,0.835367,0.835309,0.832418,0.830912,0.828386,0.824526,0.826393,0.824438,0.823745,0.819913,0.816588,0.812828,0.811536,0.809473,0.811306,0.807787,0.810957,0.813683,0.815378,0.818887,0.822032,0.823195,0.829069,0.834559,0.841207,0.847756,0.856007,0.859167,0.864912,0.870709,0.879045,0.883819,0.888171,0.892971,0.898656,0.903051,0.906141,0.905504,0.90897,0.912993,0.914831,0.917856,0.920743,0.921839,0.919172,0.916816,0.913621,0.914887,0.916193,0.912683,0.912803,0.915903,0.925074,0.928437,0.927555,0.927743,0.925941,0.929843,0.930958,0.933301,0.937742,0.944641,0.950429,0.956899,0.961245,0.966217,0.971857,0.974139,0.97809,0.981519,0.988904,0.992865,0.995389,1.002812,1.008767,1.01092,1.014132,1.018469,1.019601,1.028421,1.031977,1.039044,1.044377,1.049547,1.054296,1.066724,1.109424,1.11502,1.117888,1.125807,1.133267,1.138055,1.134452,1.130837,1.125732,1.126894,1.124113,1.121031,1.12219,1.125758,1.11734,1.07931,1.079695,1.081263,1.075908,1.068662,1.061287,1.063195,1.065734,1.065305,1.064235,1.059328,1.055381,1.049496,1.045335,1.041117,1.039392,1.034357,1.023802,1.018108,1.014343,1.016423,1.012085,1.005212,1.003479,1.002106,1.000972,1.003568,1.002497,1.000304,0.998548,0.993558,0.988296,0.988314,0.98573,0.983289,0.976801,0.976171,0.982985,0.981289,0.976087,0.971512,0.964574,0.962692,0.961039,0.956905,0.950528,0.950319,0.94753,0.951064,0.94994,0.948549,0.942869,0.938711,0.937316,0.935106,0.933232,0.929577,0.924037,0.919359,0.915443,0.916841,0.917159,0.916068,0.90984,0.90931,0.907581,0.909101,0.903636,0.900563,0.898994,0.90106,0.906227,0.909061,0.908127,0.909348,0.910614,0.908884,0.913078,0.910948,0.908603,0.908489,0.907477,0.908726,0.911518,0.914202,0.912545,0.909149,0.911136,0.913215,0.916032,0.915664,0.916135,0.912624,0.914547,0.915322,0.915669,0.912634,0.907179,0.899981,0.896179,0.896345,0.896089,0.892415,0.890631,0.885915,0.880572,0.883192,0.884523,0.886713,0.888742,0.888876,0.894993,0.899515,0.90398,0.907716,0.908111,0.912206,0.913035,0.921475,0.936098,0.944965,0.948784,0.953211,0.957272,0.962315,0.969749,0.971948,0.976838,0.981804,0.986425,0.995509,1.003847,1.011991,1.014675,1.006826,1.004308,1.007546,1.010011,1.015369,1.019499,1.021651,1.026788,1.033514,1.038238,1.044945,1.045694,1.040437,1.039083,1.035996,1.037313,1.041775,1.041622,1.037136,1.035468,1.035709,1.047094,1.052936,1.05826,1.058323,1.057072,1.058906,1.064638,1.067922,1.070808,1.073413,1.074143,1.076895,1.08314,1.089984,1.096675,1.095744,1.097128,1.095404,1.102939,1.104351,1.101985,1.100846,1.102936,1.104919,1.109912,1.115605,1.11026,1.109988,1.103571,1.094021,1.088075,1.075365,1.069433,1.057995,1.052587,1.048092,1.038732,1.030154,1.025281,1.019456,1.010361,1.007196,1.00026,0.994641,0.990663,0.98652,0.989899,0.983475,0.982219,0.981047,0.979301,0.979276,0.979697,0.981764,0.977267,0.969685,0.96869,0.964781,0.957529,0.953814,0.950901,0.945455,0.944857,0.937276,0.934339,0.929453,0.9226,0.910327,0.903448,0.902777,0.901242,0.903386,0.903462,0.903102,0.896115,0.893014,0.890708,0.894615,0.888161,0.883603,0.880461,0.876992,0.87449,0.871675,0.86982,0.864908,0.855058,0.85364,0.851128,0.850194,0.847721,0.845365,0.844249,0.844037,0.843776,0.841767,0.842889,0.845245,0.845972,0.84657,0.843415,0.845444,0.842373,0.841783,0.842034,0.842474,0.841298,0.835929,0.833842,0.835367,0.835309,0.832418,0.830912,0.828386,0.824526,0.826393,0.824438,0.823745,0.819913,0.816588,0.812828,0.811536,0.809473,0.811306,0.807787,0.810957,0.813683,0.815378,0.818887,0.822032,0.823195,0.829069,0.834559,0.841207,0.847756,0.856007,0.859167,0.864912,0.870709,0.879045,0.883819,0.888171,0.892971,0.898656,0.903051,0.906141,0.905504,0.90897,0.912993,0.914831,0.917856,0.920743,0.921839,0.919172,0.916816,0.913621,0.914887,0.916193,0.912683,0.912803,0.915903,0.925074,0.928437,0.927555,0.927743,0.925941,0.929843,0.930958,0.933301,0.937742,0.944641,0.950429,0.956899,0.961245,0.966217,0.971857,0.974139,0.97809,0.981519,0.988904,0.992865,0.995389,1.002812,1.008767,1.01092,1.014132,1.018469,1.019601,1.028421,1.031977,1.039044,1.044377,1.049547,1.054296,1.066724,1.109424,1.11502,1.117888,1.125807,1.133267,1.138055,1.134452,1.130837,1.125732,1.126894,1.124113,1.121031,1.12219,1.125758,1.11734,1.07931,1.079695,1.081263,1.075908,1.068662,1.061287,1.063195,1.065734,1.065305,1.064235,1.059328,1.055381,1.049496,1.045335,1.041117,1.039392,1.034357,1.023802,1.018108,1.014343
CRW,Maldives,0.998616,0.01003283,1.005801,1.006651,1.005395,0.99441,1.001426,1.013444,1.005207,0.995636,0.979458,0.972925,0.969183,0.964264,0.966197,0.960114,0.957426,0.955274,0.946897,0.943273,0.946116,0.931026,0.912701,0.903146,0.897896,0.904793,0.904201,0.905283,0.901636,0.898364,0.891029,0.879658,0.881694,0.875321,0.873984,0.880197,0.894652,0.909112,0.927739,0.941262,0.931104,0.929032,0.925148,0.937151,0.933282,0.943905,0.957952,0.958844,0.958585,0.968494,0.959233,0.955971,0.953695,0.943532,0.931404,0.939327,0.947339,0.956261,0.947542,0.949647,0.94551,0.933398,0.933587,0.945071,0.937738,0.934296,0.934921,0.935328,0.934202,0.930416,0.933292,0.930163,0.923276,0.925174,0.918334,0.912691,0.922472,0.905312,0.889918,0.890272,0.887917,0.88366,0.878142,0.87552,0.882212,0.876097,0.877209,0.89047,0.886983,0.889467,0.899308,0.897693,0.909194,0.928686,0.92735,0.930933,0.931532,0.929292,0.940804,0.940101,0.955057,0.958417,0.949469,0.948777,0.946086,0.938292,0.943009,0.943245,0.937652,0.936909,0.93821,0.9533,0.966663,0.963007,0.988937,0.990101,0.995826,0.996557,1.008773,1.010865,1.011188,1.012193,1.025896,1.026968,1.053224,1.058041,1.059738,1.060826,1.064483,1.054657,1.044711,1.043678,1.050317,1.048183,1.053629,1.070096,1.064618,1.059117,1.043975,1.013229,1.015713,1.010403,1.012911,1.02783,1.025908,1.023559,1.026322,1.0281,1.026143,1.04197,1.031944,1.037352,1.025282,1.023198,1.01318,1.003728,1.003088,0.992251,0.976428,0.978116,0.977094,0.967925,0.95943,0.952326,0.926552,0.911664,0.896873,0.888938,0.884168,0.878662,0.871934,0.855517,0.84885,0.844772,0.836716,0.831283,0.834714,0.839969,0.861792,0.875265,0.878192,0.891264,0.894,0.892141,0.889709,0.892932,0.892942,0.888519,0.886289,0.88524,0.891605,0.894469,0.895624,0.882514,0.866486,0.862445,0.849911,0.841768,0.838382,0.833203,0.832631,0.828173,0.823528,0.820283,0.806748,0.798778,0.78729,0.779869,0.77793,0.779168,0.777179,0.791521,0.801548,0.801916,0.812289,0.815471,0.828064,0.839963,0.838717,0.838564,0.845652,0.863876,0.862291,0.867492,0.864613,0.87232,0.869213,0.861004,0.857787,0.848182,0.843908,0.831729,0.826187,0.826492,0.82456,0.814346,0.793722,0.792533,0.782872,0.784608,0.77843,0.769037,0.765027,0.77149,0.768366,0.763471,0.761572,0.752571,0.750553,0.751719,0.752787,0.758131,0.755931,0.753134,0.750451,0.743867,0.741966,0.737813,0.724727,0.721965,0.718843,0.735536,0.73444,0.736661,0.736068,0.736177,0.734336,0.751405,0.766664,0.782294,0.794891,0.799611,0.807045,0.816758,0.826872,0.831085,0.826063,0.829367,0.829583,0.833,0.837601,0.841857,0.839094,0.828477,0.80795,0.796887,0.794714,0.797373,0.791584,0.784492,0.794755,0.807207,0.815214,0.832977,0.839592,0.85372,0.854775,0.855712,0.85871,0.861712,0.872668,0.874217,0.884699,0.889944,0.901888,0.901659,0.894186,0.902031,0.896266,0.896833,0.890647,0.914129,0.919299,0.919252,0.921411,0.915737,0.91497,0.909909,0.91213,0.911661,0.916564,0.918824,0.910434,0.917374,0.91679,0.914079,0.894555,0.89411,0.893203,0.896593,0.900555,0.905661,0.910424,0.917563,0.959715,0.981694,0.98696,1.020186,1.020091,1.031808,1.042744,1.041546,1.056355,1.065498,1.070577,1.083861,1.091345,1.090826,1.102692,1.077683,1.061623,1.060148,1.031325,1.03463,1.026703,1.03142,1.028263,1.014936,1.019935,1.027375,1.024865,1.014488,1.010308,0.994693,1.000498,0.998616,1.003283,1.005801,1.006651,1.005395,0.99441,1.001426,1.013444,1.005207,0.995636,0.979458,0.972925,0.969183,0.964264,0.966197,0.960114,0.957426,0.955274,0.946897,0.943273,0.946116,0.931026,0.912701,0.903146,0.897896,0.904793,0.904201,0.905283,0.901636,0.898364,0.891029,0.879658,0.881694,0.875321,0.873984,0.880197,0.894652,0.909112,0.927739,0.941262,0.931104,0.929032,0.925148,0.937151,0.933282,0.943905,0.957952,0.958844,0.958585,0.968494,0.959233,0.955971,0.953695,0.943532,0.931404,0.939327,0.947339,0.956261,0.947542,0.949647,0.94551,0.933398,0.933587,0.945071,0.937738,0.934296,0.934921,0.935328,0.934202,0.930416,0.933292,0.930163,0.923276,0.925174,0.918334,0.912691,0.922472,0.905312,0.889918,0.890272,0.887917,0.88366,0.878142,0.87552,0.882212,0.876097,0.877209,0.89047,0.886983,0.889467,0.899308,0.897693,0.909194,0.928686,0.92735,0.930933,0.931532,0.929292,0.940804,0.940101,0.955057,0.958417,0.949469,0.948777,0.946086,0.938292,0.943009,0.943245,0.937652,0.936909,0.93821,0.9533,0.966663,0.963007,0.988937,0.990101,0.995826,0.996557,1.008773,1.010865,1.011188,1.012193,1.025896,1.026968,1.053224,1.058041,1.059738,1.060826,1.064483,1.054657,1.044711,1.043678,1.050317,1.048183,1.053629,1.070096,1.064618,1.059117,1.043975,1.013229,1.015713,1.010403,1.012911,1.02783,1.025908,1.023559,1.026322,1.0281,1.026143,1.04197,1.031944,1.037352,1.025282,1.023198,1.01318,1.003728,1.003088,0.992251,0.976428,0.978116,0.977094,0.967925,0.95943,0.952326,0.926552,0.911664,0.896873,0.888938,0.884168,0.878662,0.871934,0.855517,0.84885,0.844772,0.836716,0.831283,0.834714,0.839969,0.861792,0.875265,0.878192,0.891264,0.894,0.892141,0.889709,0.892932,0.892942,0.888519,0.886289,0.88524,0.891605,0.894469,0.895624,0.882514,0.866486,0.862445,0.849911,0.841768,0.838382,0.833203,0.832631,0.828173,0.823528,0.820283,0.806748,0.798778,0.78729,0.779869,0.77793,0.779168,0.777179,0.791521,0.801548,0.801916,0.812289,0.815471,0.828064,0.839963,0.838717,0.838564,0.845652,0.863876,0.862291,0.867492,0.864613,0.87232,0.869213,0.861004,0.857787,0.848182,0.843908,0.831729,0.826187,0.826492,0.82456,0.814346,0.793722,0.792533,0.782872,0.784608,0.77843,0.769037,0.765027,0.77149,0.768366,0.763471,0.761572,0.752571,0.750553,0.751719,0.752787,0.758131,0.755931,0.753134,0.750451,0.743867,0.741966,0.737813,0.724727,0.721965,0.718843,0.735536,0.73444,0.736661,0.736068,0.736177,0.734336,0.751405,0.766664,0.782294,0.794891,0.799611,0.807045,0.816758,0.826872,0.831085,0.826063,0.829367,0.829583,0.833,0.837601,0.841857,0.839094,0.828477,0.80795,0.796887,0.794714,0.797373,0.791584,0.784492,0.794755,0.807207,0.815214,0.832977,0.839592,0.85372,0.854775,0.855712,0.85871,0.861712,0.872668,0.874217,0.884699,0.889944,0.901888,0.901659,0.894186,0.902031,0.896266,0.896833,0.890647,0.914129,0.919299,0.919252,0.921411,0.915737,0.91497,0.909909,0.91213,0.911661,0.916564,0.918824,0.910434,0.917374,0.91679,0.914079,0.894555,0.89411,0.893203,0.896593,0.900555,0.905661,0.910424,0.917563,0.959715,0.981694,0.98696,1.020186,1.020091,1.031808,1.042744,1.041546,1.056355,1.065498,1.070577,1.083861,1.091345,1.090826,1.102692,1.077683,1.061623,1.060148,1.031325,1.03463,1.026703,1.03142,1.028263,1.014936,1.019935,1.027375,1.024865,1.014488,1.010308,0.994693,1.000498
CRW,Mali,0.80688,0.00800405,0.795004,0.791047,0.781765,0.774002,0.749531,0.744926,0.742586,0.745922,0.748181,0.746873,0.748767,0.747884,0.742486,0.732287,0.729941,0.725525,0.721981,0.721529,0.715292,0.712285,0.713676,0.712873,0.709437,0.703775,0.701052,0.696764,0.697134,0.703149,0.70735,0.708056,0.710056,0.713361,0.717954,0.722913,0.723605,0.721978,0.721913,0.724977,0.730047,0.736212,0.743592,0.746289,0.747088,0.744307,0.745866,0.750498,0.752718,0.758722,0.763919,0.771661,0.779187,0.784092,0.786167,0.785205,0.786121,0.785798,0.789198,0.793944,0.800578,0.805506,0.807891,0.812018,0.813467,0.81655,0.81508,0.812381,0.813274,0.815565,0.824179,0.835447,0.848922,0.862847,0.868791,0.870098,0.870387,0.870466,0.871878,0.871918,0.872797,0.873868,0.875146,0.876217,0.877418,0.876751,0.876486,0.874743,0.873802,0.872098,0.870757,0.864895,0.850446,0.83604,0.834115,0.831463,0.827378,0.826923,0.821962,0.815922,0.814059,0.809261,0.806625,0.804971,0.80508,0.811887,0.823079,0.836921,0.855527,0.863919,0.87149,0.875362,0.874361,0.877692,0.876251,0.875873,0.877809,0.877763,0.876467,0.873361,0.864757,0.857143,0.847856,0.835944,0.828529,0.823085,0.822972,0.826961,0.827346,0.833364,0.835936,0.840564,0.847018,0.84733,0.849821,0.853133,0.857421,0.86136,0.868905,0.866557,0.869283,0.872064,0.870096,0.871385,0.86897,0.868106,0.863052,0.86087,0.858045,0.856792,0.85941,0.863645,0.869016,0.868407,0.877429,0.884459,0.889394,0.891181,0.891719,0.888283,0.882441,0.877415,0.868965,0.863405,0.85841,0.851829,0.842336,0.831908,0.828632,0.824855,0.813104,0.801698,0.800641,0.796439,0.79927,0.800775,0.802688,0.806362,0.815605,0.81259,0.81129,0.812608,0.814898,0.810851,0.802504,0.799212,0.80185,0.795075,0.785675,0.778099,0.771661,0.762589,0.759858,0.752262,0.752146,0.748131,0.743934,0.739241,0.736406,0.735923,0.73053,0.727265,0.734771,0.735946,0.740105,0.751365,0.751626,0.753534,0.75386,0.757282,0.753731,0.750519,0.747237,0.74629,0.751431,0.761504,0.768363,0.768016,0.770613,0.768586,0.76166,0.756468,0.750941,0.748417,0.748134,0.751316,0.75441,0.757516,0.758496,0.752293,0.734967,0.72795,0.731173,0.727204,0.73561,0.737486,0.738625,0.745437,0.745313,0.739984,0.737765,0.739736,0.739663,0.743615,0.748989,0.750706,0.750219,0.74359,0.744281,0.746376,0.74574,0.761026,0.759272,0.757048,0.759792,0.762422,0.769267,0.778325,0.778092,0.778367,0.786693,0.798321,0.816467,0.819239,0.819159,0.82717,0.822493,0.836795,0.847721,0.859019,0.86693,0.867724,0.869062,0.881556,0.883409,0.901198,0.908174,0.897839,0.90162,0.903394,0.91413,0.922602,0.914699,0.921428,0.919759,0.918424,0.919713,0.923711,0.932043,0.94443,0.935589,0.946705,0.957575,0.965749,0.978539,0.972563,0.963887,0.9619,0.960565,0.968113,0.983771,0.992643,0.995399,0.997297,0.996316,0.997911,1.001459,1.010342,1.019942,1.018673,1.019302,1.037232,1.045148,1.04447,1.045073,1.035724,1.032477,1.032685,1.020192,1.012872,1.008337,0.994503,0.985518,0.977249,0.973242,0.971055,0.960552,0.954188,0.954951,0.958707,0.958574,0.957884,0.953896,0.956714,0.959486,0.955662,0.948576,0.940787,0.935027,0.927033,0.925684,0.920462,0.913464,0.903314,0.889528,0.887113,0.876098,0.866419,0.861706,0.86187,0.86776,0.867275,0.867373,0.863391,0.861945,0.861972,0.869308,0.865569,0.861676,0.857397,0.849543,0.841715,0.837075,0.828434,0.817298,0.80688,0.800405,0.795004,0.791047,0.781765,0.774002,0.749531,0.744926,0.742586,0.745922,0.748181,0.746873,0.748767,0.747884,0.742486,0.732287,0.729941,0.725525,0.721981,0.721529,0.715292,0.712285,0.713676,0.712873,0.709437,0.703775,0.701052,0.696764,0.697134,0.703149,0.70735,0.708056,0.710056,0.713361,0.717954,0.722913,0.723605,0.721978,0.721913,0.724977,0.730047,0.736212,0.743592,0.746289,0.747088,0.744307,0.745866,0.750498,0.752718,0.758722,0.763919,0.771661,0.779187,0.784092,0.786167,0.785205,0.786121,0.785798,0.789198,0.793944,0.800578,0.805506,0.807891,0.812018,0.813467,0.81655,0.81508,0.812381,0.813274,0.815565,0.824179,0.835447,0.848922,0.862847,0.868791,0.870098,0.870387,0.870466,0.871878,0.871918,0.872797,0.873868,0.875146,0.876217,0.877418,0.876751,0.876486,0.874743,0.873802,0.872098,0.870757,0.864895,0.850446,0.83604,0.834115,0.831463,0.827378,0.826923,0.821962,0.815922,0.814059,0.809261,0.806625,0.804971,0.80508,0.811887,0.823079,0.836921,0.855527,0.863919,0.87149,0.875362,0.874361,0.877692,0.876251,0.875873,0.877809,0.877763,0.876467,0.873361,0.864757,0.857143,0.847856,0.835944,0.828529,0.823085,0.822972,0.826961,0.827346,0.833364,0.835936,0.840564,0.847018,0.84733,0.849821,0.853133,0.857421,0.86136,0.868905,0.866557,0.869283,0.872064,0.870096,0.871385,0.86897,0.868106,0.863052,0.86087,0.858045,0.856792,0.85941,0.863645,0.869016,0.868407,0.877429,0.884459,0.889394,0.891181,0.891719,0.888283,0.882441,0.877415,0.868965,0.863405,0.85841,0.851829,0.842336,0.831908,0.828632,0.824855,0.813104,0.801698,0.800641,0.796439,0.79927,0.800775,0.802688,0.806362,0.815605,0.81259,0.81129,0.812608,0.814898,0.810851,0.802504,0.799212,0.80185,0.795075,0.785675,0.778099,0.771661,0.762589,0.759858,0.752262,0.752146,0.748131,0.743934,0.739241,0.736406,0.735923,0.73053,0.727265,0.734771,0.735946,0.740105,0.751365,0.751626,0.753534,0.75386,0.757282,0.753731,0.750519,0.747237,0.74629,0.751431,0.761504,0.768363,0.768016,0.770613,0.768586,0.76166,0.756468,0.750941,0.748417,0.748134,0.751316,0.75441,0.757516,0.758496,0.752293,0.734967,0.72795,0.731173,0.727204,0.73561,0.737486,0.738625,0.745437,0.745313,0.739984,0.737765,0.739736,0.739663,0.743615,0.748989,0.750706,0.750219,0.74359,0.744281,0.746376,0.74574,0.761026,0.759272,0.757048,0.759792,0.762422,0.769267,0.778325,0.778092,0.778367,0.786693,0.798321,0.816467,0.819239,0.819159,0.82717,0.822493,0.836795,0.847721,0.859019,0.86693,0.867724,0.869062,0.881556,0.883409,0.901198,0.908174,0.897839,0.90162,0.903394,0.91413,0.922602,0.914699,0.921428,0.919759,0.918424,0.919713,0.923711,0.932043,0.94443,0.935589,0.946705,0.957575,0.965749,0.978539,0.972563,0.963887,0.9619,0.960565,0.968113,0.983771,0.992643,0.995399,0.997297,0.996316,0.997911,1.001459,1.010342,1.019942,1.018673,1.019302,1.037232,1.045148,1.04447,1.045073,1.035724,1.032477,1.032685,1.020192,1.012872,1.008337,0.994503,0.985518,0.977249,0.973242,0.971055,0.960552,0.954188,0.954951,0.958707,0.958574,0.957884,0.953896,0.956714,0.959486,0.955662,0.948576,0.940787,0.935027,0.927033,0.925684,0.920462,0.913464,0.903314,0.889528,0.887113,0.876098,0.866419,0.861706,0.86187,0.86776,0.867275,0.867373,0.863391,0.861945,0.861972,0.869308,0.865569,0.861676,0.857397,0.849543,0.841715,0.837075,0.828434,0.817298
CRW,Malta,0.823607,0.00818378,0.810243,0.814749,0.814332,0.826754,0.831239,0.835999,0.837782,0.841905,0.847432,0.848434,0.852492,0.856877,0.858892,0.862233,0.867783,0.870634,0.874693,0.875763,0.882493,0.895638,0.899571,0.905071,0.905433,0.905658,0.910613,0.914186,0.917563,0.920572,0.922564,0.923253,0.927147,0.93108,0.938614,0.934736,0.924775,0.921488,0.921498,0.922538,0.924972,0.923756,0.922787,0.92097,0.922223,0.922281,0.923456,0.925446,0.922422,0.914834,0.917644,0.923473,0.932969,0.934486,0.93568,0.936788,0.939149,0.942106,0.944455,0.945339,0.945015,0.945073,0.942822,0.938894,0.930671,0.929928,0.926224,0.922358,0.925258,0.944216,0.955373,0.957161,0.957071,0.956719,0.957661,0.960999,0.964629,0.965647,0.963955,0.966013,0.967022,0.967426,0.971046,0.973711,0.961842,0.952189,0.951483,0.952303,0.954098,0.955282,0.956651,0.956825,0.95564,0.953761,0.951233,0.948162,0.943303,0.931348,0.918635,0.916989,0.915047,0.911627,0.908258,0.904697,0.900555,0.894201,0.892546,0.893374,0.893978,0.892975,0.89451,0.89772,0.895019,0.890672,0.885991,0.884405,0.883005,0.882823,0.880465,0.879968,0.879149,0.874137,0.869731,0.866538,0.866811,0.863241,0.858606,0.855758,0.85675,0.858066,0.856706,0.855196,0.851959,0.854886,0.860185,0.861665,0.858121,0.856047,0.857719,0.854854,0.864941,0.864719,0.865006,0.861735,0.857917,0.854893,0.857206,0.861108,0.859576,0.854641,0.851751,0.854943,0.85494,0.852549,0.857148,0.851029,0.852245,0.852503,0.852196,0.853082,0.862583,0.859527,0.855557,0.855087,0.853305,0.852773,0.848239,0.845071,0.845944,0.845374,0.843993,0.840975,0.838436,0.840487,0.84148,0.83477,0.839,0.838981,0.837314,0.838216,0.838254,0.841538,0.846585,0.842941,0.834634,0.834552,0.83696,0.839541,0.838194,0.839143,0.841479,0.837859,0.8412,0.841369,0.843618,0.85572,0.855577,0.853894,0.855757,0.85556,0.85714,0.855884,0.857377,0.856802,0.855769,0.854505,0.85306,0.853236,0.851836,0.841686,0.840433,0.838677,0.837722,0.837758,0.837429,0.837793,0.848385,0.847368,0.848951,0.846765,0.850131,0.851469,0.851122,0.851021,0.850139,0.852536,0.852398,0.852632,0.853702,0.855318,0.853193,0.840975,0.841567,0.841417,0.84245,0.841631,0.840933,0.841504,0.842308,0.841697,0.840716,0.840407,0.839206,0.837792,0.836176,0.833569,0.835427,0.833805,0.828191,0.822883,0.812045,0.807812,0.808417,0.804885,0.803245,0.797468,0.792545,0.792457,0.792625,0.794987,0.789969,0.786509,0.783962,0.785701,0.78874,0.790649,0.791839,0.799141,0.803056,0.80357,0.806109,0.809889,0.809671,0.811293,0.810518,0.814042,0.814468,0.814432,0.813287,0.809001,0.810274,0.809964,0.800977,0.797759,0.793711,0.794885,0.794789,0.793682,0.790421,0.786922,0.785817,0.78628,0.787615,0.78487,0.782318,0.776544,0.772808,0.774613,0.774708,0.775638,0.773,0.769538,0.769952,0.770707,0.773618,0.77423,0.770713,0.766293,0.76535,0.764748,0.765127,0.762102,0.757356,0.753229,0.750849,0.754127,0.7598,0.760064,0.769603,0.768045,0.772638,0.78064,0.784284,0.802165,0.812672,0.818068,0.822924,0.823021,0.826499,0.827439,0.825021,0.82134,0.820782,0.815167,0.816293,0.815375,0.813125,0.815456,0.80581,0.79871,0.797745,0.796972,0.795224,0.795302,0.794655,0.793301,0.801745,0.802305,0.801399,0.801706,0.82891,0.832595,0.835437,0.8362,0.838891,0.839826,0.839814,0.841388,0.841182,0.844443,0.847532,0.846718,0.846383,0.84609,0.845704,0.823607,0.818378,0.810243,0.814749,0.814332,0.826754,0.831239,0.835999,0.837782,0.841905,0.847432,0.848434,0.852492,0.856877,0.858892,0.862233,0.867783,0.870634,0.874693,0.875763,0.882493,0.895638,0.899571,0.905071,0.905433,0.905658,0.910613,0.914186,0.917563,0.920572,0.922564,0.923253,0.927147,0.93108,0.938614,0.934736,0.924775,0.921488,0.921498,0.922538,0.924972,0.923756,0.922787,0.92097,0.922223,0.922281,0.923456,0.925446,0.922422,0.914834,0.917644,0.923473,0.932969,0.934486,0.93568,0.936788,0.939149,0.942106,0.944455,0.945339,0.945015,0.945073,0.942822,0.938894,0.930671,0.929928,0.926224,0.922358,0.925258,0.944216,0.955373,0.957161,0.957071,0.956719,0.957661,0.960999,0.964629,0.965647,0.963955,0.966013,0.967022,0.967426,0.971046,0.973711,0.961842,0.952189,0.951483,0.952303,0.954098,0.955282,0.956651,0.956825,0.95564,0.953761,0.951233,0.948162,0.943303,0.931348,0.918635,0.916989,0.915047,0.911627,0.908258,0.904697,0.900555,0.894201,0.892546,0.893374,0.893978,0.892975,0.89451,0.89772,0.895019,0.890672,0.885991,0.884405,0.883005,0.882823,0.880465,0.879968,0.879149,0.874137,0.869731,0.866538,0.866811,0.863241,0.858606,0.855758,0.85675,0.858066,0.856706,0.855196,0.851959,0.854886,0.860185,0.861665,0.858121,0.856047,0.857719,0.854854,0.864941,0.864719,0.865006,0.861735,0.857917,0.854893,0.857206,0.861108,0.859576,0.854641,0.851751,0.854943,0.85494,0.852549,0.857148,0.851029,0.852245,0.852503,0.852196,0.853082,0.862583,0.859527,0.855557,0.855087,0.853305,0.852773,0.848239,0.845071,0.845944,0.845374,0.843993,0.840975,0.838436,0.840487,0.84148,0.83477,0.839,0.838981,0.837314,0.838216,0.838254,0.841538,0.846585,0.842941,0.834634,0.834552,0.83696,0.839541,0.838194,0.839143,0.841479,0.837859,0.8412,0.841369,0.843618,0.85572,0.855577,0.853894,0.855757,0.85556,0.85714,0.855884,0.857377,0.856802,0.855769,0.854505,0.85306,0.853236,0.851836,0.841686,0.840433,0.838677,0.837722,0.837758,0.837429,0.837793,0.848385,0.847368,0.848951,0.846765,0.850131,0.851469,0.851122,0.851021,0.850139,0.852536,0.852398,0.852632,0.853702,0.855318,0.853193,0.840975,0.841567,0.841417,0.84245,0.841631,0.840933,0.841504,0.842308,0.841697,0.840716,0.840407,0.839206,0.837792,0.836176,0.833569,0.835427,0.833805,0.828191,0.822883,0.812045,0.807812,0.808417,0.804885,0.803245,0.797468,0.792545,0.792457,0.792625,0.794987,0.789969,0.786509,0.783962,0.785701,0.78874,0.790649,0.791839,0.799141,0.803056,0.80357,0.806109,0.809889,0.809671,0.811293,0.810518,0.814042,0.814468,0.814432,0.813287,0.809001,0.810274,0.809964,0.800977,0.797759,0.793711,0.794885,0.794789,0.793682,0.790421,0.786922,0.785817,0.78628,0.787615,0.78487,0.782318,0.776544,0.772808,0.774613,0.774708,0.775638,0.773,0.769538,0.769952,0.770707,0.773618,0.77423,0.770713,0.766293,0.76535,0.764748,0.765127,0.762102,0.757356,0.753229,0.750849,0.754127,0.7598,0.760064,0.769603,0.768045,0.772638,0.78064,0.784284,0.802165,0.812672,0.818068,0.822924,0.823021,0.826499,0.827439,0.825021,0.82134,0.820782,0.815167,0.816293,0.815375,0.813125,0.815456,0.80581,0.79871,0.797745,0.796972,0.795224,0.795302,0.794655,0.793301,0.801745,0.802305,0.801399,0.801706,0.82891,0.832595,0.835437,0.8362,0.838891,0.839826,0.839814,0.841388,0.841182,0.844443,0.847532,0.846718,0.846383,0.84609,0.845704
CRW,Mauritania,0.741175,0.007379510000000001,0.731692,0.73062,0.731642,0.733286,0.734997,0.732512,0.72182,0.718027,0.72008,0.724945,0.727834,0.724215,0.719222,0.719492,0.719031,0.722281,0.725025,0.729019,0.731497,0.736868,0.740715,0.747512,0.751936,0.752928,0.755839,0.760637,0.775388,0.781317,0.785836,0.788174,0.788153,0.788214,0.78863,0.793544,0.794414,0.799133,0.801458,0.804405,0.807831,0.810065,0.811187,0.807637,0.809664,0.808817,0.808031,0.8081,0.808588,0.809101,0.809669,0.810501,0.81232,0.813511,0.815002,0.815728,0.816262,0.818001,0.818816,0.819305,0.820685,0.821566,0.821911,0.821856,0.821948,0.822829,0.823804,0.823387,0.823494,0.822918,0.824087,0.824794,0.824695,0.82545,0.82655,0.82692,0.827104,0.827756,0.82845,0.83002,0.83078,0.830846,0.831487,0.831129,0.830837,0.829693,0.829498,0.829485,0.829391,0.828211,0.826238,0.824893,0.823985,0.823366,0.821491,0.819481,0.817484,0.816298,0.815849,0.815481,0.81557,0.811426,0.809741,0.803477,0.796884,0.793911,0.7926,0.792265,0.791018,0.793621,0.795776,0.798173,0.801643,0.802494,0.80584,0.808107,0.805176,0.799614,0.797048,0.794763,0.792653,0.792948,0.795375,0.800659,0.80532,0.80395,0.800151,0.796736,0.799476,0.802871,0.807505,0.813284,0.818088,0.824524,0.832461,0.83664,0.839546,0.835477,0.831124,0.828083,0.8327,0.83812,0.846341,0.85267,0.867751,0.878923,0.891627,0.904254,0.915941,0.929424,0.944529,0.955834,0.962756,0.969132,0.975964,0.986276,0.992951,0.994287,0.997114,0.997338,1.00026,0.998497,0.999366,1.011351,1.026177,1.036936,1.043515,1.051167,1.055151,1.058839,1.060551,1.065183,1.070181,1.071414,1.073629,1.064534,1.062705,1.061331,1.042314,1.027746,1.004288,0.99335,0.998856,1.005312,1.00854,1.002449,0.99481,0.990176,0.989227,0.993936,1.004372,1.020873,1.035399,1.0513,1.053071,1.068314,1.078174,1.071456,1.061239,1.063489,1.065516,1.070506,1.07903,1.075603,1.07167,1.068815,1.06036,1.053423,1.050806,1.048496,1.040721,1.036821,1.041921,1.045101,1.047112,1.059932,1.065776,1.065218,1.071199,1.073126,1.073155,1.068091,1.063157,1.064624,1.057631,1.044199,1.039606,1.031349,1.031255,1.032784,1.010027,0.976718,0.949558,0.938537,0.9355,0.937032,0.934255,0.920914,0.901877,0.891956,0.893392,0.890825,0.889674,0.889089,0.89078,0.903855,0.917129,0.911866,0.895246,0.885727,0.868194,0.858522,0.866904,0.878291,0.887367,0.887835,0.889038,0.894246,0.892242,0.88924,0.887852,0.890551,0.915111,0.938524,0.943802,0.955553,0.961084,0.964942,0.966482,0.969846,0.976012,0.980091,0.971949,0.968062,0.968136,0.966427,0.973066,0.969683,0.974249,0.981436,0.98299,0.987119,0.981948,0.979443,0.966031,0.955739,0.954545,0.957115,0.96249,0.965784,0.971869,0.968193,0.96226,0.951417,0.948596,0.94906,0.941219,0.94186,0.941724,0.958821,0.968169,0.969543,0.97341,0.967592,0.967548,0.959677,0.957163,0.950998,0.956275,0.954975,0.95299,0.955485,0.954154,0.954213,0.94606,0.940593,0.92991,0.914426,0.910418,0.898445,0.891887,0.883848,0.886281,0.878466,0.87352,0.859319,0.853864,0.850628,0.843836,0.841168,0.845072,0.849886,0.855648,0.857668,0.856999,0.857643,0.859282,0.850265,0.84193,0.839328,0.848629,0.845664,0.842156,0.842311,0.836381,0.82382,0.81444,0.805083,0.797071,0.793305,0.786557,0.78727,0.792364,0.792237,0.782016,0.769414,0.762022,0.757254,0.756521,0.753913,0.75224,0.745255,0.740698,0.7389,0.738888,0.741175,0.737951,0.731692,0.73062,0.731642,0.733286,0.734997,0.732512,0.72182,0.718027,0.72008,0.724945,0.727834,0.724215,0.719222,0.719492,0.719031,0.722281,0.725025,0.729019,0.731497,0.736868,0.740715,0.747512,0.751936,0.752928,0.755839,0.760637,0.775388,0.781317,0.785836,0.788174,0.788153,0.788214,0.78863,0.793544,0.794414,0.799133,0.801458,0.804405,0.807831,0.810065,0.811187,0.807637,0.809664,0.808817,0.808031,0.8081,0.808588,0.809101,0.809669,0.810501,0.81232,0.813511,0.815002,0.815728,0.816262,0.818001,0.818816,0.819305,0.820685,0.821566,0.821911,0.821856,0.821948,0.822829,0.823804,0.823387,0.823494,0.822918,0.824087,0.824794,0.824695,0.82545,0.82655,0.82692,0.827104,0.827756,0.82845,0.83002,0.83078,0.830846,0.831487,0.831129,0.830837,0.829693,0.829498,0.829485,0.829391,0.828211,0.826238,0.824893,0.823985,0.823366,0.821491,0.819481,0.817484,0.816298,0.815849,0.815481,0.81557,0.811426,0.809741,0.803477,0.796884,0.793911,0.7926,0.792265,0.791018,0.793621,0.795776,0.798173,0.801643,0.802494,0.80584,0.808107,0.805176,0.799614,0.797048,0.794763,0.792653,0.792948,0.795375,0.800659,0.80532,0.80395,0.800151,0.796736,0.799476,0.802871,0.807505,0.813284,0.818088,0.824524,0.832461,0.83664,0.839546,0.835477,0.831124,0.828083,0.8327,0.83812,0.846341,0.85267,0.867751,0.878923,0.891627,0.904254,0.915941,0.929424,0.944529,0.955834,0.962756,0.969132,0.975964,0.986276,0.992951,0.994287,0.997114,0.997338,1.00026,0.998497,0.999366,1.011351,1.026177,1.036936,1.043515,1.051167,1.055151,1.058839,1.060551,1.065183,1.070181,1.071414,1.073629,1.064534,1.062705,1.061331,1.042314,1.027746,1.004288,0.99335,0.998856,1.005312,1.00854,1.002449,0.99481,0.990176,0.989227,0.993936,1.004372,1.020873,1.035399,1.0513,1.053071,1.068314,1.078174,1.071456,1.061239,1.063489,1.065516,1.070506,1.07903,1.075603,1.07167,1.068815,1.06036,1.053423,1.050806,1.048496,1.040721,1.036821,1.041921,1.045101,1.047112,1.059932,1.065776,1.065218,1.071199,1.073126,1.073155,1.068091,1.063157,1.064624,1.057631,1.044199,1.039606,1.031349,1.031255,1.032784,1.010027,0.976718,0.949558,0.938537,0.9355,0.937032,0.934255,0.920914,0.901877,0.891956,0.893392,0.890825,0.889674,0.889089,0.89078,0.903855,0.917129,0.911866,0.895246,0.885727,0.868194,0.858522,0.866904,0.878291,0.887367,0.887835,0.889038,0.894246,0.892242,0.88924,0.887852,0.890551,0.915111,0.938524,0.943802,0.955553,0.961084,0.964942,0.966482,0.969846,0.976012,0.980091,0.971949,0.968062,0.968136,0.966427,0.973066,0.969683,0.974249,0.981436,0.98299,0.987119,0.981948,0.979443,0.966031,0.955739,0.954545,0.957115,0.96249,0.965784,0.971869,0.968193,0.96226,0.951417,0.948596,0.94906,0.941219,0.94186,0.941724,0.958821,0.968169,0.969543,0.97341,0.967592,0.967548,0.959677,0.957163,0.950998,0.956275,0.954975,0.95299,0.955485,0.954154,0.954213,0.94606,0.940593,0.92991,0.914426,0.910418,0.898445,0.891887,0.883848,0.886281,0.878466,0.87352,0.859319,0.853864,0.850628,0.843836,0.841168,0.845072,0.849886,0.855648,0.857668,0.856999,0.857643,0.859282,0.850265,0.84193,0.839328,0.848629,0.845664,0.842156,0.842311,0.836381,0.82382,0.81444,0.805083,0.797071,0.793305,0.786557,0.78727,0.792364,0.792237,0.782016,0.769414,0.762022,0.757254,0.756521,0.753913,0.75224,0.745255,0.740698,0.7389,0.738888
CRW,Mauritius,0.939032,0.00936898,0.938778,0.940572,0.946041,0.947313,0.948618,0.947718,0.951741,0.955836,0.952704,0.954555,0.958812,0.958975,0.95455,0.955407,0.958791,0.959314,0.961068,0.966601,0.970172,0.976082,0.982247,0.984077,0.981847,0.982634,0.981532,0.97396,0.97353,0.977518,0.97615,0.976771,0.981161,0.983564,0.976486,0.974088,0.9757,0.969535,0.965841,0.962162,0.963028,0.969921,0.979531,0.989627,0.992613,0.994768,0.995765,0.996945,0.991489,0.988457,0.991944,0.987319,0.988403,0.987674,0.993196,0.988877,0.982956,0.978569,0.97397,0.968966,0.97973,0.987174,0.995145,1.0005,1.014289,1.02526,1.035192,1.044473,1.083842,1.105969,1.129623,1.133013,1.142009,1.156164,1.173791,1.185849,1.189135,1.188239,1.198504,1.191074,1.177342,1.175784,1.1788,1.157803,1.141119,1.120535,1.131091,1.134562,1.130151,1.111456,1.086701,1.097094,1.125352,1.122502,1.135371,1.148428,1.160773,1.169664,1.178401,1.187353,1.197513,1.202796,1.211559,1.20023,1.204159,1.212322,1.192881,1.160106,1.155512,1.136781,1.132395,1.136282,1.127954,1.120341,1.106263,1.092116,1.086434,1.081645,1.087235,1.083713,1.074232,1.071942,1.068112,1.060772,1.057352,1.046312,1.035313,1.037459,1.051622,1.058999,1.065446,1.060107,1.067789,1.058589,1.050578,1.052159,1.055342,1.062851,1.059046,1.063573,1.074539,1.07628,1.075932,1.062531,1.053724,1.039959,1.036889,1.017545,1.01153,1.009161,1.00075,0.994852,0.981909,0.976954,0.962769,0.951781,0.941368,0.931843,0.907552,0.89382,0.895015,0.891935,0.880513,0.874611,0.865947,0.861117,0.85279,0.847335,0.841534,0.837908,0.835916,0.832568,0.829702,0.826752,0.822929,0.816086,0.809187,0.805937,0.802249,0.799426,0.79469,0.790867,0.785155,0.781243,0.775848,0.764891,0.759754,0.753068,0.754609,0.758721,0.76216,0.766647,0.772178,0.777397,0.782436,0.784754,0.789827,0.79082,0.794958,0.798833,0.804775,0.806378,0.808106,0.804343,0.798643,0.798369,0.796236,0.793843,0.791993,0.79632,0.792332,0.791568,0.79171,0.790198,0.788607,0.785958,0.785133,0.785445,0.788368,0.790832,0.790581,0.791356,0.793009,0.792152,0.787509,0.788644,0.791256,0.793398,0.794994,0.797303,0.802841,0.804914,0.806501,0.807514,0.807524,0.807779,0.80798,0.806902,0.80995,0.810456,0.809756,0.810187,0.812343,0.813913,0.814389,0.812673,0.812907,0.833218,0.832145,0.833307,0.834575,0.835861,0.836888,0.83665,0.836933,0.836198,0.834874,0.832026,0.830606,0.828455,0.827028,0.825169,0.803787,0.80208,0.800431,0.799128,0.799822,0.801267,0.802627,0.801929,0.803133,0.80397,0.803883,0.807182,0.808703,0.810079,0.812457,0.814157,0.815949,0.815411,0.822842,0.821157,0.818837,0.816626,0.816141,0.815643,0.816237,0.816795,0.815491,0.815326,0.814938,0.815253,0.81518,0.815964,0.81909,0.813052,0.816041,0.817192,0.818262,0.817635,0.817262,0.818025,0.822485,0.824445,0.825847,0.82614,0.827987,0.829117,0.831619,0.831341,0.831095,0.832389,0.834339,0.836379,0.838493,0.840966,0.843302,0.84257,0.844246,0.846417,0.851477,0.85546,0.861346,0.862224,0.863562,0.866665,0.867502,0.870441,0.873176,0.876027,0.87802,0.879296,0.881964,0.884522,0.888174,0.889607,0.890757,0.890529,0.891697,0.898018,0.899814,0.903288,0.906495,0.907074,0.908284,0.909877,0.913926,0.917871,0.926294,0.925091,0.925095,0.926563,0.92855,0.931155,0.92661,0.925815,0.926128,0.927108,0.929648,0.933668,0.939235,0.939348,0.937933,0.929205,0.936094,0.939032,0.936898,0.938778,0.940572,0.946041,0.947313,0.948618,0.947718,0.951741,0.955836,0.952704,0.954555,0.958812,0.958975,0.95455,0.955407,0.958791,0.959314,0.961068,0.966601,0.970172,0.976082,0.982247,0.984077,0.981847,0.982634,0.981532,0.97396,0.97353,0.977518,0.97615,0.976771,0.981161,0.983564,0.976486,0.974088,0.9757,0.969535,0.965841,0.962162,0.963028,0.969921,0.979531,0.989627,0.992613,0.994768,0.995765,0.996945,0.991489,0.988457,0.991944,0.987319,0.988403,0.987674,0.993196,0.988877,0.982956,0.978569,0.97397,0.968966,0.97973,0.987174,0.995145,1.0005,1.014289,1.02526,1.035192,1.044473,1.083842,1.105969,1.129623,1.133013,1.142009,1.156164,1.173791,1.185849,1.189135,1.188239,1.198504,1.191074,1.177342,1.175784,1.1788,1.157803,1.141119,1.120535,1.131091,1.134562,1.130151,1.111456,1.086701,1.097094,1.125352,1.122502,1.135371,1.148428,1.160773,1.169664,1.178401,1.187353,1.197513,1.202796,1.211559,1.20023,1.204159,1.212322,1.192881,1.160106,1.155512,1.136781,1.132395,1.136282,1.127954,1.120341,1.106263,1.092116,1.086434,1.081645,1.087235,1.083713,1.074232,1.071942,1.068112,1.060772,1.057352,1.046312,1.035313,1.037459,1.051622,1.058999,1.065446,1.060107,1.067789,1.058589,1.050578,1.052159,1.055342,1.062851,1.059046,1.063573,1.074539,1.07628,1.075932,1.062531,1.053724,1.039959,1.036889,1.017545,1.01153,1.009161,1.00075,0.994852,0.981909,0.976954,0.962769,0.951781,0.941368,0.931843,0.907552,0.89382,0.895015,0.891935,0.880513,0.874611,0.865947,0.861117,0.85279,0.847335,0.841534,0.837908,0.835916,0.832568,0.829702,0.826752,0.822929,0.816086,0.809187,0.805937,0.802249,0.799426,0.79469,0.790867,0.785155,0.781243,0.775848,0.764891,0.759754,0.753068,0.754609,0.758721,0.76216,0.766647,0.772178,0.777397,0.782436,0.784754,0.789827,0.79082,0.794958,0.798833,0.804775,0.806378,0.808106,0.804343,0.798643,0.798369,0.796236,0.793843,0.791993,0.79632,0.792332,0.791568,0.79171,0.790198,0.788607,0.785958,0.785133,0.785445,0.788368,0.790832,0.790581,0.791356,0.793009,0.792152,0.787509,0.788644,0.791256,0.793398,0.794994,0.797303,0.802841,0.804914,0.806501,0.807514,0.807524,0.807779,0.80798,0.806902,0.80995,0.810456,0.809756,0.810187,0.812343,0.813913,0.814389,0.812673,0.812907,0.833218,0.832145,0.833307,0.834575,0.835861,0.836888,0.83665,0.836933,0.836198,0.834874,0.832026,0.830606,0.828455,0.827028,0.825169,0.803787,0.80208,0.800431,0.799128,0.799822,0.801267,0.802627,0.801929,0.803133,0.80397,0.803883,0.807182,0.808703,0.810079,0.812457,0.814157,0.815949,0.815411,0.822842,0.821157,0.818837,0.816626,0.816141,0.815643,0.816237,0.816795,0.815491,0.815326,0.814938,0.815253,0.81518,0.815964,0.81909,0.813052,0.816041,0.817192,0.818262,0.817635,0.817262,0.818025,0.822485,0.824445,0.825847,0.82614,0.827987,0.829117,0.831619,0.831341,0.831095,0.832389,0.834339,0.836379,0.838493,0.840966,0.843302,0.84257,0.844246,0.846417,0.851477,0.85546,0.861346,0.862224,0.863562,0.866665,0.867502,0.870441,0.873176,0.876027,0.87802,0.879296,0.881964,0.884522,0.888174,0.889607,0.890757,0.890529,0.891697,0.898018,0.899814,0.903288,0.906495,0.907074,0.908284,0.909877,0.913926,0.917871,0.926294,0.925091,0.925095,0.926563,0.92855,0.931155,0.92661,0.925815,0.926128,0.927108,0.929648,0.933668,0.939235,0.939348,0.937933,0.929205,0.936094
CRW,Mexico,0.962481,0.009578209999999998,0.955043,0.950402,0.945307,0.940307,0.937117,0.93152,0.926862,0.922555,0.91879,0.920473,0.92307,0.920462,0.919348,0.918729,0.918249,0.918216,0.917784,0.914093,0.911689,0.914625,0.915229,0.912019,0.910611,0.909952,0.904519,0.898505,0.896037,0.893353,0.888471,0.88396,0.877524,0.871598,0.869349,0.867048,0.855499,0.854397,0.853856,0.844321,0.839079,0.845851,0.843801,0.842742,0.841411,0.842625,0.847985,0.849006,0.84912,0.851164,0.853294,0.853998,0.849613,0.84984,0.850736,0.850435,0.845839,0.853778,0.855874,0.856203,0.859469,0.859561,0.860962,0.861084,0.85914,0.858095,0.857133,0.857284,0.854827,0.854678,0.854654,0.868559,0.874785,0.878925,0.884757,0.888647,0.889583,0.891709,0.895794,0.898934,0.899883,0.902304,0.903949,0.906089,0.907612,0.907711,0.903768,0.898702,0.901536,0.909994,0.913052,0.91372,0.913958,0.913426,0.912824,0.913226,0.912846,0.912608,0.911976,0.913697,0.915026,0.91514,0.916041,0.915146,0.909808,0.908518,0.90939,0.910112,0.910907,0.914141,0.915456,0.917359,0.91828,0.919635,0.920209,0.923536,0.927023,0.92807,0.928627,0.927195,0.925357,0.926395,0.929614,0.933645,0.936418,0.939528,0.942075,0.946218,0.953142,0.95733,0.958728,0.960032,0.963255,0.967943,0.973138,0.97828,0.982585,0.985341,0.989531,0.993609,1.001448,1.008567,1.013964,1.01504,1.020611,1.028897,1.041313,1.049536,1.057881,1.067184,1.074273,1.083044,1.087729,1.092737,1.098394,1.10232,1.107175,1.111099,1.116598,1.11802,1.119765,1.113797,1.115239,1.115177,1.115484,1.116513,1.116295,1.123843,1.128746,1.135806,1.146726,1.151807,1.158466,1.164676,1.178996,1.19058,1.20489,1.214882,1.230205,1.243892,1.254178,1.25597,1.258276,1.256869,1.25294,1.247175,1.247107,1.251436,1.256018,1.250932,1.247411,1.249267,1.248425,1.236913,1.227882,1.220002,1.213523,1.208167,1.210169,1.204858,1.208336,1.201268,1.199434,1.199055,1.196526,1.190253,1.196669,1.206533,1.202784,1.197833,1.196981,1.193545,1.188841,1.187755,1.189353,1.185604,1.187462,1.183167,1.178627,1.175411,1.171977,1.168119,1.174652,1.186219,1.204044,1.220563,1.236095,1.247856,1.256019,1.25304,1.247226,1.249712,1.251099,1.249613,1.2507,1.251986,1.246918,1.23774,1.228954,1.222448,1.216917,1.205022,1.201456,1.196206,1.198869,1.20297,1.206855,1.209689,1.214964,1.212826,1.213836,1.217362,1.210471,1.208717,1.207317,1.202456,1.200825,1.19826,1.195504,1.191193,1.183647,1.178128,1.174892,1.172889,1.176949,1.178605,1.178941,1.180636,1.18018,1.176663,1.174394,1.168341,1.160123,1.153359,1.146833,1.15716,1.160596,1.168282,1.167834,1.16193,1.157304,1.152426,1.155168,1.157682,1.155472,1.159542,1.167524,1.168636,1.168085,1.167503,1.162303,1.155992,1.146413,1.143854,1.142385,1.139386,1.140765,1.135715,1.135587,1.135279,1.130869,1.128248,1.132043,1.132395,1.130942,1.134907,1.14086,1.142361,1.140668,1.13981,1.142118,1.145543,1.144092,1.13822,1.142201,1.144549,1.141951,1.143405,1.143476,1.142669,1.13549,1.129444,1.126275,1.128297,1.128732,1.129086,1.127487,1.126953,1.132122,1.135364,1.131842,1.131307,1.127781,1.122561,1.122119,1.11975,1.116969,1.115354,1.108677,1.102102,1.098567,1.091119,1.0904,1.079686,1.068205,1.060981,1.055863,1.054652,1.051586,1.044473,1.037615,1.033402,1.027908,1.023794,1.020187,1.014165,1.011328,1.003897,1.001048,0.998349,0.998365,0.991635,0.981339,0.973856,0.966979,0.962481,0.957821,0.955043,0.950402,0.945307,0.940307,0.937117,0.93152,0.926862,0.922555,0.91879,0.920473,0.92307,0.920462,0.919348,0.918729,0.918249,0.918216,0.917784,0.914093,0.911689,0.914625,0.915229,0.912019,0.910611,0.909952,0.904519,0.898505,0.896037,0.893353,0.888471,0.88396,0.877524,0.871598,0.869349,0.867048,0.855499,0.854397,0.853856,0.844321,0.839079,0.845851,0.843801,0.842742,0.841411,0.842625,0.847985,0.849006,0.84912,0.851164,0.853294,0.853998,0.849613,0.84984,0.850736,0.850435,0.845839,0.853778,0.855874,0.856203,0.859469,0.859561,0.860962,0.861084,0.85914,0.858095,0.857133,0.857284,0.854827,0.854678,0.854654,0.868559,0.874785,0.878925,0.884757,0.888647,0.889583,0.891709,0.895794,0.898934,0.899883,0.902304,0.903949,0.906089,0.907612,0.907711,0.903768,0.898702,0.901536,0.909994,0.913052,0.91372,0.913958,0.913426,0.912824,0.913226,0.912846,0.912608,0.911976,0.913697,0.915026,0.91514,0.916041,0.915146,0.909808,0.908518,0.90939,0.910112,0.910907,0.914141,0.915456,0.917359,0.91828,0.919635,0.920209,0.923536,0.927023,0.92807,0.928627,0.927195,0.925357,0.926395,0.929614,0.933645,0.936418,0.939528,0.942075,0.946218,0.953142,0.95733,0.958728,0.960032,0.963255,0.967943,0.973138,0.97828,0.982585,0.985341,0.989531,0.993609,1.001448,1.008567,1.013964,1.01504,1.020611,1.028897,1.041313,1.049536,1.057881,1.067184,1.074273,1.083044,1.087729,1.092737,1.098394,1.10232,1.107175,1.111099,1.116598,1.11802,1.119765,1.113797,1.115239,1.115177,1.115484,1.116513,1.116295,1.123843,1.128746,1.135806,1.146726,1.151807,1.158466,1.164676,1.178996,1.19058,1.20489,1.214882,1.230205,1.243892,1.254178,1.25597,1.258276,1.256869,1.25294,1.247175,1.247107,1.251436,1.256018,1.250932,1.247411,1.249267,1.248425,1.236913,1.227882,1.220002,1.213523,1.208167,1.210169,1.204858,1.208336,1.201268,1.199434,1.199055,1.196526,1.190253,1.196669,1.206533,1.202784,1.197833,1.196981,1.193545,1.188841,1.187755,1.189353,1.185604,1.187462,1.183167,1.178627,1.175411,1.171977,1.168119,1.174652,1.186219,1.204044,1.220563,1.236095,1.247856,1.256019,1.25304,1.247226,1.249712,1.251099,1.249613,1.2507,1.251986,1.246918,1.23774,1.228954,1.222448,1.216917,1.205022,1.201456,1.196206,1.198869,1.20297,1.206855,1.209689,1.214964,1.212826,1.213836,1.217362,1.210471,1.208717,1.207317,1.202456,1.200825,1.19826,1.195504,1.191193,1.183647,1.178128,1.174892,1.172889,1.176949,1.178605,1.178941,1.180636,1.18018,1.176663,1.174394,1.168341,1.160123,1.153359,1.146833,1.15716,1.160596,1.168282,1.167834,1.16193,1.157304,1.152426,1.155168,1.157682,1.155472,1.159542,1.167524,1.168636,1.168085,1.167503,1.162303,1.155992,1.146413,1.143854,1.142385,1.139386,1.140765,1.135715,1.135587,1.135279,1.130869,1.128248,1.132043,1.132395,1.130942,1.134907,1.14086,1.142361,1.140668,1.13981,1.142118,1.145543,1.144092,1.13822,1.142201,1.144549,1.141951,1.143405,1.143476,1.142669,1.13549,1.129444,1.126275,1.128297,1.128732,1.129086,1.127487,1.126953,1.132122,1.135364,1.131842,1.131307,1.127781,1.122561,1.122119,1.11975,1.116969,1.115354,1.108677,1.102102,1.098567,1.091119,1.0904,1.079686,1.068205,1.060981,1.055863,1.054652,1.051586,1.044473,1.037615,1.033402,1.027908,1.023794,1.020187,1.014165,1.011328,1.003897,1.001048,0.998349,0.998365,0.991635,0.981339,0.973856,0.966979
CRW,Moldova,0.891124,0.00890351,0.888886,0.89032,0.886454,0.886305,0.886469,0.891431,0.897317,0.899922,0.905111,0.91379,0.918513,0.922173,0.923419,0.927256,0.927486,0.930473,0.931789,0.933341,0.936865,0.941198,0.942169,0.941672,0.940605,0.938539,0.937855,0.939099,0.942915,0.950402,0.964974,0.979358,0.988278,0.995836,1.00032,1.00232,1.004292,1.004543,1.002582,1.00456,1.011515,1.018884,1.025301,1.028906,1.031114,1.023424,1.015646,1.011154,1.006169,1.003453,1.002114,1.001397,1.000909,1.002894,1.004486,1.00191,0.99436,0.987219,0.984184,0.980798,0.976072,0.973307,0.972987,0.969229,0.968248,0.9717,0.972005,0.97743,0.991781,0.995536,0.99714,1.000338,1.004101,1.006129,1.009835,1.013555,1.020608,1.024984,1.034102,1.039898,1.037058,1.037281,1.035228,1.023679,1.021821,1.02103,1.018502,1.017766,1.018453,1.01736,1.020657,1.019724,1.019929,1.022056,1.021159,1.022039,1.020113,1.017287,1.012377,1.010928,1.009416,1.00971,1.004874,0.998782,0.999492,0.99506,1.000296,1.000736,0.998938,1.000864,1.001688,1.004153,1.002319,1.002853,1.003387,1.002217,0.999532,1.000739,1.004377,1.000542,0.997049,0.985171,0.978044,0.972467,0.965581,0.963132,0.955937,0.949375,0.951454,0.949101,0.946294,0.945558,0.942332,0.935819,0.933071,0.930568,0.926603,0.923635,0.921085,0.923538,0.917815,0.916412,0.916031,0.913129,0.915194,0.917802,0.919884,0.921968,0.924699,0.923889,0.922884,0.926466,0.930337,0.934105,0.938035,0.944846,0.94705,0.949891,0.947958,0.93966,0.934907,0.932005,0.926982,0.924774,0.924993,0.925687,0.92206,0.91312,0.90704,0.897183,0.888159,0.884972,0.882063,0.889091,0.890582,0.889662,0.886724,0.887288,0.883253,0.882238,0.883712,0.882546,0.880602,0.88222,0.886258,0.889658,0.891869,0.893415,0.888454,0.885046,0.880451,0.87994,0.877739,0.877086,0.873978,0.866829,0.863644,0.864296,0.85961,0.856637,0.853538,0.850198,0.848577,0.847804,0.848108,0.845105,0.841531,0.840124,0.84551,0.84484,0.843745,0.842067,0.839956,0.837913,0.837973,0.839282,0.839432,0.839096,0.840168,0.840396,0.843175,0.848058,0.848195,0.844899,0.850303,0.855639,0.854694,0.8576,0.857731,0.857468,0.858576,0.859651,0.859674,0.858252,0.856849,0.856736,0.855558,0.855788,0.855373,0.854165,0.848716,0.848534,0.843861,0.838994,0.835496,0.835337,0.835653,0.838784,0.839184,0.849308,0.848059,0.847452,0.847414,0.848101,0.854519,0.855833,0.857317,0.857205,0.858364,0.858505,0.855669,0.852115,0.851013,0.84979,0.846956,0.843577,0.842926,0.841484,0.840903,0.832719,0.830455,0.828603,0.828144,0.826627,0.825323,0.825123,0.82555,0.823201,0.820901,0.821399,0.820317,0.81355,0.813377,0.812897,0.811635,0.819246,0.827172,0.827248,0.826978,0.827446,0.827398,0.826349,0.827447,0.828197,0.828926,0.83128,0.833395,0.834785,0.836025,0.83629,0.832735,0.820976,0.821895,0.822903,0.825047,0.826509,0.827072,0.828021,0.828677,0.830418,0.831192,0.832303,0.833522,0.833941,0.833695,0.831422,0.837026,0.843475,0.843833,0.843103,0.842032,0.842034,0.84343,0.84467,0.846152,0.848149,0.849657,0.851125,0.852534,0.853911,0.855819,0.850684,0.851826,0.855782,0.859954,0.862731,0.863785,0.866028,0.866988,0.86714,0.869055,0.868393,0.867933,0.867534,0.86779,0.868389,0.871475,0.882685,0.879582,0.878939,0.880481,0.883404,0.885738,0.886684,0.890729,0.893667,0.897228,0.899559,0.901287,0.905578,0.907049,0.907211,0.893259,0.896036,0.89484,0.891124,0.890351,0.888886,0.89032,0.886454,0.886305,0.886469,0.891431,0.897317,0.899922,0.905111,0.91379,0.918513,0.922173,0.923419,0.927256,0.927486,0.930473,0.931789,0.933341,0.936865,0.941198,0.942169,0.941672,0.940605,0.938539,0.937855,0.939099,0.942915,0.950402,0.964974,0.979358,0.988278,0.995836,1.00032,1.00232,1.004292,1.004543,1.002582,1.00456,1.011515,1.018884,1.025301,1.028906,1.031114,1.023424,1.015646,1.011154,1.006169,1.003453,1.002114,1.001397,1.000909,1.002894,1.004486,1.00191,0.99436,0.987219,0.984184,0.980798,0.976072,0.973307,0.972987,0.969229,0.968248,0.9717,0.972005,0.97743,0.991781,0.995536,0.99714,1.000338,1.004101,1.006129,1.009835,1.013555,1.020608,1.024984,1.034102,1.039898,1.037058,1.037281,1.035228,1.023679,1.021821,1.02103,1.018502,1.017766,1.018453,1.01736,1.020657,1.019724,1.019929,1.022056,1.021159,1.022039,1.020113,1.017287,1.012377,1.010928,1.009416,1.00971,1.004874,0.998782,0.999492,0.99506,1.000296,1.000736,0.998938,1.000864,1.001688,1.004153,1.002319,1.002853,1.003387,1.002217,0.999532,1.000739,1.004377,1.000542,0.997049,0.985171,0.978044,0.972467,0.965581,0.963132,0.955937,0.949375,0.951454,0.949101,0.946294,0.945558,0.942332,0.935819,0.933071,0.930568,0.926603,0.923635,0.921085,0.923538,0.917815,0.916412,0.916031,0.913129,0.915194,0.917802,0.919884,0.921968,0.924699,0.923889,0.922884,0.926466,0.930337,0.934105,0.938035,0.944846,0.94705,0.949891,0.947958,0.93966,0.934907,0.932005,0.926982,0.924774,0.924993,0.925687,0.92206,0.91312,0.90704,0.897183,0.888159,0.884972,0.882063,0.889091,0.890582,0.889662,0.886724,0.887288,0.883253,0.882238,0.883712,0.882546,0.880602,0.88222,0.886258,0.889658,0.891869,0.893415,0.888454,0.885046,0.880451,0.87994,0.877739,0.877086,0.873978,0.866829,0.863644,0.864296,0.85961,0.856637,0.853538,0.850198,0.848577,0.847804,0.848108,0.845105,0.841531,0.840124,0.84551,0.84484,0.843745,0.842067,0.839956,0.837913,0.837973,0.839282,0.839432,0.839096,0.840168,0.840396,0.843175,0.848058,0.848195,0.844899,0.850303,0.855639,0.854694,0.8576,0.857731,0.857468,0.858576,0.859651,0.859674,0.858252,0.856849,0.856736,0.855558,0.855788,0.855373,0.854165,0.848716,0.848534,0.843861,0.838994,0.835496,0.835337,0.835653,0.838784,0.839184,0.849308,0.848059,0.847452,0.847414,0.848101,0.854519,0.855833,0.857317,0.857205,0.858364,0.858505,0.855669,0.852115,0.851013,0.84979,0.846956,0.843577,0.842926,0.841484,0.840903,0.832719,0.830455,0.828603,0.828144,0.826627,0.825323,0.825123,0.82555,0.823201,0.820901,0.821399,0.820317,0.81355,0.813377,0.812897,0.811635,0.819246,0.827172,0.827248,0.826978,0.827446,0.827398,0.826349,0.827447,0.828197,0.828926,0.83128,0.833395,0.834785,0.836025,0.83629,0.832735,0.820976,0.821895,0.822903,0.825047,0.826509,0.827072,0.828021,0.828677,0.830418,0.831192,0.832303,0.833522,0.833941,0.833695,0.831422,0.837026,0.843475,0.843833,0.843103,0.842032,0.842034,0.84343,0.84467,0.846152,0.848149,0.849657,0.851125,0.852534,0.853911,0.855819,0.850684,0.851826,0.855782,0.859954,0.862731,0.863785,0.866028,0.866988,0.86714,0.869055,0.868393,0.867933,0.867534,0.86779,0.868389,0.871475,0.882685,0.879582,0.878939,0.880481,0.883404,0.885738,0.886684,0.890729,0.893667,0.897228,0.899559,0.901287,0.905578,0.907049,0.907211,0.893259,0.896036,0.89484
CRW,Monaco,0.861552,0.00868293,0.879771,0.882645,0.885501,0.888354,0.889114,0.889587,0.885667,0.889479,0.892818,0.894695,0.901473,0.903159,0.906745,0.907198,0.9055,0.893082,0.895879,0.898606,0.905853,0.909078,0.915259,0.932562,0.941107,0.944869,0.94827,0.954356,0.963675,0.967672,0.971808,0.979463,0.991993,0.997626,0.996158,0.993936,0.994302,0.993852,0.990491,0.98897,0.992206,0.992632,0.990243,0.988853,0.990269,0.992231,0.992798,0.980067,0.964883,0.969441,0.97285,0.975661,0.979115,0.979639,0.979576,0.95948,0.95148,0.951803,0.954441,0.990295,0.989475,0.987801,0.990593,0.993385,0.992666,0.994235,0.998056,1.0004,1.003994,1.009659,1.014174,1.01754,1.017991,1.017434,0.980923,0.969309,0.961034,0.95667,0.956407,0.956408,0.955613,0.954053,0.951777,0.950279,0.948141,0.946445,0.946631,0.960065,0.960586,0.961979,0.967041,0.972245,0.974972,0.974903,0.980946,0.980412,0.980074,0.980363,0.981593,0.978776,0.975028,0.970936,0.956165,0.95223,0.947451,0.941719,0.93856,0.936122,0.933634,0.923149,0.919252,0.917368,0.913942,0.910052,0.909857,0.911102,0.910423,0.911192,0.912024,0.910283,0.905871,0.902159,0.897837,0.894844,0.892475,0.886187,0.880809,0.883717,0.883004,0.878844,0.876991,0.877344,0.905587,0.905291,0.905138,0.909316,0.906121,0.905645,0.905238,0.906688,0.908328,0.907824,0.898702,0.892824,0.887826,0.886354,0.886908,0.86956,0.866897,0.864615,0.850535,0.842508,0.840993,0.84269,0.842875,0.846843,0.855583,0.861499,0.864591,0.864939,0.864432,0.869882,0.866392,0.864831,0.871429,0.88336,0.881276,0.880723,0.87679,0.87039,0.862682,0.855374,0.849798,0.846923,0.846529,0.845911,0.842698,0.841439,0.840484,0.838212,0.824999,0.827961,0.826125,0.824724,0.834115,0.847425,0.84973,0.854264,0.8547,0.855804,0.855063,0.855068,0.853996,0.852616,0.850127,0.845264,0.841699,0.840381,0.835236,0.820057,0.818489,0.814238,0.813574,0.813766,0.812888,0.822409,0.82281,0.823495,0.82339,0.823705,0.823145,0.82234,0.821319,0.817474,0.815436,0.815011,0.813608,0.812531,0.812456,0.818928,0.812552,0.813629,0.81395,0.815669,0.817511,0.819562,0.81995,0.819981,0.821593,0.824368,0.828722,0.831233,0.831102,0.831096,0.819317,0.822388,0.82375,0.824792,0.825604,0.82602,0.825692,0.825866,0.825891,0.823717,0.823017,0.819739,0.817585,0.820506,0.821949,0.821342,0.819678,0.820061,0.820918,0.820199,0.821319,0.822416,0.814855,0.802822,0.796817,0.790534,0.789161,0.796592,0.805457,0.816437,0.817086,0.815609,0.828999,0.82698,0.825314,0.823689,0.822898,0.823936,0.82557,0.826309,0.82676,0.828389,0.825402,0.823308,0.828418,0.828949,0.827897,0.820693,0.819961,0.819759,0.820096,0.819536,0.819548,0.8187,0.81562,0.812386,0.807617,0.806864,0.806358,0.794301,0.795901,0.801035,0.799317,0.797884,0.799282,0.797714,0.799089,0.7973,0.797025,0.796383,0.798709,0.804329,0.803637,0.803354,0.803683,0.798466,0.796978,0.798964,0.801027,0.800005,0.801086,0.796628,0.791694,0.783582,0.787578,0.798265,0.798662,0.80795,0.810233,0.82528,0.828496,0.831149,0.833133,0.833859,0.835521,0.836786,0.83785,0.837468,0.838862,0.839953,0.839301,0.841174,0.838486,0.835811,0.814368,0.812138,0.811612,0.809867,0.811006,0.811387,0.809506,0.810079,0.811525,0.808667,0.809179,0.804087,0.800227,0.79977,0.804257,0.807905,0.811656,0.811537,0.81307,0.814314,0.835835,0.840178,0.842281,0.845664,0.850054,0.854359,0.858629,0.861552,0.868293,0.879771,0.882645,0.885501,0.888354,0.889114,0.889587,0.885667,0.889479,0.892818,0.894695,0.901473,0.903159,0.906745,0.907198,0.9055,0.893082,0.895879,0.898606,0.905853,0.909078,0.915259,0.932562,0.941107,0.944869,0.94827,0.954356,0.963675,0.967672,0.971808,0.979463,0.991993,0.997626,0.996158,0.993936,0.994302,0.993852,0.990491,0.98897,0.992206,0.992632,0.990243,0.988853,0.990269,0.992231,0.992798,0.980067,0.964883,0.969441,0.97285,0.975661,0.979115,0.979639,0.979576,0.95948,0.95148,0.951803,0.954441,0.990295,0.989475,0.987801,0.990593,0.993385,0.992666,0.994235,0.998056,1.0004,1.003994,1.009659,1.014174,1.01754,1.017991,1.017434,0.980923,0.969309,0.961034,0.95667,0.956407,0.956408,0.955613,0.954053,0.951777,0.950279,0.948141,0.946445,0.946631,0.960065,0.960586,0.961979,0.967041,0.972245,0.974972,0.974903,0.980946,0.980412,0.980074,0.980363,0.981593,0.978776,0.975028,0.970936,0.956165,0.95223,0.947451,0.941719,0.93856,0.936122,0.933634,0.923149,0.919252,0.917368,0.913942,0.910052,0.909857,0.911102,0.910423,0.911192,0.912024,0.910283,0.905871,0.902159,0.897837,0.894844,0.892475,0.886187,0.880809,0.883717,0.883004,0.878844,0.876991,0.877344,0.905587,0.905291,0.905138,0.909316,0.906121,0.905645,0.905238,0.906688,0.908328,0.907824,0.898702,0.892824,0.887826,0.886354,0.886908,0.86956,0.866897,0.864615,0.850535,0.842508,0.840993,0.84269,0.842875,0.846843,0.855583,0.861499,0.864591,0.864939,0.864432,0.869882,0.866392,0.864831,0.871429,0.88336,0.881276,0.880723,0.87679,0.87039,0.862682,0.855374,0.849798,0.846923,0.846529,0.845911,0.842698,0.841439,0.840484,0.838212,0.824999,0.827961,0.826125,0.824724,0.834115,0.847425,0.84973,0.854264,0.8547,0.855804,0.855063,0.855068,0.853996,0.852616,0.850127,0.845264,0.841699,0.840381,0.835236,0.820057,0.818489,0.814238,0.813574,0.813766,0.812888,0.822409,0.82281,0.823495,0.82339,0.823705,0.823145,0.82234,0.821319,0.817474,0.815436,0.815011,0.813608,0.812531,0.812456,0.818928,0.812552,0.813629,0.81395,0.815669,0.817511,0.819562,0.81995,0.819981,0.821593,0.824368,0.828722,0.831233,0.831102,0.831096,0.819317,0.822388,0.82375,0.824792,0.825604,0.82602,0.825692,0.825866,0.825891,0.823717,0.823017,0.819739,0.817585,0.820506,0.821949,0.821342,0.819678,0.820061,0.820918,0.820199,0.821319,0.822416,0.814855,0.802822,0.796817,0.790534,0.789161,0.796592,0.805457,0.816437,0.817086,0.815609,0.828999,0.82698,0.825314,0.823689,0.822898,0.823936,0.82557,0.826309,0.82676,0.828389,0.825402,0.823308,0.828418,0.828949,0.827897,0.820693,0.819961,0.819759,0.820096,0.819536,0.819548,0.8187,0.81562,0.812386,0.807617,0.806864,0.806358,0.794301,0.795901,0.801035,0.799317,0.797884,0.799282,0.797714,0.799089,0.7973,0.797025,0.796383,0.798709,0.804329,0.803637,0.803354,0.803683,0.798466,0.796978,0.798964,0.801027,0.800005,0.801086,0.796628,0.791694,0.783582,0.787578,0.798265,0.798662,0.80795,0.810233,0.82528,0.828496,0.831149,0.833133,0.833859,0.835521,0.836786,0.83785,0.837468,0.838862,0.839953,0.839301,0.841174,0.838486,0.835811,0.814368,0.812138,0.811612,0.809867,0.811006,0.811387,0.809506,0.810079,0.811525,0.808667,0.809179,0.804087,0.800227,0.79977,0.804257,0.807905,0.811656,0.811537,0.81307,0.814314,0.835835,0.840178,0.842281,0.845664,0.850054,0.854359,0.858629
CRW,Mongolia,1.064757,0.010719450000000002,1.075962,1.079415,1.084203,1.097287,1.094758,1.092062,1.093615,1.09483,1.096901,1.100807,1.093245,1.100395,1.102404,1.102205,1.10273,1.101531,1.099691,1.101154,1.097264,1.11532,1.127262,1.133816,1.140565,1.159266,1.17602,1.187078,1.187306,1.193322,1.194385,1.202688,1.21495,1.229549,1.235904,1.236585,1.23397,1.235381,1.242092,1.249043,1.242418,1.239235,1.235926,1.240693,1.246608,1.250923,1.249031,1.241997,1.238524,1.238163,1.234028,1.22995,1.224495,1.216611,1.213262,1.210051,1.206231,1.208535,1.206079,1.205879,1.209944,1.214289,1.220972,1.226824,1.222866,1.222384,1.219061,1.228377,1.239171,1.245822,1.245842,1.245879,1.240848,1.241572,1.236098,1.234487,1.229174,1.225761,1.218714,1.21751,1.218559,1.215917,1.207239,1.200023,1.187135,1.164707,1.163949,1.166913,1.166808,1.174366,1.169875,1.169959,1.16963,1.170156,1.166822,1.163728,1.16081,1.157663,1.157901,1.157592,1.156689,1.157546,1.162322,1.163686,1.159998,1.163262,1.160615,1.154014,1.149499,1.144987,1.13861,1.129354,1.121715,1.131991,1.137231,1.138181,1.136152,1.127352,1.122953,1.116693,1.113564,1.115933,1.120579,1.119134,1.115926,1.118392,1.12535,1.133989,1.12251,1.115655,1.108973,1.10651,1.107768,1.108215,1.106695,1.098379,1.090701,1.085825,1.090121,1.091309,1.086034,1.085644,1.082071,1.078081,1.070675,1.064555,1.058434,1.049019,1.04501,1.037977,1.033168,1.029128,1.018202,1.001569,0.999263,1.002969,1.002153,0.997705,0.992035,0.989744,0.99059,0.990289,0.987599,0.984491,0.981969,0.979205,0.979286,0.987144,0.987735,0.983879,0.980829,0.970275,0.964995,0.965937,0.967413,0.96221,0.95584,0.950903,0.946841,0.944273,0.948446,0.945312,0.932723,0.92985,0.927366,0.923636,0.923772,0.922615,0.917586,0.930314,0.932415,0.932504,0.932298,0.929638,0.936731,0.935245,0.935743,0.938163,0.934238,0.932296,0.93352,0.935412,0.937,0.922334,0.916031,0.915519,0.915055,0.916946,0.908216,0.90642,0.902121,0.899596,0.895443,0.894451,0.914514,0.916257,0.915001,0.913601,0.915432,0.918751,0.918008,0.914924,0.914899,0.910914,0.909119,0.907666,0.907341,0.909298,0.908389,0.894353,0.88628,0.885175,0.88375,0.880111,0.877593,0.876146,0.881007,0.879413,0.878668,0.874888,0.874348,0.871656,0.871572,0.871485,0.881451,0.880809,0.883748,0.883411,0.88702,0.887701,0.88666,0.88487,0.882508,0.883648,0.886347,0.888677,0.889015,0.8894,0.889736,0.884981,0.897966,0.902925,0.905229,0.904006,0.904376,0.905461,0.905357,0.909012,0.912147,0.912086,0.912635,0.915185,0.915864,0.923137,0.921402,0.923647,0.92404,0.926114,0.927701,0.925926,0.927364,0.927541,0.931589,0.935805,0.939167,0.938616,0.940119,0.942596,0.93947,0.943157,0.941345,0.939039,0.937295,0.939504,0.940733,0.941196,0.941221,0.939535,0.937093,0.935023,0.934487,0.936074,0.932446,0.933202,0.933636,0.934467,0.935019,0.937188,0.93433,0.93593,0.934795,0.934963,0.934027,0.933651,0.933596,0.933584,0.923527,0.923141,0.930214,0.937009,0.936668,0.940432,0.938538,0.937697,0.937973,0.939222,0.939989,0.944855,0.948252,0.954067,0.957769,0.960715,0.96371,0.960306,0.949718,0.950609,0.949114,0.951537,0.951421,0.947336,0.947501,0.948483,0.945728,0.945126,0.946611,0.963833,0.968751,0.974804,0.980457,0.985949,0.992562,0.995249,1.000122,1.005903,1.014898,1.023491,1.033566,1.045356,1.054486,1.05774,1.044242,1.041878,1.05361,1.057003,1.059425,1.064757,1.071945,1.075962,1.079415,1.084203,1.097287,1.094758,1.092062,1.093615,1.09483,1.096901,1.100807,1.093245,1.100395,1.102404,1.102205,1.10273,1.101531,1.099691,1.101154,1.097264,1.11532,1.127262,1.133816,1.140565,1.159266,1.17602,1.187078,1.187306,1.193322,1.194385,1.202688,1.21495,1.229549,1.235904,1.236585,1.23397,1.235381,1.242092,1.249043,1.242418,1.239235,1.235926,1.240693,1.246608,1.250923,1.249031,1.241997,1.238524,1.238163,1.234028,1.22995,1.224495,1.216611,1.213262,1.210051,1.206231,1.208535,1.206079,1.205879,1.209944,1.214289,1.220972,1.226824,1.222866,1.222384,1.219061,1.228377,1.239171,1.245822,1.245842,1.245879,1.240848,1.241572,1.236098,1.234487,1.229174,1.225761,1.218714,1.21751,1.218559,1.215917,1.207239,1.200023,1.187135,1.164707,1.163949,1.166913,1.166808,1.174366,1.169875,1.169959,1.16963,1.170156,1.166822,1.163728,1.16081,1.157663,1.157901,1.157592,1.156689,1.157546,1.162322,1.163686,1.159998,1.163262,1.160615,1.154014,1.149499,1.144987,1.13861,1.129354,1.121715,1.131991,1.137231,1.138181,1.136152,1.127352,1.122953,1.116693,1.113564,1.115933,1.120579,1.119134,1.115926,1.118392,1.12535,1.133989,1.12251,1.115655,1.108973,1.10651,1.107768,1.108215,1.106695,1.098379,1.090701,1.085825,1.090121,1.091309,1.086034,1.085644,1.082071,1.078081,1.070675,1.064555,1.058434,1.049019,1.04501,1.037977,1.033168,1.029128,1.018202,1.001569,0.999263,1.002969,1.002153,0.997705,0.992035,0.989744,0.99059,0.990289,0.987599,0.984491,0.981969,0.979205,0.979286,0.987144,0.987735,0.983879,0.980829,0.970275,0.964995,0.965937,0.967413,0.96221,0.95584,0.950903,0.946841,0.944273,0.948446,0.945312,0.932723,0.92985,0.927366,0.923636,0.923772,0.922615,0.917586,0.930314,0.932415,0.932504,0.932298,0.929638,0.936731,0.935245,0.935743,0.938163,0.934238,0.932296,0.93352,0.935412,0.937,0.922334,0.916031,0.915519,0.915055,0.916946,0.908216,0.90642,0.902121,0.899596,0.895443,0.894451,0.914514,0.916257,0.915001,0.913601,0.915432,0.918751,0.918008,0.914924,0.914899,0.910914,0.909119,0.907666,0.907341,0.909298,0.908389,0.894353,0.88628,0.885175,0.88375,0.880111,0.877593,0.876146,0.881007,0.879413,0.878668,0.874888,0.874348,0.871656,0.871572,0.871485,0.881451,0.880809,0.883748,0.883411,0.88702,0.887701,0.88666,0.88487,0.882508,0.883648,0.886347,0.888677,0.889015,0.8894,0.889736,0.884981,0.897966,0.902925,0.905229,0.904006,0.904376,0.905461,0.905357,0.909012,0.912147,0.912086,0.912635,0.915185,0.915864,0.923137,0.921402,0.923647,0.92404,0.926114,0.927701,0.925926,0.927364,0.927541,0.931589,0.935805,0.939167,0.938616,0.940119,0.942596,0.93947,0.943157,0.941345,0.939039,0.937295,0.939504,0.940733,0.941196,0.941221,0.939535,0.937093,0.935023,0.934487,0.936074,0.932446,0.933202,0.933636,0.934467,0.935019,0.937188,0.93433,0.93593,0.934795,0.934963,0.934027,0.933651,0.933596,0.933584,0.923527,0.923141,0.930214,0.937009,0.936668,0.940432,0.938538,0.937697,0.937973,0.939222,0.939989,0.944855,0.948252,0.954067,0.957769,0.960715,0.96371,0.960306,0.949718,0.950609,0.949114,0.951537,0.951421,0.947336,0.947501,0.948483,0.945728,0.945126,0.946611,0.963833,0.968751,0.974804,0.980457,0.985949,0.992562,0.995249,1.000122,1.005903,1.014898,1.023491,1.033566,1.045356,1.054486,1.05774,1.044242,1.041878,1.05361,1.057003,1.059425
CRW,Montenegro,0.832811,0.00831887,0.835439,0.840429,0.844392,0.848996,0.85188,0.853929,0.856585,0.861481,0.865097,0.881441,0.91826,0.933383,0.937681,0.94644,0.946728,0.945366,0.947725,0.94771,0.945669,0.947159,0.950185,0.950981,0.951231,0.951131,0.952212,0.95239,0.952272,0.954918,0.950919,0.953172,0.956604,0.955053,0.949095,0.949317,0.943053,0.938846,0.938834,0.944377,0.950145,0.952796,0.954192,0.958712,0.954928,0.960416,0.967387,0.968849,0.969487,0.975036,0.98014,0.982868,0.98639,0.991888,0.990519,0.989722,0.991651,0.988603,0.984129,0.98981,0.99993,1.003805,1.003285,1.007698,1.009696,1.012201,1.018931,1.023917,1.031782,1.038094,1.042177,1.04766,1.053153,1.055963,1.05179,1.04031,1.011639,1.003521,1.008567,1.009042,1.008443,1.006419,1.004172,0.998127,0.991068,0.988139,0.984647,0.97959,0.976224,0.986065,0.982621,0.979612,0.97697,0.972847,0.971309,0.970658,0.97592,0.992033,0.989682,0.988479,0.986361,0.9821,0.977528,0.974536,0.967601,0.96144,0.959662,0.961727,0.960883,0.96106,0.962014,0.957445,0.931234,0.92488,0.917844,0.926896,0.927437,0.929369,0.928978,0.929828,0.927539,0.928634,0.923723,0.922086,0.917939,0.913756,0.910253,0.921259,0.928632,0.940614,0.93697,0.932446,0.935048,0.944633,0.942882,0.940594,0.936747,0.930115,0.926424,0.923492,0.922102,0.922474,0.919177,0.912974,0.902188,0.901196,0.901926,0.898647,0.885954,0.882875,0.881543,0.869867,0.866919,0.857853,0.860256,0.861303,0.863019,0.865446,0.868454,0.868989,0.859342,0.862044,0.862343,0.858867,0.855945,0.855739,0.861306,0.85866,0.852369,0.849724,0.845787,0.843012,0.840688,0.839276,0.838716,0.838008,0.835155,0.835109,0.836067,0.838815,0.841525,0.836693,0.839092,0.841842,0.839801,0.839788,0.838836,0.838853,0.840805,0.841389,0.845455,0.846555,0.843936,0.843517,0.841838,0.837201,0.845647,0.84293,0.844064,0.846508,0.845025,0.845961,0.849905,0.858249,0.857298,0.858462,0.860307,0.859685,0.859993,0.860984,0.860065,0.862722,0.86329,0.861666,0.859699,0.860619,0.860321,0.855694,0.845835,0.855783,0.857551,0.857855,0.858927,0.858719,0.857435,0.854498,0.852588,0.852643,0.853067,0.855848,0.857429,0.857355,0.858442,0.854596,0.837241,0.835678,0.835694,0.836383,0.836967,0.83741,0.841371,0.842716,0.843061,0.843215,0.83861,0.837092,0.835538,0.835603,0.836542,0.837387,0.837996,0.839349,0.839334,0.837644,0.836058,0.836304,0.834187,0.83021,0.826418,0.824683,0.821149,0.834118,0.846341,0.8475,0.846957,0.844373,0.841384,0.840674,0.842427,0.84242,0.839778,0.838368,0.837945,0.838989,0.842339,0.842999,0.838137,0.837134,0.83493,0.850993,0.852927,0.852172,0.851527,0.850016,0.849212,0.847572,0.846495,0.84597,0.844314,0.839702,0.83678,0.834911,0.834807,0.828773,0.799432,0.770106,0.768443,0.767768,0.774443,0.78416,0.787417,0.783205,0.774394,0.768531,0.767301,0.769374,0.780602,0.788501,0.798447,0.806951,0.816182,0.813206,0.807953,0.799421,0.788984,0.784582,0.784475,0.787996,0.794572,0.800789,0.806732,0.813053,0.814154,0.818464,0.821025,0.822618,0.823965,0.826112,0.827244,0.828367,0.827604,0.82614,0.831083,0.835479,0.83865,0.83935,0.845525,0.854708,0.852689,0.850039,0.848027,0.845576,0.843189,0.840487,0.839094,0.838063,0.847602,0.847142,0.841871,0.838089,0.838621,0.839535,0.835938,0.837644,0.840947,0.842429,0.844085,0.846458,0.848857,0.850708,0.853191,0.83276,0.827678,0.82984,0.831797,0.832811,0.831887,0.835439,0.840429,0.844392,0.848996,0.85188,0.853929,0.856585,0.861481,0.865097,0.881441,0.91826,0.933383,0.937681,0.94644,0.946728,0.945366,0.947725,0.94771,0.945669,0.947159,0.950185,0.950981,0.951231,0.951131,0.952212,0.95239,0.952272,0.954918,0.950919,0.953172,0.956604,0.955053,0.949095,0.949317,0.943053,0.938846,0.938834,0.944377,0.950145,0.952796,0.954192,0.958712,0.954928,0.960416,0.967387,0.968849,0.969487,0.975036,0.98014,0.982868,0.98639,0.991888,0.990519,0.989722,0.991651,0.988603,0.984129,0.98981,0.99993,1.003805,1.003285,1.007698,1.009696,1.012201,1.018931,1.023917,1.031782,1.038094,1.042177,1.04766,1.053153,1.055963,1.05179,1.04031,1.011639,1.003521,1.008567,1.009042,1.008443,1.006419,1.004172,0.998127,0.991068,0.988139,0.984647,0.97959,0.976224,0.986065,0.982621,0.979612,0.97697,0.972847,0.971309,0.970658,0.97592,0.992033,0.989682,0.988479,0.986361,0.9821,0.977528,0.974536,0.967601,0.96144,0.959662,0.961727,0.960883,0.96106,0.962014,0.957445,0.931234,0.92488,0.917844,0.926896,0.927437,0.929369,0.928978,0.929828,0.927539,0.928634,0.923723,0.922086,0.917939,0.913756,0.910253,0.921259,0.928632,0.940614,0.93697,0.932446,0.935048,0.944633,0.942882,0.940594,0.936747,0.930115,0.926424,0.923492,0.922102,0.922474,0.919177,0.912974,0.902188,0.901196,0.901926,0.898647,0.885954,0.882875,0.881543,0.869867,0.866919,0.857853,0.860256,0.861303,0.863019,0.865446,0.868454,0.868989,0.859342,0.862044,0.862343,0.858867,0.855945,0.855739,0.861306,0.85866,0.852369,0.849724,0.845787,0.843012,0.840688,0.839276,0.838716,0.838008,0.835155,0.835109,0.836067,0.838815,0.841525,0.836693,0.839092,0.841842,0.839801,0.839788,0.838836,0.838853,0.840805,0.841389,0.845455,0.846555,0.843936,0.843517,0.841838,0.837201,0.845647,0.84293,0.844064,0.846508,0.845025,0.845961,0.849905,0.858249,0.857298,0.858462,0.860307,0.859685,0.859993,0.860984,0.860065,0.862722,0.86329,0.861666,0.859699,0.860619,0.860321,0.855694,0.845835,0.855783,0.857551,0.857855,0.858927,0.858719,0.857435,0.854498,0.852588,0.852643,0.853067,0.855848,0.857429,0.857355,0.858442,0.854596,0.837241,0.835678,0.835694,0.836383,0.836967,0.83741,0.841371,0.842716,0.843061,0.843215,0.83861,0.837092,0.835538,0.835603,0.836542,0.837387,0.837996,0.839349,0.839334,0.837644,0.836058,0.836304,0.834187,0.83021,0.826418,0.824683,0.821149,0.834118,0.846341,0.8475,0.846957,0.844373,0.841384,0.840674,0.842427,0.84242,0.839778,0.838368,0.837945,0.838989,0.842339,0.842999,0.838137,0.837134,0.83493,0.850993,0.852927,0.852172,0.851527,0.850016,0.849212,0.847572,0.846495,0.84597,0.844314,0.839702,0.83678,0.834911,0.834807,0.828773,0.799432,0.770106,0.768443,0.767768,0.774443,0.78416,0.787417,0.783205,0.774394,0.768531,0.767301,0.769374,0.780602,0.788501,0.798447,0.806951,0.816182,0.813206,0.807953,0.799421,0.788984,0.784582,0.784475,0.787996,0.794572,0.800789,0.806732,0.813053,0.814154,0.818464,0.821025,0.822618,0.823965,0.826112,0.827244,0.828367,0.827604,0.82614,0.831083,0.835479,0.83865,0.83935,0.845525,0.854708,0.852689,0.850039,0.848027,0.845576,0.843189,0.840487,0.839094,0.838063,0.847602,0.847142,0.841871,0.838089,0.838621,0.839535,0.835938,0.837644,0.840947,0.842429,0.844085,0.846458,0.848857,0.850708,0.853191,0.83276,0.827678,0.82984,0.831797
CRW,Morocco,0.850138,0.00854372,0.855789,0.857981,0.860001,0.8624,0.864922,0.864998,0.865203,0.864756,0.864791,0.865838,0.869033,0.868195,0.871207,0.86228,0.860182,0.861693,0.862964,0.864982,0.869644,0.87027,0.873403,0.877408,0.888237,0.895636,0.899771,0.905628,0.908683,0.911973,0.915296,0.918273,0.921618,0.921006,0.920066,0.918723,0.91889,0.918666,0.918669,0.913137,0.910914,0.917091,0.915711,0.918568,0.917585,0.918648,0.918219,0.916427,0.918265,0.919146,0.921174,0.92565,0.929624,0.930627,0.931101,0.933188,0.937771,0.937625,0.935374,0.936862,0.936471,0.935211,0.934136,0.934625,0.938117,0.938872,0.940434,0.941823,0.944516,0.947984,0.946641,0.928137,0.927217,0.926686,0.923701,0.922416,0.924743,0.927446,0.929103,0.928703,0.930309,0.930592,0.930222,0.928871,0.926697,0.926442,0.926872,0.92718,0.927309,0.935451,0.940176,0.938473,0.939465,0.940648,0.942124,0.946061,0.945591,0.942906,0.941205,0.937656,0.934055,0.930904,0.926877,0.922857,0.915396,0.909579,0.908014,0.903805,0.899455,0.893784,0.882724,0.878462,0.876285,0.873978,0.872589,0.872084,0.871463,0.871024,0.870111,0.869136,0.869881,0.870045,0.870557,0.871139,0.871231,0.869297,0.868509,0.867898,0.867313,0.866119,0.86428,0.862419,0.86069,0.85888,0.85887,0.856288,0.856258,0.855333,0.854147,0.853651,0.853776,0.852373,0.849751,0.847681,0.84839,0.851067,0.854106,0.854608,0.857423,0.86094,0.867253,0.869685,0.872661,0.871135,0.871548,0.87012,0.86828,0.868456,0.869235,0.868898,0.867483,0.868236,0.867581,0.866222,0.863083,0.859173,0.861541,0.860739,0.862517,0.860695,0.86001,0.861248,0.862567,0.862841,0.8647,0.86728,0.86474,0.865001,0.864135,0.867688,0.870536,0.863735,0.861694,0.861799,0.866331,0.867091,0.867766,0.870662,0.874508,0.873963,0.871787,0.870419,0.869587,0.872114,0.873693,0.872904,0.87428,0.875866,0.870702,0.871681,0.872298,0.871355,0.872518,0.873833,0.875948,0.877836,0.880352,0.879444,0.872696,0.875587,0.878782,0.880634,0.88414,0.88657,0.886762,0.888097,0.889298,0.886246,0.88255,0.881624,0.882261,0.883737,0.885498,0.886675,0.886393,0.884994,0.884536,0.884255,0.884458,0.887638,0.886846,0.885407,0.886195,0.887827,0.890404,0.891313,0.894305,0.893663,0.894101,0.895765,0.897187,0.898574,0.899798,0.901088,0.899559,0.900129,0.902377,0.903155,0.905931,0.90737,0.911602,0.910937,0.911913,0.909835,0.907054,0.905864,0.90545,0.90855,0.907689,0.907156,0.906636,0.907672,0.910948,0.912458,0.912911,0.912028,0.912378,0.915686,0.918546,0.919382,0.919587,0.919466,0.915027,0.914742,0.915196,0.91648,0.91484,0.911857,0.908508,0.903919,0.899378,0.895812,0.890996,0.887428,0.887194,0.887786,0.887357,0.887687,0.886602,0.885889,0.886728,0.887466,0.888522,0.889085,0.890634,0.892811,0.893705,0.896103,0.898492,0.890283,0.884685,0.881629,0.879796,0.879918,0.874846,0.867237,0.858839,0.853099,0.84765,0.844734,0.842339,0.84369,0.844487,0.847054,0.849877,0.849744,0.847445,0.843181,0.841451,0.845114,0.850566,0.85645,0.857266,0.860186,0.861592,0.85897,0.854637,0.851006,0.84915,0.849654,0.848351,0.845565,0.844182,0.84231,0.840343,0.837033,0.83528,0.834234,0.833009,0.832159,0.832012,0.832125,0.831311,0.831283,0.82994,0.829332,0.829651,0.829759,0.829737,0.829517,0.830196,0.829658,0.829447,0.830214,0.830846,0.829956,0.829227,0.829717,0.828989,0.830402,0.831626,0.832269,0.83162,0.837355,0.838515,0.850138,0.854372,0.855789,0.857981,0.860001,0.8624,0.864922,0.864998,0.865203,0.864756,0.864791,0.865838,0.869033,0.868195,0.871207,0.86228,0.860182,0.861693,0.862964,0.864982,0.869644,0.87027,0.873403,0.877408,0.888237,0.895636,0.899771,0.905628,0.908683,0.911973,0.915296,0.918273,0.921618,0.921006,0.920066,0.918723,0.91889,0.918666,0.918669,0.913137,0.910914,0.917091,0.915711,0.918568,0.917585,0.918648,0.918219,0.916427,0.918265,0.919146,0.921174,0.92565,0.929624,0.930627,0.931101,0.933188,0.937771,0.937625,0.935374,0.936862,0.936471,0.935211,0.934136,0.934625,0.938117,0.938872,0.940434,0.941823,0.944516,0.947984,0.946641,0.928137,0.927217,0.926686,0.923701,0.922416,0.924743,0.927446,0.929103,0.928703,0.930309,0.930592,0.930222,0.928871,0.926697,0.926442,0.926872,0.92718,0.927309,0.935451,0.940176,0.938473,0.939465,0.940648,0.942124,0.946061,0.945591,0.942906,0.941205,0.937656,0.934055,0.930904,0.926877,0.922857,0.915396,0.909579,0.908014,0.903805,0.899455,0.893784,0.882724,0.878462,0.876285,0.873978,0.872589,0.872084,0.871463,0.871024,0.870111,0.869136,0.869881,0.870045,0.870557,0.871139,0.871231,0.869297,0.868509,0.867898,0.867313,0.866119,0.86428,0.862419,0.86069,0.85888,0.85887,0.856288,0.856258,0.855333,0.854147,0.853651,0.853776,0.852373,0.849751,0.847681,0.84839,0.851067,0.854106,0.854608,0.857423,0.86094,0.867253,0.869685,0.872661,0.871135,0.871548,0.87012,0.86828,0.868456,0.869235,0.868898,0.867483,0.868236,0.867581,0.866222,0.863083,0.859173,0.861541,0.860739,0.862517,0.860695,0.86001,0.861248,0.862567,0.862841,0.8647,0.86728,0.86474,0.865001,0.864135,0.867688,0.870536,0.863735,0.861694,0.861799,0.866331,0.867091,0.867766,0.870662,0.874508,0.873963,0.871787,0.870419,0.869587,0.872114,0.873693,0.872904,0.87428,0.875866,0.870702,0.871681,0.872298,0.871355,0.872518,0.873833,0.875948,0.877836,0.880352,0.879444,0.872696,0.875587,0.878782,0.880634,0.88414,0.88657,0.886762,0.888097,0.889298,0.886246,0.88255,0.881624,0.882261,0.883737,0.885498,0.886675,0.886393,0.884994,0.884536,0.884255,0.884458,0.887638,0.886846,0.885407,0.886195,0.887827,0.890404,0.891313,0.894305,0.893663,0.894101,0.895765,0.897187,0.898574,0.899798,0.901088,0.899559,0.900129,0.902377,0.903155,0.905931,0.90737,0.911602,0.910937,0.911913,0.909835,0.907054,0.905864,0.90545,0.90855,0.907689,0.907156,0.906636,0.907672,0.910948,0.912458,0.912911,0.912028,0.912378,0.915686,0.918546,0.919382,0.919587,0.919466,0.915027,0.914742,0.915196,0.91648,0.91484,0.911857,0.908508,0.903919,0.899378,0.895812,0.890996,0.887428,0.887194,0.887786,0.887357,0.887687,0.886602,0.885889,0.886728,0.887466,0.888522,0.889085,0.890634,0.892811,0.893705,0.896103,0.898492,0.890283,0.884685,0.881629,0.879796,0.879918,0.874846,0.867237,0.858839,0.853099,0.84765,0.844734,0.842339,0.84369,0.844487,0.847054,0.849877,0.849744,0.847445,0.843181,0.841451,0.845114,0.850566,0.85645,0.857266,0.860186,0.861592,0.85897,0.854637,0.851006,0.84915,0.849654,0.848351,0.845565,0.844182,0.84231,0.840343,0.837033,0.83528,0.834234,0.833009,0.832159,0.832012,0.832125,0.831311,0.831283,0.82994,0.829332,0.829651,0.829759,0.829737,0.829517,0.830196,0.829658,0.829447,0.830214,0.830846,0.829956,0.829227,0.829717,0.828989,0.830402,0.831626,0.832269,0.83162,0.837355,0.838515
CRW,Mozambique,0.925866,0.00930975,0.93623,0.925811,0.931564,0.923791,0.923717,0.931129,0.934454,0.934447,0.936431,0.933076,0.928106,0.941323,0.941913,0.920142,0.913702,0.918523,0.933912,0.94227,0.961789,0.967281,0.971282,0.976834,0.966473,0.963161,0.963456,0.973669,0.971957,0.983305,0.996503,1.004068,0.995252,0.979313,0.977952,0.979351,0.981333,0.978862,0.965702,0.96931,0.978036,0.978738,0.973809,0.991567,1.001011,1.003416,1.007263,1.018428,1.036041,1.058585,1.063244,1.063421,1.077942,1.086554,1.094841,1.093404,1.095399,1.094697,1.094177,1.089365,1.083857,1.087438,1.084906,1.074656,1.046465,1.030777,1.039653,1.037046,1.034817,1.037369,1.033442,1.035414,1.038579,1.041836,1.045393,1.049058,1.052667,1.052665,1.052946,1.062195,1.090215,1.088141,1.080548,1.076211,1.073884,1.069844,1.063309,1.062863,1.063624,1.071545,1.089342,1.100457,1.105302,1.113618,1.114417,1.10762,1.106298,1.116318,1.125499,1.123481,1.130128,1.129039,1.131644,1.126038,1.113325,1.093917,1.072934,1.059292,1.048426,1.041419,1.035376,1.063977,1.066411,1.062634,1.059701,1.04797,1.038469,1.026694,1.021843,1.017416,1.016378,1.01379,1.011374,1.003946,1.003996,1.006082,0.985935,0.969525,0.958324,0.960261,0.97169,0.981766,0.990764,0.991925,0.987412,0.982409,0.98176,0.970981,0.968537,0.962582,0.954161,0.946892,0.944081,0.940453,0.929361,0.911706,0.902909,0.899666,0.89351,0.885914,0.87977,0.872178,0.865249,0.86111,0.853973,0.846024,0.839553,0.844138,0.848121,0.852555,0.85233,0.848379,0.839715,0.851103,0.852983,0.850187,0.84519,0.846134,0.844413,0.844218,0.842905,0.845869,0.839411,0.833045,0.829435,0.828937,0.820192,0.818289,0.80818,0.801169,0.799414,0.796709,0.793542,0.794013,0.796794,0.801394,0.79938,0.800377,0.801128,0.804904,0.806244,0.808762,0.809965,0.80849,0.809936,0.809446,0.809538,0.808166,0.806326,0.80741,0.808149,0.807205,0.804456,0.797891,0.796254,0.793374,0.79106,0.790446,0.788217,0.788469,0.788463,0.788169,0.78758,0.787984,0.788853,0.787572,0.787583,0.787273,0.786755,0.789041,0.791396,0.792487,0.796095,0.79955,0.8005,0.801343,0.802357,0.803706,0.804713,0.805824,0.80937,0.8107,0.812344,0.814804,0.816182,0.817588,0.81898,0.818339,0.817531,0.817781,0.819912,0.820946,0.820763,0.820477,0.819925,0.81734,0.817168,0.817326,0.815936,0.813895,0.813357,0.813928,0.813435,0.813871,0.81708,0.817815,0.821002,0.821677,0.825544,0.825629,0.827856,0.829261,0.831493,0.836102,0.835571,0.834627,0.834254,0.83513,0.83733,0.840672,0.844735,0.842106,0.843945,0.844976,0.846057,0.8483,0.848923,0.848617,0.84576,0.847253,0.847365,0.846815,0.848288,0.847862,0.842332,0.835172,0.833283,0.830772,0.826833,0.824017,0.820833,0.820035,0.817871,0.817282,0.818619,0.817769,0.817176,0.814672,0.815169,0.815872,0.818907,0.821611,0.823518,0.82526,0.826708,0.827447,0.827856,0.829038,0.830071,0.827084,0.827063,0.827774,0.827172,0.825954,0.826714,0.825564,0.825253,0.826566,0.828062,0.833657,0.835874,0.837229,0.837592,0.837065,0.83823,0.840041,0.840813,0.841439,0.841489,0.84127,0.841275,0.842527,0.84167,0.840744,0.836224,0.836405,0.837667,0.840915,0.845514,0.850361,0.853618,0.856383,0.858901,0.860391,0.864818,0.872292,0.88223,0.883833,0.885606,0.887949,0.887381,0.887222,0.886055,0.897177,0.896112,0.897159,0.897625,0.900602,0.904792,0.90763,0.910331,0.909214,0.911384,0.913537,0.91739,0.925866,0.930975,0.93623,0.925811,0.931564,0.923791,0.923717,0.931129,0.934454,0.934447,0.936431,0.933076,0.928106,0.941323,0.941913,0.920142,0.913702,0.918523,0.933912,0.94227,0.961789,0.967281,0.971282,0.976834,0.966473,0.963161,0.963456,0.973669,0.971957,0.983305,0.996503,1.004068,0.995252,0.979313,0.977952,0.979351,0.981333,0.978862,0.965702,0.96931,0.978036,0.978738,0.973809,0.991567,1.001011,1.003416,1.007263,1.018428,1.036041,1.058585,1.063244,1.063421,1.077942,1.086554,1.094841,1.093404,1.095399,1.094697,1.094177,1.089365,1.083857,1.087438,1.084906,1.074656,1.046465,1.030777,1.039653,1.037046,1.034817,1.037369,1.033442,1.035414,1.038579,1.041836,1.045393,1.049058,1.052667,1.052665,1.052946,1.062195,1.090215,1.088141,1.080548,1.076211,1.073884,1.069844,1.063309,1.062863,1.063624,1.071545,1.089342,1.100457,1.105302,1.113618,1.114417,1.10762,1.106298,1.116318,1.125499,1.123481,1.130128,1.129039,1.131644,1.126038,1.113325,1.093917,1.072934,1.059292,1.048426,1.041419,1.035376,1.063977,1.066411,1.062634,1.059701,1.04797,1.038469,1.026694,1.021843,1.017416,1.016378,1.01379,1.011374,1.003946,1.003996,1.006082,0.985935,0.969525,0.958324,0.960261,0.97169,0.981766,0.990764,0.991925,0.987412,0.982409,0.98176,0.970981,0.968537,0.962582,0.954161,0.946892,0.944081,0.940453,0.929361,0.911706,0.902909,0.899666,0.89351,0.885914,0.87977,0.872178,0.865249,0.86111,0.853973,0.846024,0.839553,0.844138,0.848121,0.852555,0.85233,0.848379,0.839715,0.851103,0.852983,0.850187,0.84519,0.846134,0.844413,0.844218,0.842905,0.845869,0.839411,0.833045,0.829435,0.828937,0.820192,0.818289,0.80818,0.801169,0.799414,0.796709,0.793542,0.794013,0.796794,0.801394,0.79938,0.800377,0.801128,0.804904,0.806244,0.808762,0.809965,0.80849,0.809936,0.809446,0.809538,0.808166,0.806326,0.80741,0.808149,0.807205,0.804456,0.797891,0.796254,0.793374,0.79106,0.790446,0.788217,0.788469,0.788463,0.788169,0.78758,0.787984,0.788853,0.787572,0.787583,0.787273,0.786755,0.789041,0.791396,0.792487,0.796095,0.79955,0.8005,0.801343,0.802357,0.803706,0.804713,0.805824,0.80937,0.8107,0.812344,0.814804,0.816182,0.817588,0.81898,0.818339,0.817531,0.817781,0.819912,0.820946,0.820763,0.820477,0.819925,0.81734,0.817168,0.817326,0.815936,0.813895,0.813357,0.813928,0.813435,0.813871,0.81708,0.817815,0.821002,0.821677,0.825544,0.825629,0.827856,0.829261,0.831493,0.836102,0.835571,0.834627,0.834254,0.83513,0.83733,0.840672,0.844735,0.842106,0.843945,0.844976,0.846057,0.8483,0.848923,0.848617,0.84576,0.847253,0.847365,0.846815,0.848288,0.847862,0.842332,0.835172,0.833283,0.830772,0.826833,0.824017,0.820833,0.820035,0.817871,0.817282,0.818619,0.817769,0.817176,0.814672,0.815169,0.815872,0.818907,0.821611,0.823518,0.82526,0.826708,0.827447,0.827856,0.829038,0.830071,0.827084,0.827063,0.827774,0.827172,0.825954,0.826714,0.825564,0.825253,0.826566,0.828062,0.833657,0.835874,0.837229,0.837592,0.837065,0.83823,0.840041,0.840813,0.841439,0.841489,0.84127,0.841275,0.842527,0.84167,0.840744,0.836224,0.836405,0.837667,0.840915,0.845514,0.850361,0.853618,0.856383,0.858901,0.860391,0.864818,0.872292,0.88223,0.883833,0.885606,0.887949,0.887381,0.887222,0.886055,0.897177,0.896112,0.897159,0.897625,0.900602,0.904792,0.90763,0.910331,0.909214,0.911384,0.913537,0.91739
CRW,Myanmar,0.75137,0.00749726,0.746445,0.746769,0.741145,0.739276,0.738863,0.736101,0.718556,0.714989,0.713638,0.714949,0.715008,0.718692,0.732163,0.730209,0.73578,0.740505,0.743939,0.74878,0.754073,0.757823,0.761469,0.76556,0.766091,0.766036,0.765819,0.767852,0.771491,0.764318,0.769237,0.770139,0.768944,0.762639,0.759813,0.753977,0.75171,0.752398,0.754299,0.757333,0.761188,0.765881,0.77141,0.774893,0.779693,0.783615,0.790222,0.793398,0.794547,0.796465,0.799408,0.802027,0.803956,0.804123,0.8035,0.803045,0.804081,0.804327,0.803847,0.804632,0.804759,0.80248,0.800541,0.799783,0.799065,0.796066,0.795809,0.793836,0.79429,0.795271,0.798196,0.799593,0.804349,0.802798,0.808837,0.813148,0.811555,0.808544,0.804981,0.800968,0.799455,0.796947,0.796722,0.793807,0.791718,0.788127,0.787104,0.784892,0.785321,0.779074,0.76733,0.766547,0.76781,0.769683,0.770836,0.772732,0.774765,0.777247,0.780733,0.782264,0.78544,0.787408,0.788949,0.790959,0.793433,0.794726,0.796351,0.797463,0.799358,0.801969,0.804261,0.805417,0.805831,0.805203,0.806692,0.807631,0.809657,0.811747,0.813264,0.815181,0.813716,0.808905,0.803526,0.79751,0.791347,0.789773,0.784814,0.782568,0.786051,0.785316,0.779377,0.770922,0.766714,0.767773,0.770301,0.767262,0.768606,0.77096,0.773757,0.775451,0.775628,0.776223,0.772134,0.765109,0.757989,0.755031,0.753962,0.755305,0.752967,0.750186,0.750083,0.75057,0.750021,0.750587,0.752793,0.752009,0.749585,0.751594,0.751191,0.752324,0.750636,0.749701,0.746336,0.746575,0.746114,0.743648,0.734455,0.72524,0.717611,0.716974,0.715181,0.711444,0.707842,0.704814,0.700356,0.696889,0.692605,0.685897,0.679168,0.671083,0.670232,0.67502,0.676938,0.678323,0.673807,0.67096,0.669521,0.666922,0.668889,0.671326,0.672206,0.675715,0.684983,0.689464,0.702542,0.709186,0.706897,0.709328,0.710389,0.709303,0.710018,0.711322,0.70161,0.697474,0.704677,0.709449,0.71255,0.711701,0.706388,0.694436,0.686928,0.679643,0.680981,0.678777,0.692061,0.696989,0.696967,0.702562,0.703237,0.701753,0.700348,0.695858,0.698118,0.707453,0.718269,0.732031,0.741097,0.744971,0.751499,0.742547,0.739003,0.742905,0.745481,0.751793,0.754452,0.765004,0.777054,0.783946,0.782051,0.779309,0.779188,0.782223,0.780196,0.777726,0.779226,0.786781,0.79252,0.797395,0.799532,0.800802,0.795,0.785591,0.787334,0.790485,0.790544,0.788781,0.794078,0.808181,0.818968,0.828429,0.834891,0.841642,0.846122,0.8544,0.86445,0.870418,0.872242,0.874303,0.869165,0.874707,0.877115,0.871884,0.867614,0.879477,0.892515,0.907192,0.915665,0.922053,0.926753,0.92661,0.929992,0.94196,0.963944,0.973987,0.982694,0.987738,0.997393,0.995277,0.986116,0.977291,0.961086,0.943635,0.9433,0.929897,0.933465,0.929905,0.922775,0.901436,0.904601,0.901925,0.898463,0.89494,0.89792,0.89093,0.892124,0.888231,0.891839,0.886848,0.887927,0.878416,0.883359,0.884423,0.881051,0.873457,0.875094,0.874692,0.872334,0.87492,0.876394,0.8691,0.87601,0.874222,0.879076,0.885796,0.907618,0.908098,0.904493,0.905842,0.915136,0.916431,0.944837,0.936915,0.934872,0.92914,0.926565,0.922484,0.92122,0.910373,0.90328,0.883983,0.871582,0.866154,0.865642,0.850754,0.846628,0.818537,0.82053,0.816049,0.817295,0.817581,0.810296,0.802183,0.803345,0.798161,0.794707,0.792231,0.78693,0.780569,0.783763,0.778861,0.771156,0.764437,0.759856,0.755457,0.750354,0.75137,0.749726,0.746445,0.746769,0.741145,0.739276,0.738863,0.736101,0.718556,0.714989,0.713638,0.714949,0.715008,0.718692,0.732163,0.730209,0.73578,0.740505,0.743939,0.74878,0.754073,0.757823,0.761469,0.76556,0.766091,0.766036,0.765819,0.767852,0.771491,0.764318,0.769237,0.770139,0.768944,0.762639,0.759813,0.753977,0.75171,0.752398,0.754299,0.757333,0.761188,0.765881,0.77141,0.774893,0.779693,0.783615,0.790222,0.793398,0.794547,0.796465,0.799408,0.802027,0.803956,0.804123,0.8035,0.803045,0.804081,0.804327,0.803847,0.804632,0.804759,0.80248,0.800541,0.799783,0.799065,0.796066,0.795809,0.793836,0.79429,0.795271,0.798196,0.799593,0.804349,0.802798,0.808837,0.813148,0.811555,0.808544,0.804981,0.800968,0.799455,0.796947,0.796722,0.793807,0.791718,0.788127,0.787104,0.784892,0.785321,0.779074,0.76733,0.766547,0.76781,0.769683,0.770836,0.772732,0.774765,0.777247,0.780733,0.782264,0.78544,0.787408,0.788949,0.790959,0.793433,0.794726,0.796351,0.797463,0.799358,0.801969,0.804261,0.805417,0.805831,0.805203,0.806692,0.807631,0.809657,0.811747,0.813264,0.815181,0.813716,0.808905,0.803526,0.79751,0.791347,0.789773,0.784814,0.782568,0.786051,0.785316,0.779377,0.770922,0.766714,0.767773,0.770301,0.767262,0.768606,0.77096,0.773757,0.775451,0.775628,0.776223,0.772134,0.765109,0.757989,0.755031,0.753962,0.755305,0.752967,0.750186,0.750083,0.75057,0.750021,0.750587,0.752793,0.752009,0.749585,0.751594,0.751191,0.752324,0.750636,0.749701,0.746336,0.746575,0.746114,0.743648,0.734455,0.72524,0.717611,0.716974,0.715181,0.711444,0.707842,0.704814,0.700356,0.696889,0.692605,0.685897,0.679168,0.671083,0.670232,0.67502,0.676938,0.678323,0.673807,0.67096,0.669521,0.666922,0.668889,0.671326,0.672206,0.675715,0.684983,0.689464,0.702542,0.709186,0.706897,0.709328,0.710389,0.709303,0.710018,0.711322,0.70161,0.697474,0.704677,0.709449,0.71255,0.711701,0.706388,0.694436,0.686928,0.679643,0.680981,0.678777,0.692061,0.696989,0.696967,0.702562,0.703237,0.701753,0.700348,0.695858,0.698118,0.707453,0.718269,0.732031,0.741097,0.744971,0.751499,0.742547,0.739003,0.742905,0.745481,0.751793,0.754452,0.765004,0.777054,0.783946,0.782051,0.779309,0.779188,0.782223,0.780196,0.777726,0.779226,0.786781,0.79252,0.797395,0.799532,0.800802,0.795,0.785591,0.787334,0.790485,0.790544,0.788781,0.794078,0.808181,0.818968,0.828429,0.834891,0.841642,0.846122,0.8544,0.86445,0.870418,0.872242,0.874303,0.869165,0.874707,0.877115,0.871884,0.867614,0.879477,0.892515,0.907192,0.915665,0.922053,0.926753,0.92661,0.929992,0.94196,0.963944,0.973987,0.982694,0.987738,0.997393,0.995277,0.986116,0.977291,0.961086,0.943635,0.9433,0.929897,0.933465,0.929905,0.922775,0.901436,0.904601,0.901925,0.898463,0.89494,0.89792,0.89093,0.892124,0.888231,0.891839,0.886848,0.887927,0.878416,0.883359,0.884423,0.881051,0.873457,0.875094,0.874692,0.872334,0.87492,0.876394,0.8691,0.87601,0.874222,0.879076,0.885796,0.907618,0.908098,0.904493,0.905842,0.915136,0.916431,0.944837,0.936915,0.934872,0.92914,0.926565,0.922484,0.92122,0.910373,0.90328,0.883983,0.871582,0.866154,0.865642,0.850754,0.846628,0.818537,0.82053,0.816049,0.817295,0.817581,0.810296,0.802183,0.803345,0.798161,0.794707,0.792231,0.78693,0.780569,0.783763,0.778861,0.771156,0.764437,0.759856,0.755457,0.750354
CRW,Namibia,1.00106,0.01008657,1.013904,1.012248,1.019424,1.016825,1.030936,1.054114,1.064324,1.069005,1.086392,1.087565,1.095876,1.095999,1.101079,1.100615,1.095173,1.092011,1.088022,1.090029,1.090626,1.082918,1.063856,1.057125,1.0495,1.032686,1.020847,1.009125,1.007686,1.013603,1.022133,1.01889,1.024066,1.052509,1.070286,1.079026,1.084522,1.084355,1.084598,1.090963,1.103373,1.127431,1.152522,1.189431,1.231226,1.264733,1.269008,1.268802,1.244658,1.23182,1.222903,1.226078,1.224879,1.228247,1.219361,1.213735,1.208918,1.210418,1.198365,1.167093,1.144982,1.13904,1.139728,1.148653,1.145373,1.13849,1.13855,1.152466,1.171138,1.189835,1.201314,1.217843,1.227034,1.241305,1.256569,1.263958,1.276084,1.290071,1.300953,1.318072,1.330873,1.331357,1.332405,1.333116,1.330956,1.320925,1.301986,1.283264,1.273271,1.255758,1.257226,1.242993,1.203068,1.185851,1.194155,1.195591,1.190139,1.193622,1.181484,1.175648,1.186436,1.187596,1.199917,1.198648,1.20306,1.196331,1.213229,1.223309,1.229186,1.208105,1.19906,1.194248,1.18852,1.190081,1.191944,1.19229,1.18535,1.169251,1.186576,1.214051,1.223991,1.226565,1.23397,1.238994,1.241071,1.22592,1.223889,1.221646,1.217038,1.222189,1.219726,1.217452,1.207742,1.197548,1.17719,1.159369,1.146405,1.129273,1.117005,1.102484,1.095167,1.09494,1.078362,1.070866,1.062295,1.043109,1.022529,1.024864,1.019328,1.014258,1.005388,1.002601,1.000063,0.994355,0.99124,0.991171,0.977928,0.975587,0.967094,0.962676,0.96196,0.960594,0.953433,0.950488,0.946257,0.943645,0.937847,0.932381,0.92811,0.925506,0.920552,0.916693,0.913651,0.912185,0.907076,0.900146,0.894274,0.890087,0.882677,0.879136,0.875221,0.86935,0.867252,0.863282,0.859521,0.860456,0.860895,0.855041,0.854607,0.854562,0.852832,0.852124,0.84963,0.848064,0.847694,0.847602,0.849226,0.845458,0.841055,0.838703,0.837554,0.836135,0.83538,0.835459,0.835576,0.833754,0.834132,0.834237,0.834076,0.834538,0.834224,0.834014,0.835574,0.837804,0.838619,0.840428,0.841964,0.842698,0.843261,0.843894,0.846253,0.846828,0.847234,0.848863,0.850554,0.852352,0.852809,0.853235,0.854181,0.855042,0.854978,0.855491,0.855635,0.855282,0.856671,0.859386,0.862726,0.864678,0.864672,0.864661,0.866178,0.869992,0.871662,0.872047,0.872182,0.871893,0.872535,0.873129,0.874441,0.874245,0.873233,0.871693,0.872659,0.875334,0.877477,0.876961,0.874793,0.874485,0.875325,0.877143,0.879441,0.880531,0.882781,0.884038,0.883788,0.883624,0.88496,0.884658,0.883445,0.88198,0.881673,0.881908,0.882142,0.88259,0.882257,0.881439,0.881172,0.88002,0.879873,0.883302,0.885248,0.886416,0.887139,0.8884,0.890046,0.891544,0.893214,0.892202,0.892935,0.892184,0.891495,0.891898,0.891499,0.890216,0.886055,0.882999,0.881078,0.88066,0.879074,0.876782,0.875339,0.874804,0.877346,0.877961,0.879616,0.884913,0.887498,0.889738,0.891396,0.894611,0.89649,0.898912,0.900641,0.904143,0.909985,0.913994,0.916408,0.917464,0.91742,0.917955,0.91547,0.914917,0.916649,0.919505,0.921693,0.92623,0.927798,0.928415,0.927743,0.925735,0.926687,0.928471,0.931281,0.934263,0.937446,0.938498,0.942946,0.945804,0.950064,0.955847,0.957461,0.959812,0.962552,0.965856,0.969339,0.971187,0.972499,0.974037,0.976728,0.979384,0.984396,0.983041,0.982829,0.98066,0.974867,0.975059,0.973824,0.976925,0.982445,0.987713,0.994736,1.00105,1.0045,1.006406,1.003038,1.00106,1.008657,1.013904,1.012248,1.019424,1.016825,1.030936,1.054114,1.064324,1.069005,1.086392,1.087565,1.095876,1.095999,1.101079,1.100615,1.095173,1.092011,1.088022,1.090029,1.090626,1.082918,1.063856,1.057125,1.0495,1.032686,1.020847,1.009125,1.007686,1.013603,1.022133,1.01889,1.024066,1.052509,1.070286,1.079026,1.084522,1.084355,1.084598,1.090963,1.103373,1.127431,1.152522,1.189431,1.231226,1.264733,1.269008,1.268802,1.244658,1.23182,1.222903,1.226078,1.224879,1.228247,1.219361,1.213735,1.208918,1.210418,1.198365,1.167093,1.144982,1.13904,1.139728,1.148653,1.145373,1.13849,1.13855,1.152466,1.171138,1.189835,1.201314,1.217843,1.227034,1.241305,1.256569,1.263958,1.276084,1.290071,1.300953,1.318072,1.330873,1.331357,1.332405,1.333116,1.330956,1.320925,1.301986,1.283264,1.273271,1.255758,1.257226,1.242993,1.203068,1.185851,1.194155,1.195591,1.190139,1.193622,1.181484,1.175648,1.186436,1.187596,1.199917,1.198648,1.20306,1.196331,1.213229,1.223309,1.229186,1.208105,1.19906,1.194248,1.18852,1.190081,1.191944,1.19229,1.18535,1.169251,1.186576,1.214051,1.223991,1.226565,1.23397,1.238994,1.241071,1.22592,1.223889,1.221646,1.217038,1.222189,1.219726,1.217452,1.207742,1.197548,1.17719,1.159369,1.146405,1.129273,1.117005,1.102484,1.095167,1.09494,1.078362,1.070866,1.062295,1.043109,1.022529,1.024864,1.019328,1.014258,1.005388,1.002601,1.000063,0.994355,0.99124,0.991171,0.977928,0.975587,0.967094,0.962676,0.96196,0.960594,0.953433,0.950488,0.946257,0.943645,0.937847,0.932381,0.92811,0.925506,0.920552,0.916693,0.913651,0.912185,0.907076,0.900146,0.894274,0.890087,0.882677,0.879136,0.875221,0.86935,0.867252,0.863282,0.859521,0.860456,0.860895,0.855041,0.854607,0.854562,0.852832,0.852124,0.84963,0.848064,0.847694,0.847602,0.849226,0.845458,0.841055,0.838703,0.837554,0.836135,0.83538,0.835459,0.835576,0.833754,0.834132,0.834237,0.834076,0.834538,0.834224,0.834014,0.835574,0.837804,0.838619,0.840428,0.841964,0.842698,0.843261,0.843894,0.846253,0.846828,0.847234,0.848863,0.850554,0.852352,0.852809,0.853235,0.854181,0.855042,0.854978,0.855491,0.855635,0.855282,0.856671,0.859386,0.862726,0.864678,0.864672,0.864661,0.866178,0.869992,0.871662,0.872047,0.872182,0.871893,0.872535,0.873129,0.874441,0.874245,0.873233,0.871693,0.872659,0.875334,0.877477,0.876961,0.874793,0.874485,0.875325,0.877143,0.879441,0.880531,0.882781,0.884038,0.883788,0.883624,0.88496,0.884658,0.883445,0.88198,0.881673,0.881908,0.882142,0.88259,0.882257,0.881439,0.881172,0.88002,0.879873,0.883302,0.885248,0.886416,0.887139,0.8884,0.890046,0.891544,0.893214,0.892202,0.892935,0.892184,0.891495,0.891898,0.891499,0.890216,0.886055,0.882999,0.881078,0.88066,0.879074,0.876782,0.875339,0.874804,0.877346,0.877961,0.879616,0.884913,0.887498,0.889738,0.891396,0.894611,0.89649,0.898912,0.900641,0.904143,0.909985,0.913994,0.916408,0.917464,0.91742,0.917955,0.91547,0.914917,0.916649,0.919505,0.921693,0.92623,0.927798,0.928415,0.927743,0.925735,0.926687,0.928471,0.931281,0.934263,0.937446,0.938498,0.942946,0.945804,0.950064,0.955847,0.957461,0.959812,0.962552,0.965856,0.969339,0.971187,0.972499,0.974037,0.976728,0.979384,0.984396,0.983041,0.982829,0.98066,0.974867,0.975059,0.973824,0.976925,0.982445,0.987713,0.994736,1.00105,1.0045,1.006406,1.003038
CRW,Nepal,0.856777,0.00850704,0.847108,0.846697,0.845577,0.843902,0.842548,0.840209,0.840535,0.839265,0.838888,0.840704,0.843371,0.842961,0.845069,0.846332,0.847643,0.847089,0.847248,0.847152,0.846707,0.845861,0.845792,0.844615,0.845514,0.844654,0.843065,0.839431,0.834456,0.830085,0.831954,0.832955,0.832294,0.832147,0.833467,0.83665,0.839261,0.840622,0.842646,0.843649,0.845268,0.846997,0.849219,0.851754,0.853843,0.853795,0.853714,0.855952,0.857695,0.858342,0.859327,0.861406,0.88792,0.893752,0.896756,0.898069,0.899137,0.899356,0.899515,0.900462,0.900862,0.901467,0.901883,0.904634,0.907653,0.910144,0.912646,0.894627,0.884557,0.885604,0.887998,0.887746,0.895018,0.916462,0.920176,0.920672,0.920007,0.917287,0.912623,0.910192,0.906156,0.899931,0.894615,0.888358,0.882418,0.877125,0.878237,0.883854,0.877337,0.875022,0.874782,0.875325,0.876316,0.877471,0.875676,0.874935,0.875611,0.874925,0.875193,0.876276,0.877611,0.874056,0.858026,0.856587,0.854942,0.854356,0.854452,0.855164,0.854704,0.855423,0.856556,0.855016,0.855991,0.85603,0.852803,0.847536,0.846158,0.838403,0.83855,0.83759,0.839156,0.836472,0.840373,0.841545,0.842722,0.845447,0.852561,0.852661,0.852399,0.851953,0.853557,0.857768,0.857512,0.858314,0.858177,0.859967,0.863821,0.864543,0.865162,0.864418,0.863153,0.858422,0.858919,0.860647,0.865319,0.866266,0.864556,0.866473,0.865847,0.866507,0.867269,0.86758,0.879103,0.881743,0.884283,0.886778,0.889609,0.893243,0.897676,0.899337,0.901823,0.904201,0.910884,0.913767,0.917283,0.924516,0.934803,0.935125,0.944092,0.951163,0.95658,0.958662,0.959467,0.960613,0.966915,0.97284,0.979952,0.984614,0.997673,1.006745,1.01136,1.014183,1.016929,1.01809,1.021881,1.029775,1.043204,1.052755,1.059909,1.059201,1.062084,1.069485,1.084205,1.096847,1.113306,1.127158,1.133773,1.139697,1.148698,1.145594,1.140095,1.138566,1.13532,1.136054,1.132847,1.1318,1.122868,1.105543,1.094423,1.086336,1.082402,1.081402,1.08158,1.081224,1.090166,1.076694,1.070221,1.069202,1.068942,1.074984,1.073722,1.073723,1.084026,1.08697,1.087669,1.094633,1.092045,1.085447,1.08001,1.072059,1.072245,1.069043,1.06823,1.065027,1.057831,1.059094,1.059171,1.053429,1.047358,1.04209,1.033867,1.033252,1.038719,1.048333,1.05035,1.055575,1.062644,1.069902,1.07368,1.075091,1.070121,1.066101,1.063821,1.066758,1.07254,1.06937,1.068577,1.072875,1.074119,1.077615,1.079704,1.0806,1.088188,1.106538,1.117077,1.122496,1.124491,1.124713,1.125647,1.122887,1.128873,1.136446,1.131551,1.132974,1.135112,1.134424,1.139372,1.130056,1.115403,1.111604,1.107882,1.112099,1.117863,1.120822,1.125296,1.121771,1.117434,1.12386,1.116187,1.114747,1.109664,1.104417,1.099007,1.097323,1.101369,1.102768,1.099947,1.096542,1.093481,1.089119,1.087991,1.082748,1.074214,1.074811,1.069232,1.066587,1.06059,1.064616,1.061654,1.052235,1.049761,1.045955,1.042249,1.038173,1.040678,1.037536,1.036798,1.033887,1.029716,1.029481,1.028772,1.024645,1.021231,1.019273,1.020806,1.019892,1.020761,1.018072,1.01676,1.011439,1.012559,1.015835,1.015933,1.012575,1.006005,1.002671,0.999832,0.995588,0.992031,0.986033,0.979261,0.974411,0.976408,0.971034,0.96157,0.953559,0.942187,0.934959,0.929816,0.924309,0.918477,0.914971,0.910082,0.902361,0.898428,0.894752,0.886947,0.881626,0.876838,0.874002,0.868029,0.861314,0.859995,0.859926,0.859883,0.856777,0.850704,0.847108,0.846697,0.845577,0.843902,0.842548,0.840209,0.840535,0.839265,0.838888,0.840704,0.843371,0.842961,0.845069,0.846332,0.847643,0.847089,0.847248,0.847152,0.846707,0.845861,0.845792,0.844615,0.845514,0.844654,0.843065,0.839431,0.834456,0.830085,0.831954,0.832955,0.832294,0.832147,0.833467,0.83665,0.839261,0.840622,0.842646,0.843649,0.845268,0.846997,0.849219,0.851754,0.853843,0.853795,0.853714,0.855952,0.857695,0.858342,0.859327,0.861406,0.88792,0.893752,0.896756,0.898069,0.899137,0.899356,0.899515,0.900462,0.900862,0.901467,0.901883,0.904634,0.907653,0.910144,0.912646,0.894627,0.884557,0.885604,0.887998,0.887746,0.895018,0.916462,0.920176,0.920672,0.920007,0.917287,0.912623,0.910192,0.906156,0.899931,0.894615,0.888358,0.882418,0.877125,0.878237,0.883854,0.877337,0.875022,0.874782,0.875325,0.876316,0.877471,0.875676,0.874935,0.875611,0.874925,0.875193,0.876276,0.877611,0.874056,0.858026,0.856587,0.854942,0.854356,0.854452,0.855164,0.854704,0.855423,0.856556,0.855016,0.855991,0.85603,0.852803,0.847536,0.846158,0.838403,0.83855,0.83759,0.839156,0.836472,0.840373,0.841545,0.842722,0.845447,0.852561,0.852661,0.852399,0.851953,0.853557,0.857768,0.857512,0.858314,0.858177,0.859967,0.863821,0.864543,0.865162,0.864418,0.863153,0.858422,0.858919,0.860647,0.865319,0.866266,0.864556,0.866473,0.865847,0.866507,0.867269,0.86758,0.879103,0.881743,0.884283,0.886778,0.889609,0.893243,0.897676,0.899337,0.901823,0.904201,0.910884,0.913767,0.917283,0.924516,0.934803,0.935125,0.944092,0.951163,0.95658,0.958662,0.959467,0.960613,0.966915,0.97284,0.979952,0.984614,0.997673,1.006745,1.01136,1.014183,1.016929,1.01809,1.021881,1.029775,1.043204,1.052755,1.059909,1.059201,1.062084,1.069485,1.084205,1.096847,1.113306,1.127158,1.133773,1.139697,1.148698,1.145594,1.140095,1.138566,1.13532,1.136054,1.132847,1.1318,1.122868,1.105543,1.094423,1.086336,1.082402,1.081402,1.08158,1.081224,1.090166,1.076694,1.070221,1.069202,1.068942,1.074984,1.073722,1.073723,1.084026,1.08697,1.087669,1.094633,1.092045,1.085447,1.08001,1.072059,1.072245,1.069043,1.06823,1.065027,1.057831,1.059094,1.059171,1.053429,1.047358,1.04209,1.033867,1.033252,1.038719,1.048333,1.05035,1.055575,1.062644,1.069902,1.07368,1.075091,1.070121,1.066101,1.063821,1.066758,1.07254,1.06937,1.068577,1.072875,1.074119,1.077615,1.079704,1.0806,1.088188,1.106538,1.117077,1.122496,1.124491,1.124713,1.125647,1.122887,1.128873,1.136446,1.131551,1.132974,1.135112,1.134424,1.139372,1.130056,1.115403,1.111604,1.107882,1.112099,1.117863,1.120822,1.125296,1.121771,1.117434,1.12386,1.116187,1.114747,1.109664,1.104417,1.099007,1.097323,1.101369,1.102768,1.099947,1.096542,1.093481,1.089119,1.087991,1.082748,1.074214,1.074811,1.069232,1.066587,1.06059,1.064616,1.061654,1.052235,1.049761,1.045955,1.042249,1.038173,1.040678,1.037536,1.036798,1.033887,1.029716,1.029481,1.028772,1.024645,1.021231,1.019273,1.020806,1.019892,1.020761,1.018072,1.01676,1.011439,1.012559,1.015835,1.015933,1.012575,1.006005,1.002671,0.999832,0.995588,0.992031,0.986033,0.979261,0.974411,0.976408,0.971034,0.96157,0.953559,0.942187,0.934959,0.929816,0.924309,0.918477,0.914971,0.910082,0.902361,0.898428,0.894752,0.886947,0.881626,0.876838,0.874002,0.868029,0.861314,0.859995,0.859926,0.859883
CRW,Netherlands,0.912064,0.009130049999999999,0.911134,0.911867,0.912141,0.918458,0.922368,0.928734,0.936212,0.938263,0.940077,0.942516,0.943519,0.943333,0.94061,0.940702,0.943452,0.94722,0.949467,0.951355,0.950494,0.956097,0.957216,0.954732,0.952819,0.954289,0.955788,0.959693,0.966994,0.970679,0.973343,0.97472,0.976087,0.973358,0.97228,0.969686,0.964692,0.968263,0.971922,0.974418,0.977169,0.980069,0.980031,0.978598,0.980262,0.988179,0.991184,0.994251,1.001224,1.007595,1.009968,1.011667,1.007073,1.00687,1.00843,1.007071,1.004014,1.003106,1.001523,0.999693,0.990875,0.987519,0.985888,0.984034,0.981777,0.982687,0.98558,0.991056,0.992954,0.992588,0.996035,0.999747,1.004795,1.015276,1.018624,1.024738,1.027026,1.028373,1.025578,1.029116,1.030653,1.031582,1.028405,1.027118,1.027168,1.027661,1.025929,1.023087,1.018449,1.018685,1.019653,1.020222,1.019877,1.018436,1.014042,1.010811,1.006666,1.006223,1.009572,1.003736,0.997794,0.994536,0.990759,0.987292,0.984003,0.983015,0.980777,0.979212,0.980806,0.982213,0.988125,0.989409,0.990407,0.986042,0.987726,0.986387,0.986351,0.991681,0.993618,0.993616,0.994026,0.992465,0.993016,0.98953,0.991869,0.988655,0.984326,0.985471,0.984093,0.983701,0.983568,0.981618,0.976155,0.973341,0.970581,0.964466,0.964124,0.961634,0.959574,0.952689,0.950894,0.949162,0.94368,0.942079,0.940145,0.938136,0.936941,0.937559,0.935737,0.93228,0.932192,0.929313,0.931878,0.935228,0.937984,0.931396,0.930602,0.925791,0.92035,0.922722,0.925834,0.927144,0.92591,0.931252,0.934465,0.931172,0.92432,0.914695,0.907265,0.901249,0.897274,0.896069,0.896132,0.896195,0.89356,0.8926,0.890953,0.888111,0.884155,0.882133,0.8831,0.88435,0.885476,0.883438,0.880876,0.880121,0.878446,0.875136,0.872484,0.871108,0.865718,0.861063,0.858444,0.856529,0.853877,0.856078,0.856906,0.859143,0.86479,0.862889,0.862204,0.863767,0.865029,0.864966,0.867854,0.870397,0.872161,0.870124,0.868138,0.863526,0.85736,0.852703,0.851127,0.845358,0.845668,0.843788,0.843118,0.839764,0.838184,0.834955,0.833986,0.831702,0.832493,0.832548,0.830067,0.835417,0.836202,0.83839,0.838509,0.840782,0.841585,0.843409,0.842893,0.846114,0.845558,0.844659,0.849299,0.849078,0.848797,0.848926,0.84631,0.845957,0.845611,0.844775,0.842983,0.841681,0.838295,0.839619,0.835279,0.835551,0.836528,0.822757,0.822174,0.822981,0.824431,0.825878,0.826145,0.822768,0.822971,0.821756,0.822081,0.826652,0.833559,0.836833,0.83597,0.8345,0.833231,0.83289,0.832575,0.831789,0.830422,0.836069,0.836037,0.836235,0.83903,0.839183,0.838858,0.838828,0.844483,0.844062,0.843379,0.844233,0.845447,0.845904,0.847602,0.847245,0.844259,0.843824,0.841866,0.83818,0.836885,0.834596,0.832131,0.824627,0.824497,0.827086,0.827785,0.828178,0.827544,0.82363,0.823661,0.824935,0.827328,0.830795,0.833603,0.836302,0.83986,0.843921,0.844664,0.844815,0.842723,0.842029,0.839318,0.84057,0.841066,0.84317,0.842393,0.84378,0.846187,0.849405,0.85221,0.852182,0.849574,0.851145,0.852807,0.854745,0.856027,0.858866,0.859019,0.86066,0.862202,0.864243,0.865644,0.865029,0.865094,0.863255,0.863198,0.865232,0.866499,0.867166,0.869493,0.872299,0.878648,0.880518,0.88426,0.887126,0.8874,0.888576,0.888173,0.890984,0.89251,0.894853,0.898728,0.903183,0.907473,0.908001,0.90845,0.905052,0.905037,0.907265,0.906294,0.90927,0.90981,0.911268,0.908468,0.912064,0.913005,0.911134,0.911867,0.912141,0.918458,0.922368,0.928734,0.936212,0.938263,0.940077,0.942516,0.943519,0.943333,0.94061,0.940702,0.943452,0.94722,0.949467,0.951355,0.950494,0.956097,0.957216,0.954732,0.952819,0.954289,0.955788,0.959693,0.966994,0.970679,0.973343,0.97472,0.976087,0.973358,0.97228,0.969686,0.964692,0.968263,0.971922,0.974418,0.977169,0.980069,0.980031,0.978598,0.980262,0.988179,0.991184,0.994251,1.001224,1.007595,1.009968,1.011667,1.007073,1.00687,1.00843,1.007071,1.004014,1.003106,1.001523,0.999693,0.990875,0.987519,0.985888,0.984034,0.981777,0.982687,0.98558,0.991056,0.992954,0.992588,0.996035,0.999747,1.004795,1.015276,1.018624,1.024738,1.027026,1.028373,1.025578,1.029116,1.030653,1.031582,1.028405,1.027118,1.027168,1.027661,1.025929,1.023087,1.018449,1.018685,1.019653,1.020222,1.019877,1.018436,1.014042,1.010811,1.006666,1.006223,1.009572,1.003736,0.997794,0.994536,0.990759,0.987292,0.984003,0.983015,0.980777,0.979212,0.980806,0.982213,0.988125,0.989409,0.990407,0.986042,0.987726,0.986387,0.986351,0.991681,0.993618,0.993616,0.994026,0.992465,0.993016,0.98953,0.991869,0.988655,0.984326,0.985471,0.984093,0.983701,0.983568,0.981618,0.976155,0.973341,0.970581,0.964466,0.964124,0.961634,0.959574,0.952689,0.950894,0.949162,0.94368,0.942079,0.940145,0.938136,0.936941,0.937559,0.935737,0.93228,0.932192,0.929313,0.931878,0.935228,0.937984,0.931396,0.930602,0.925791,0.92035,0.922722,0.925834,0.927144,0.92591,0.931252,0.934465,0.931172,0.92432,0.914695,0.907265,0.901249,0.897274,0.896069,0.896132,0.896195,0.89356,0.8926,0.890953,0.888111,0.884155,0.882133,0.8831,0.88435,0.885476,0.883438,0.880876,0.880121,0.878446,0.875136,0.872484,0.871108,0.865718,0.861063,0.858444,0.856529,0.853877,0.856078,0.856906,0.859143,0.86479,0.862889,0.862204,0.863767,0.865029,0.864966,0.867854,0.870397,0.872161,0.870124,0.868138,0.863526,0.85736,0.852703,0.851127,0.845358,0.845668,0.843788,0.843118,0.839764,0.838184,0.834955,0.833986,0.831702,0.832493,0.832548,0.830067,0.835417,0.836202,0.83839,0.838509,0.840782,0.841585,0.843409,0.842893,0.846114,0.845558,0.844659,0.849299,0.849078,0.848797,0.848926,0.84631,0.845957,0.845611,0.844775,0.842983,0.841681,0.838295,0.839619,0.835279,0.835551,0.836528,0.822757,0.822174,0.822981,0.824431,0.825878,0.826145,0.822768,0.822971,0.821756,0.822081,0.826652,0.833559,0.836833,0.83597,0.8345,0.833231,0.83289,0.832575,0.831789,0.830422,0.836069,0.836037,0.836235,0.83903,0.839183,0.838858,0.838828,0.844483,0.844062,0.843379,0.844233,0.845447,0.845904,0.847602,0.847245,0.844259,0.843824,0.841866,0.83818,0.836885,0.834596,0.832131,0.824627,0.824497,0.827086,0.827785,0.828178,0.827544,0.82363,0.823661,0.824935,0.827328,0.830795,0.833603,0.836302,0.83986,0.843921,0.844664,0.844815,0.842723,0.842029,0.839318,0.84057,0.841066,0.84317,0.842393,0.84378,0.846187,0.849405,0.85221,0.852182,0.849574,0.851145,0.852807,0.854745,0.856027,0.858866,0.859019,0.86066,0.862202,0.864243,0.865644,0.865029,0.865094,0.863255,0.863198,0.865232,0.866499,0.867166,0.869493,0.872299,0.878648,0.880518,0.88426,0.887126,0.8874,0.888576,0.888173,0.890984,0.89251,0.894853,0.898728,0.903183,0.907473,0.908001,0.90845,0.905052,0.905037,0.907265,0.906294,0.90927,0.90981,0.911268,0.908468
CRW,NewGuinea,1.342263,0.013338309999999999,1.335801,1.322268,1.322327,1.328275,1.340488,1.349733,1.354487,1.350812,1.353704,1.359737,1.360706,1.359183,1.342985,1.335367,1.334695,1.329758,1.330681,1.327417,1.321654,1.337288,1.346887,1.344634,1.347792,1.351978,1.34816,1.347999,1.340361,1.351159,1.348206,1.345261,1.334872,1.336091,1.333943,1.330657,1.305808,1.28716,1.284082,1.288405,1.284909,1.2837,1.281872,1.28214,1.277757,1.279435,1.279119,1.283361,1.278105,1.2827,1.288727,1.288929,1.286789,1.2799,1.262919,1.247513,1.234768,1.226158,1.217923,1.218935,1.221695,1.225124,1.225197,1.226141,1.220802,1.213224,1.211056,1.213997,1.216454,1.221564,1.23115,1.244027,1.246701,1.256988,1.253734,1.248295,1.239592,1.243889,1.247792,1.253543,1.256853,1.258687,1.253783,1.262581,1.261531,1.266299,1.26286,1.260703,1.24828,1.241332,1.240501,1.262103,1.259639,1.260776,1.260584,1.265625,1.270614,1.282309,1.28202,1.297831,1.297332,1.306729,1.315367,1.329787,1.33492,1.34353,1.341759,1.34624,1.343558,1.345942,1.345355,1.349109,1.366409,1.36899,1.366495,1.374622,1.368416,1.36497,1.358899,1.363037,1.366013,1.35537,1.359381,1.367203,1.378353,1.389074,1.397968,1.380881,1.386717,1.387253,1.392818,1.400915,1.422192,1.433162,1.442065,1.468781,1.482617,1.481375,1.485091,1.47665,1.473086,1.471094,1.476304,1.457632,1.450119,1.450361,1.447411,1.433194,1.431612,1.438351,1.426499,1.430854,1.437069,1.428378,1.434568,1.43961,1.425426,1.415965,1.415571,1.416836,1.399433,1.401701,1.388395,1.367391,1.347807,1.31727,1.290979,1.273632,1.26158,1.241297,1.224671,1.218891,1.207524,1.191938,1.172103,1.168008,1.148174,1.142547,1.134497,1.126614,1.123972,1.120484,1.11404,1.101698,1.095073,1.082847,1.077367,1.069713,1.068411,1.064566,1.051821,1.049201,1.039781,1.036822,1.024236,1.020015,1.015101,1.009427,1.002804,1.000634,0.989371,0.98701,0.98352,0.978754,0.97331,0.974202,0.971571,0.964437,0.96155,0.956535,0.949713,0.946141,0.943578,0.942315,0.940571,0.938616,0.932664,0.92642,0.921633,0.916477,0.909794,0.90837,0.907704,0.906835,0.904943,0.902475,0.897061,0.893232,0.891086,0.88496,0.885238,0.884421,0.884713,0.882098,0.879805,0.876316,0.872051,0.87047,0.869095,0.86693,0.864123,0.862466,0.862701,0.862057,0.866626,0.864569,0.863711,0.860029,0.859043,0.862531,0.86924,0.874331,0.876699,0.878708,0.881008,0.884432,0.889173,0.889156,0.890102,0.888106,0.890391,0.889946,0.891672,0.895909,0.896422,0.895275,0.895518,0.897648,0.898061,0.899772,0.899613,0.902186,0.905108,0.905673,0.912338,0.916769,0.921312,0.922308,0.92327,0.926812,0.929264,0.930526,0.929564,0.935328,0.936775,0.944528,0.946959,0.951682,0.956661,0.959488,0.961451,0.963608,0.971877,0.978887,0.984242,0.989462,0.997914,1.003675,1.006704,1.013952,1.019307,1.024371,1.029401,1.031436,1.037327,1.042654,1.049752,1.056714,1.057577,1.064549,1.074997,1.079631,1.085063,1.087899,1.094791,1.102258,1.10736,1.115877,1.128868,1.136807,1.145454,1.153922,1.156771,1.166114,1.178126,1.182856,1.184868,1.197157,1.217521,1.226129,1.242918,1.249774,1.260017,1.27496,1.301751,1.326003,1.340663,1.356641,1.387391,1.391785,1.393897,1.405974,1.406938,1.412506,1.417572,1.405939,1.407923,1.411909,1.412932,1.407123,1.400158,1.39733,1.394746,1.386894,1.378457,1.378144,1.36139,1.356009,1.347721,1.34854,1.348571,1.346772,1.343831,1.344596,1.343583,1.342263,1.333831,1.335801,1.322268,1.322327,1.328275,1.340488,1.349733,1.354487,1.350812,1.353704,1.359737,1.360706,1.359183,1.342985,1.335367,1.334695,1.329758,1.330681,1.327417,1.321654,1.337288,1.346887,1.344634,1.347792,1.351978,1.34816,1.347999,1.340361,1.351159,1.348206,1.345261,1.334872,1.336091,1.333943,1.330657,1.305808,1.28716,1.284082,1.288405,1.284909,1.2837,1.281872,1.28214,1.277757,1.279435,1.279119,1.283361,1.278105,1.2827,1.288727,1.288929,1.286789,1.2799,1.262919,1.247513,1.234768,1.226158,1.217923,1.218935,1.221695,1.225124,1.225197,1.226141,1.220802,1.213224,1.211056,1.213997,1.216454,1.221564,1.23115,1.244027,1.246701,1.256988,1.253734,1.248295,1.239592,1.243889,1.247792,1.253543,1.256853,1.258687,1.253783,1.262581,1.261531,1.266299,1.26286,1.260703,1.24828,1.241332,1.240501,1.262103,1.259639,1.260776,1.260584,1.265625,1.270614,1.282309,1.28202,1.297831,1.297332,1.306729,1.315367,1.329787,1.33492,1.34353,1.341759,1.34624,1.343558,1.345942,1.345355,1.349109,1.366409,1.36899,1.366495,1.374622,1.368416,1.36497,1.358899,1.363037,1.366013,1.35537,1.359381,1.367203,1.378353,1.389074,1.397968,1.380881,1.386717,1.387253,1.392818,1.400915,1.422192,1.433162,1.442065,1.468781,1.482617,1.481375,1.485091,1.47665,1.473086,1.471094,1.476304,1.457632,1.450119,1.450361,1.447411,1.433194,1.431612,1.438351,1.426499,1.430854,1.437069,1.428378,1.434568,1.43961,1.425426,1.415965,1.415571,1.416836,1.399433,1.401701,1.388395,1.367391,1.347807,1.31727,1.290979,1.273632,1.26158,1.241297,1.224671,1.218891,1.207524,1.191938,1.172103,1.168008,1.148174,1.142547,1.134497,1.126614,1.123972,1.120484,1.11404,1.101698,1.095073,1.082847,1.077367,1.069713,1.068411,1.064566,1.051821,1.049201,1.039781,1.036822,1.024236,1.020015,1.015101,1.009427,1.002804,1.000634,0.989371,0.98701,0.98352,0.978754,0.97331,0.974202,0.971571,0.964437,0.96155,0.956535,0.949713,0.946141,0.943578,0.942315,0.940571,0.938616,0.932664,0.92642,0.921633,0.916477,0.909794,0.90837,0.907704,0.906835,0.904943,0.902475,0.897061,0.893232,0.891086,0.88496,0.885238,0.884421,0.884713,0.882098,0.879805,0.876316,0.872051,0.87047,0.869095,0.86693,0.864123,0.862466,0.862701,0.862057,0.866626,0.864569,0.863711,0.860029,0.859043,0.862531,0.86924,0.874331,0.876699,0.878708,0.881008,0.884432,0.889173,0.889156,0.890102,0.888106,0.890391,0.889946,0.891672,0.895909,0.896422,0.895275,0.895518,0.897648,0.898061,0.899772,0.899613,0.902186,0.905108,0.905673,0.912338,0.916769,0.921312,0.922308,0.92327,0.926812,0.929264,0.930526,0.929564,0.935328,0.936775,0.944528,0.946959,0.951682,0.956661,0.959488,0.961451,0.963608,0.971877,0.978887,0.984242,0.989462,0.997914,1.003675,1.006704,1.013952,1.019307,1.024371,1.029401,1.031436,1.037327,1.042654,1.049752,1.056714,1.057577,1.064549,1.074997,1.079631,1.085063,1.087899,1.094791,1.102258,1.10736,1.115877,1.128868,1.136807,1.145454,1.153922,1.156771,1.166114,1.178126,1.182856,1.184868,1.197157,1.217521,1.226129,1.242918,1.249774,1.260017,1.27496,1.301751,1.326003,1.340663,1.356641,1.387391,1.391785,1.393897,1.405974,1.406938,1.412506,1.417572,1.405939,1.407923,1.411909,1.412932,1.407123,1.400158,1.39733,1.394746,1.386894,1.378457,1.378144,1.36139,1.356009,1.347721,1.34854,1.348571,1.346772,1.343831,1.344596,1.343583
CRW,NewZealand,0.815243,0.00818501,0.820762,0.822081,0.821732,0.82316,0.822524,0.822495,0.814792,0.81804,0.820568,0.822006,0.823558,0.825426,0.826443,0.824911,0.825333,0.824588,0.82901,0.836541,0.837887,0.840717,0.83999,0.843476,0.843579,0.845389,0.846592,0.847242,0.847949,0.850086,0.852327,0.857337,0.860126,0.863498,0.861968,0.865979,0.868088,0.867599,0.863454,0.866491,0.868891,0.87366,0.88575,0.889632,0.890578,0.892937,0.894034,0.898075,0.893323,0.891798,0.890192,0.890772,0.894829,0.896232,0.89703,0.901973,0.912449,0.905209,0.9074,0.907486,0.907037,0.907088,0.905758,0.908195,0.90855,0.908773,0.912041,0.913327,0.91757,0.921698,0.920466,0.902575,0.907978,0.909821,0.911105,0.921065,0.929729,0.935228,0.940969,0.941889,0.943216,0.946205,0.950923,0.952565,0.95268,0.956662,0.953086,0.947368,0.940662,0.940038,0.933478,0.931203,0.930311,0.926286,0.925771,0.92923,0.925527,0.921206,0.915553,0.910431,0.905167,0.909151,0.914108,0.922288,0.926485,0.9278,0.92386,0.921235,0.922431,0.922638,0.919619,0.916493,0.911158,0.910888,0.908781,0.906223,0.902415,0.896878,0.891857,0.884071,0.87784,0.871322,0.863454,0.870318,0.864173,0.860252,0.855342,0.854336,0.850946,0.848487,0.847665,0.844362,0.840174,0.834707,0.833879,0.832319,0.831615,0.832692,0.821878,0.833571,0.82906,0.827158,0.822768,0.82108,0.819761,0.816321,0.81459,0.814314,0.816008,0.815141,0.815782,0.812591,0.80948,0.808768,0.799097,0.801597,0.801527,0.803256,0.803657,0.804124,0.807265,0.807397,0.813694,0.813579,0.813311,0.812665,0.814146,0.814347,0.814737,0.814879,0.814402,0.814539,0.819739,0.819716,0.820483,0.821329,0.822696,0.818589,0.818718,0.820109,0.822116,0.824475,0.827587,0.839868,0.842302,0.844494,0.845258,0.842222,0.840519,0.841958,0.843243,0.847544,0.851327,0.854391,0.85562,0.856325,0.856977,0.857879,0.846101,0.845767,0.849642,0.850644,0.861521,0.864142,0.865067,0.866866,0.866604,0.868941,0.871339,0.873421,0.876335,0.880793,0.883649,0.886085,0.888906,0.890509,0.893019,0.887516,0.889016,0.889298,0.888746,0.900542,0.902346,0.905379,0.905803,0.906253,0.913476,0.914914,0.92077,0.923022,0.925504,0.926799,0.92893,0.929047,0.928632,0.929542,0.92444,0.923796,0.923748,0.92547,0.927919,0.917235,0.917759,0.906033,0.916068,0.915247,0.918263,0.920178,0.92252,0.927482,0.930154,0.933789,0.93639,0.938186,0.940808,0.954588,0.955426,0.958245,0.960773,0.956443,0.952374,0.950594,0.94538,0.941957,0.938466,0.939883,0.935895,0.936465,0.932662,0.927482,0.915704,0.910088,0.902057,0.896386,0.895361,0.89598,0.894536,0.898652,0.899442,0.900028,0.89174,0.891427,0.881166,0.88015,0.884784,0.884216,0.888486,0.895731,0.899297,0.897392,0.898328,0.901324,0.897586,0.89634,0.895294,0.895637,0.894411,0.894352,0.892543,0.889024,0.889591,0.886892,0.887125,0.887687,0.885789,0.883819,0.882237,0.882376,0.881016,0.879554,0.877575,0.877338,0.876486,0.876067,0.874651,0.868101,0.870371,0.863956,0.861876,0.867503,0.866169,0.863401,0.862141,0.862252,0.86001,0.860118,0.857352,0.855707,0.85163,0.851238,0.854716,0.85134,0.851695,0.84849,0.836994,0.838769,0.839094,0.845819,0.843947,0.847426,0.846324,0.845916,0.843718,0.8481,0.848637,0.845858,0.845177,0.844096,0.843544,0.839727,0.837003,0.832664,0.821426,0.817423,0.815583,0.81339,0.812529,0.817532,0.820374,0.817775,0.814324,0.813438,0.813359,0.812525,0.814219,0.815243,0.818501,0.820762,0.822081,0.821732,0.82316,0.822524,0.822495,0.814792,0.81804,0.820568,0.822006,0.823558,0.825426,0.826443,0.824911,0.825333,0.824588,0.82901,0.836541,0.837887,0.840717,0.83999,0.843476,0.843579,0.845389,0.846592,0.847242,0.847949,0.850086,0.852327,0.857337,0.860126,0.863498,0.861968,0.865979,0.868088,0.867599,0.863454,0.866491,0.868891,0.87366,0.88575,0.889632,0.890578,0.892937,0.894034,0.898075,0.893323,0.891798,0.890192,0.890772,0.894829,0.896232,0.89703,0.901973,0.912449,0.905209,0.9074,0.907486,0.907037,0.907088,0.905758,0.908195,0.90855,0.908773,0.912041,0.913327,0.91757,0.921698,0.920466,0.902575,0.907978,0.909821,0.911105,0.921065,0.929729,0.935228,0.940969,0.941889,0.943216,0.946205,0.950923,0.952565,0.95268,0.956662,0.953086,0.947368,0.940662,0.940038,0.933478,0.931203,0.930311,0.926286,0.925771,0.92923,0.925527,0.921206,0.915553,0.910431,0.905167,0.909151,0.914108,0.922288,0.926485,0.9278,0.92386,0.921235,0.922431,0.922638,0.919619,0.916493,0.911158,0.910888,0.908781,0.906223,0.902415,0.896878,0.891857,0.884071,0.87784,0.871322,0.863454,0.870318,0.864173,0.860252,0.855342,0.854336,0.850946,0.848487,0.847665,0.844362,0.840174,0.834707,0.833879,0.832319,0.831615,0.832692,0.821878,0.833571,0.82906,0.827158,0.822768,0.82108,0.819761,0.816321,0.81459,0.814314,0.816008,0.815141,0.815782,0.812591,0.80948,0.808768,0.799097,0.801597,0.801527,0.803256,0.803657,0.804124,0.807265,0.807397,0.813694,0.813579,0.813311,0.812665,0.814146,0.814347,0.814737,0.814879,0.814402,0.814539,0.819739,0.819716,0.820483,0.821329,0.822696,0.818589,0.818718,0.820109,0.822116,0.824475,0.827587,0.839868,0.842302,0.844494,0.845258,0.842222,0.840519,0.841958,0.843243,0.847544,0.851327,0.854391,0.85562,0.856325,0.856977,0.857879,0.846101,0.845767,0.849642,0.850644,0.861521,0.864142,0.865067,0.866866,0.866604,0.868941,0.871339,0.873421,0.876335,0.880793,0.883649,0.886085,0.888906,0.890509,0.893019,0.887516,0.889016,0.889298,0.888746,0.900542,0.902346,0.905379,0.905803,0.906253,0.913476,0.914914,0.92077,0.923022,0.925504,0.926799,0.92893,0.929047,0.928632,0.929542,0.92444,0.923796,0.923748,0.92547,0.927919,0.917235,0.917759,0.906033,0.916068,0.915247,0.918263,0.920178,0.92252,0.927482,0.930154,0.933789,0.93639,0.938186,0.940808,0.954588,0.955426,0.958245,0.960773,0.956443,0.952374,0.950594,0.94538,0.941957,0.938466,0.939883,0.935895,0.936465,0.932662,0.927482,0.915704,0.910088,0.902057,0.896386,0.895361,0.89598,0.894536,0.898652,0.899442,0.900028,0.89174,0.891427,0.881166,0.88015,0.884784,0.884216,0.888486,0.895731,0.899297,0.897392,0.898328,0.901324,0.897586,0.89634,0.895294,0.895637,0.894411,0.894352,0.892543,0.889024,0.889591,0.886892,0.887125,0.887687,0.885789,0.883819,0.882237,0.882376,0.881016,0.879554,0.877575,0.877338,0.876486,0.876067,0.874651,0.868101,0.870371,0.863956,0.861876,0.867503,0.866169,0.863401,0.862141,0.862252,0.86001,0.860118,0.857352,0.855707,0.85163,0.851238,0.854716,0.85134,0.851695,0.84849,0.836994,0.838769,0.839094,0.845819,0.843947,0.847426,0.846324,0.845916,0.843718,0.8481,0.848637,0.845858,0.845177,0.844096,0.843544,0.839727,0.837003,0.832664,0.821426,0.817423,0.815583,0.81339,0.812529,0.817532,0.820374,0.817775,0.814324,0.813438,0.813359,0.812525,0.814219
CRW,Nicaragua,0.881639,0.008794280000000002,0.875924,0.870334,0.868489,0.864038,0.860436,0.849652,0.840697,0.841882,0.833636,0.835399,0.827437,0.8249,0.821499,0.822583,0.81885,0.81698,0.819044,0.811927,0.804474,0.797936,0.800686,0.802965,0.806074,0.80725,0.803692,0.809377,0.811407,0.809922,0.808441,0.802912,0.803869,0.803292,0.800281,0.799672,0.798894,0.796355,0.791271,0.78841,0.78565,0.784167,0.77825,0.77607,0.77642,0.776803,0.776181,0.770045,0.7684,0.76834,0.769427,0.768885,0.767148,0.767694,0.76482,0.76128,0.758134,0.755475,0.750773,0.748418,0.745974,0.745403,0.742802,0.739321,0.742348,0.743406,0.743652,0.743072,0.741661,0.741928,0.741956,0.746255,0.753825,0.757947,0.759108,0.759748,0.761532,0.76568,0.770272,0.769048,0.767679,0.768139,0.77042,0.772624,0.774449,0.779288,0.777058,0.774674,0.773086,0.773132,0.773298,0.775174,0.777935,0.780013,0.784321,0.789155,0.797133,0.800481,0.803573,0.805721,0.804291,0.811499,0.815197,0.819748,0.825567,0.83334,0.839686,0.840994,0.843273,0.843348,0.843624,0.843298,0.842544,0.845181,0.848085,0.852965,0.850364,0.849203,0.849943,0.84884,0.845289,0.844258,0.847244,0.848538,0.850255,0.853951,0.852696,0.854943,0.856026,0.856049,0.859466,0.862439,0.864447,0.872055,0.877434,0.885273,0.888585,0.890294,0.898989,0.903656,0.906654,0.908995,0.914744,0.919066,0.928684,0.932177,0.939538,0.943741,0.941669,0.943336,0.944035,0.945287,0.946947,0.944484,0.947125,0.944305,0.948497,0.950929,0.954603,0.957974,0.958021,0.956864,0.965878,0.969595,0.970745,0.976043,0.979733,0.987522,0.992486,0.994979,1.01181,1.026419,1.042626,1.040188,1.030646,1.033658,1.03552,1.029415,1.027764,1.025823,1.017813,1.013297,1.009136,1.00707,1.005318,1.001395,0.998325,0.981267,0.975809,0.978257,0.978552,0.977694,0.974753,0.969225,0.968085,0.962111,0.958013,0.953316,0.947037,0.942464,0.942963,0.943286,0.93896,0.935651,0.932453,0.928406,0.930086,0.932836,0.930703,0.936074,0.937876,0.935994,0.940741,0.949751,0.965054,0.968885,0.981456,0.985032,0.992801,1.007264,1.015343,1.019326,1.021899,1.021231,1.016181,1.01306,1.010404,1.004048,0.988319,0.966339,0.95776,0.938929,0.933329,0.927555,0.913931,0.906582,0.902656,0.900917,0.900387,0.899665,0.896857,0.89678,0.897752,0.900405,0.900972,0.902474,0.897804,0.897449,0.890249,0.876326,0.877118,0.877687,0.876497,0.87881,0.881897,0.884393,0.883226,0.87956,0.874851,0.879337,0.879224,0.874506,0.871569,0.870309,0.869907,0.868683,0.86948,0.869838,0.869763,0.869359,0.867956,0.866405,0.863089,0.865616,0.859627,0.860225,0.864553,0.865853,0.863824,0.864884,0.863418,0.860068,0.861714,0.85982,0.85632,0.854415,0.853202,0.860603,0.853138,0.864322,0.864763,0.86216,0.863257,0.866474,0.870509,0.870959,0.87065,0.873872,0.878659,0.884295,0.888946,0.897798,0.903367,0.912601,0.904981,0.909764,0.912842,0.913674,0.91283,0.912514,0.916528,0.923649,0.920092,0.913784,0.913213,0.909876,0.898213,0.892152,0.883157,0.882656,0.880687,0.882597,0.887924,0.889645,0.88396,0.882341,0.880563,0.880355,0.891964,0.929976,0.935467,0.948435,0.949784,0.96548,0.97835,0.985566,0.990938,0.992006,1.000193,1.010006,1.015592,1.010726,1.008747,0.998065,0.959762,0.958037,0.952967,0.956392,0.951902,0.946037,0.936497,0.93393,0.929584,0.918084,0.910692,0.900526,0.899683,0.906771,0.911788,0.901735,0.903046,0.897315,0.893546,0.889244,0.885174,0.881639,0.879428,0.875924,0.870334,0.868489,0.864038,0.860436,0.849652,0.840697,0.841882,0.833636,0.835399,0.827437,0.8249,0.821499,0.822583,0.81885,0.81698,0.819044,0.811927,0.804474,0.797936,0.800686,0.802965,0.806074,0.80725,0.803692,0.809377,0.811407,0.809922,0.808441,0.802912,0.803869,0.803292,0.800281,0.799672,0.798894,0.796355,0.791271,0.78841,0.78565,0.784167,0.77825,0.77607,0.77642,0.776803,0.776181,0.770045,0.7684,0.76834,0.769427,0.768885,0.767148,0.767694,0.76482,0.76128,0.758134,0.755475,0.750773,0.748418,0.745974,0.745403,0.742802,0.739321,0.742348,0.743406,0.743652,0.743072,0.741661,0.741928,0.741956,0.746255,0.753825,0.757947,0.759108,0.759748,0.761532,0.76568,0.770272,0.769048,0.767679,0.768139,0.77042,0.772624,0.774449,0.779288,0.777058,0.774674,0.773086,0.773132,0.773298,0.775174,0.777935,0.780013,0.784321,0.789155,0.797133,0.800481,0.803573,0.805721,0.804291,0.811499,0.815197,0.819748,0.825567,0.83334,0.839686,0.840994,0.843273,0.843348,0.843624,0.843298,0.842544,0.845181,0.848085,0.852965,0.850364,0.849203,0.849943,0.84884,0.845289,0.844258,0.847244,0.848538,0.850255,0.853951,0.852696,0.854943,0.856026,0.856049,0.859466,0.862439,0.864447,0.872055,0.877434,0.885273,0.888585,0.890294,0.898989,0.903656,0.906654,0.908995,0.914744,0.919066,0.928684,0.932177,0.939538,0.943741,0.941669,0.943336,0.944035,0.945287,0.946947,0.944484,0.947125,0.944305,0.948497,0.950929,0.954603,0.957974,0.958021,0.956864,0.965878,0.969595,0.970745,0.976043,0.979733,0.987522,0.992486,0.994979,1.01181,1.026419,1.042626,1.040188,1.030646,1.033658,1.03552,1.029415,1.027764,1.025823,1.017813,1.013297,1.009136,1.00707,1.005318,1.001395,0.998325,0.981267,0.975809,0.978257,0.978552,0.977694,0.974753,0.969225,0.968085,0.962111,0.958013,0.953316,0.947037,0.942464,0.942963,0.943286,0.93896,0.935651,0.932453,0.928406,0.930086,0.932836,0.930703,0.936074,0.937876,0.935994,0.940741,0.949751,0.965054,0.968885,0.981456,0.985032,0.992801,1.007264,1.015343,1.019326,1.021899,1.021231,1.016181,1.01306,1.010404,1.004048,0.988319,0.966339,0.95776,0.938929,0.933329,0.927555,0.913931,0.906582,0.902656,0.900917,0.900387,0.899665,0.896857,0.89678,0.897752,0.900405,0.900972,0.902474,0.897804,0.897449,0.890249,0.876326,0.877118,0.877687,0.876497,0.87881,0.881897,0.884393,0.883226,0.87956,0.874851,0.879337,0.879224,0.874506,0.871569,0.870309,0.869907,0.868683,0.86948,0.869838,0.869763,0.869359,0.867956,0.866405,0.863089,0.865616,0.859627,0.860225,0.864553,0.865853,0.863824,0.864884,0.863418,0.860068,0.861714,0.85982,0.85632,0.854415,0.853202,0.860603,0.853138,0.864322,0.864763,0.86216,0.863257,0.866474,0.870509,0.870959,0.87065,0.873872,0.878659,0.884295,0.888946,0.897798,0.903367,0.912601,0.904981,0.909764,0.912842,0.913674,0.91283,0.912514,0.916528,0.923649,0.920092,0.913784,0.913213,0.909876,0.898213,0.892152,0.883157,0.882656,0.880687,0.882597,0.887924,0.889645,0.88396,0.882341,0.880563,0.880355,0.891964,0.929976,0.935467,0.948435,0.949784,0.96548,0.97835,0.985566,0.990938,0.992006,1.000193,1.010006,1.015592,1.010726,1.008747,0.998065,0.959762,0.958037,0.952967,0.956392,0.951902,0.946037,0.936497,0.93393,0.929584,0.918084,0.910692,0.900526,0.899683,0.906771,0.911788,0.901735,0.903046,0.897315,0.893546,0.889244,0.885174
CRW,Niger,0.71672,0.00712592,0.705238,0.692358,0.680194,0.673534,0.671017,0.670749,0.672506,0.670853,0.670032,0.670037,0.672856,0.672143,0.668294,0.668771,0.669437,0.669754,0.669638,0.667087,0.666495,0.668444,0.672876,0.674596,0.678576,0.677682,0.674955,0.671408,0.670358,0.669962,0.669404,0.668666,0.667707,0.667466,0.666011,0.66545,0.663323,0.660046,0.659366,0.660541,0.665224,0.672202,0.679575,0.686603,0.694332,0.701188,0.7075,0.71592,0.724256,0.732074,0.739883,0.748123,0.75856,0.768629,0.777881,0.783791,0.789626,0.790959,0.791896,0.794849,0.798755,0.804468,0.80814,0.814549,0.82286,0.832779,0.838183,0.839784,0.840397,0.842834,0.850439,0.859851,0.869904,0.872962,0.874582,0.875049,0.874004,0.87398,0.872796,0.871281,0.869704,0.867375,0.8642,0.862967,0.863404,0.863762,0.862608,0.860186,0.84906,0.840367,0.833731,0.828875,0.825437,0.82784,0.834457,0.843276,0.856092,0.868642,0.873606,0.871215,0.86763,0.867048,0.86491,0.863799,0.867905,0.872575,0.881175,0.888434,0.893133,0.898513,0.898454,0.889749,0.888184,0.892379,0.898499,0.907016,0.909906,0.908074,0.904557,0.897117,0.891112,0.889348,0.889396,0.884365,0.8773,0.877417,0.890071,0.894442,0.891575,0.88695,0.88039,0.874987,0.869934,0.863639,0.856921,0.851486,0.845545,0.83763,0.831559,0.827618,0.824004,0.815931,0.813247,0.817001,0.822059,0.825924,0.828517,0.830711,0.833747,0.839996,0.8392,0.836836,0.838004,0.848335,0.855363,0.861576,0.867141,0.869959,0.855403,0.845098,0.840305,0.832259,0.837256,0.834279,0.827287,0.829939,0.831432,0.829693,0.824241,0.816813,0.810078,0.801038,0.792879,0.799604,0.798473,0.799808,0.814429,0.810321,0.809991,0.811569,0.811421,0.814078,0.812854,0.812212,0.825526,0.829555,0.827986,0.825757,0.820723,0.815661,0.80195,0.788512,0.777565,0.771664,0.76315,0.758958,0.747883,0.741168,0.718828,0.709132,0.705787,0.704926,0.69427,0.692275,0.696573,0.699137,0.699221,0.698587,0.697824,0.693489,0.694751,0.705064,0.704405,0.700565,0.697829,0.695136,0.690764,0.695112,0.697474,0.692897,0.689187,0.687361,0.686542,0.690207,0.690866,0.687708,0.680369,0.674645,0.67631,0.689441,0.692011,0.689937,0.690185,0.723847,0.726565,0.724829,0.726103,0.722812,0.718074,0.715724,0.715947,0.711461,0.714252,0.711062,0.700177,0.696624,0.701897,0.702817,0.664825,0.661928,0.661561,0.661818,0.659443,0.660089,0.660164,0.660615,0.664747,0.668841,0.671393,0.671792,0.690018,0.694221,0.698427,0.702237,0.707522,0.710221,0.711022,0.719914,0.724798,0.729059,0.740637,0.743998,0.746875,0.756822,0.766194,0.754825,0.752606,0.751689,0.750065,0.755229,0.759185,0.764716,0.766391,0.769767,0.773945,0.772025,0.776744,0.781038,0.78342,0.784984,0.791743,0.80071,0.810543,0.821744,0.81676,0.817962,0.820248,0.824361,0.830353,0.839205,0.849408,0.854906,0.862655,0.867618,0.882919,0.888213,0.88794,0.890283,0.89475,0.901645,0.911144,0.919844,0.918043,0.911981,0.906686,0.899083,0.894499,0.884665,0.882311,0.85799,0.856661,0.855412,0.845286,0.839318,0.835945,0.817635,0.810286,0.809039,0.81263,0.814734,0.818288,0.814469,0.817335,0.818588,0.820598,0.810477,0.799124,0.79589,0.784869,0.782642,0.77755,0.772827,0.767221,0.761926,0.755761,0.760097,0.755601,0.74872,0.740935,0.751098,0.751296,0.751297,0.753985,0.766392,0.772133,0.776021,0.773756,0.771096,0.765313,0.762193,0.749915,0.746119,0.742076,0.736163,0.72068,0.71672,0.712592,0.705238,0.692358,0.680194,0.673534,0.671017,0.670749,0.672506,0.670853,0.670032,0.670037,0.672856,0.672143,0.668294,0.668771,0.669437,0.669754,0.669638,0.667087,0.666495,0.668444,0.672876,0.674596,0.678576,0.677682,0.674955,0.671408,0.670358,0.669962,0.669404,0.668666,0.667707,0.667466,0.666011,0.66545,0.663323,0.660046,0.659366,0.660541,0.665224,0.672202,0.679575,0.686603,0.694332,0.701188,0.7075,0.71592,0.724256,0.732074,0.739883,0.748123,0.75856,0.768629,0.777881,0.783791,0.789626,0.790959,0.791896,0.794849,0.798755,0.804468,0.80814,0.814549,0.82286,0.832779,0.838183,0.839784,0.840397,0.842834,0.850439,0.859851,0.869904,0.872962,0.874582,0.875049,0.874004,0.87398,0.872796,0.871281,0.869704,0.867375,0.8642,0.862967,0.863404,0.863762,0.862608,0.860186,0.84906,0.840367,0.833731,0.828875,0.825437,0.82784,0.834457,0.843276,0.856092,0.868642,0.873606,0.871215,0.86763,0.867048,0.86491,0.863799,0.867905,0.872575,0.881175,0.888434,0.893133,0.898513,0.898454,0.889749,0.888184,0.892379,0.898499,0.907016,0.909906,0.908074,0.904557,0.897117,0.891112,0.889348,0.889396,0.884365,0.8773,0.877417,0.890071,0.894442,0.891575,0.88695,0.88039,0.874987,0.869934,0.863639,0.856921,0.851486,0.845545,0.83763,0.831559,0.827618,0.824004,0.815931,0.813247,0.817001,0.822059,0.825924,0.828517,0.830711,0.833747,0.839996,0.8392,0.836836,0.838004,0.848335,0.855363,0.861576,0.867141,0.869959,0.855403,0.845098,0.840305,0.832259,0.837256,0.834279,0.827287,0.829939,0.831432,0.829693,0.824241,0.816813,0.810078,0.801038,0.792879,0.799604,0.798473,0.799808,0.814429,0.810321,0.809991,0.811569,0.811421,0.814078,0.812854,0.812212,0.825526,0.829555,0.827986,0.825757,0.820723,0.815661,0.80195,0.788512,0.777565,0.771664,0.76315,0.758958,0.747883,0.741168,0.718828,0.709132,0.705787,0.704926,0.69427,0.692275,0.696573,0.699137,0.699221,0.698587,0.697824,0.693489,0.694751,0.705064,0.704405,0.700565,0.697829,0.695136,0.690764,0.695112,0.697474,0.692897,0.689187,0.687361,0.686542,0.690207,0.690866,0.687708,0.680369,0.674645,0.67631,0.689441,0.692011,0.689937,0.690185,0.723847,0.726565,0.724829,0.726103,0.722812,0.718074,0.715724,0.715947,0.711461,0.714252,0.711062,0.700177,0.696624,0.701897,0.702817,0.664825,0.661928,0.661561,0.661818,0.659443,0.660089,0.660164,0.660615,0.664747,0.668841,0.671393,0.671792,0.690018,0.694221,0.698427,0.702237,0.707522,0.710221,0.711022,0.719914,0.724798,0.729059,0.740637,0.743998,0.746875,0.756822,0.766194,0.754825,0.752606,0.751689,0.750065,0.755229,0.759185,0.764716,0.766391,0.769767,0.773945,0.772025,0.776744,0.781038,0.78342,0.784984,0.791743,0.80071,0.810543,0.821744,0.81676,0.817962,0.820248,0.824361,0.830353,0.839205,0.849408,0.854906,0.862655,0.867618,0.882919,0.888213,0.88794,0.890283,0.89475,0.901645,0.911144,0.919844,0.918043,0.911981,0.906686,0.899083,0.894499,0.884665,0.882311,0.85799,0.856661,0.855412,0.845286,0.839318,0.835945,0.817635,0.810286,0.809039,0.81263,0.814734,0.818288,0.814469,0.817335,0.818588,0.820598,0.810477,0.799124,0.79589,0.784869,0.782642,0.77755,0.772827,0.767221,0.761926,0.755761,0.760097,0.755601,0.74872,0.740935,0.751098,0.751296,0.751297,0.753985,0.766392,0.772133,0.776021,0.773756,0.771096,0.765313,0.762193,0.749915,0.746119,0.742076,0.736163,0.72068
CRW,Nigeria,0.979336,0.00966584,0.960821,0.956927,0.950938,0.947343,0.949797,0.946033,0.940465,0.93498,0.929184,0.9237,0.920731,0.911961,0.905869,0.900077,0.8929,0.88363,0.874098,0.865321,0.852328,0.84139,0.833933,0.82817,0.825885,0.82056,0.813625,0.804637,0.798455,0.791357,0.788791,0.788441,0.785532,0.785527,0.784263,0.785288,0.783243,0.782311,0.779017,0.773916,0.771171,0.772724,0.772642,0.773757,0.773655,0.771343,0.769599,0.770011,0.766609,0.764306,0.761828,0.761461,0.763926,0.76535,0.767184,0.767998,0.766262,0.764801,0.764674,0.764964,0.766801,0.76654,0.767802,0.770223,0.770003,0.76994,0.770816,0.769778,0.768962,0.770766,0.77288,0.777923,0.786907,0.797838,0.806405,0.809623,0.810836,0.809214,0.809068,0.809988,0.810383,0.811415,0.808649,0.806473,0.801376,0.798246,0.795014,0.790212,0.782245,0.77506,0.772478,0.772199,0.774676,0.777184,0.780953,0.786036,0.789207,0.793626,0.797499,0.802431,0.808061,0.812108,0.814868,0.818705,0.822678,0.826893,0.831352,0.834089,0.835941,0.837195,0.839651,0.84043,0.845852,0.85435,0.862438,0.864474,0.866215,0.867151,0.867926,0.869653,0.869541,0.869514,0.869419,0.869972,0.869433,0.866502,0.869398,0.868652,0.864616,0.859016,0.857303,0.860368,0.86807,0.869797,0.870583,0.872662,0.876385,0.880348,0.882874,0.885901,0.886771,0.885941,0.88955,0.893174,0.898385,0.901426,0.900144,0.897994,0.899724,0.901626,0.90606,0.908842,0.911717,0.914637,0.926101,0.93421,0.942426,0.939512,0.937966,0.938479,0.938659,0.941535,0.930336,0.924947,0.918293,0.913264,0.908156,0.903297,0.896144,0.883077,0.877395,0.868742,0.866647,0.864801,0.867309,0.869124,0.86778,0.873097,0.87216,0.870135,0.866262,0.867368,0.863098,0.863687,0.863404,0.860694,0.857837,0.856412,0.85548,0.847312,0.842377,0.837644,0.83729,0.837457,0.841035,0.843175,0.836106,0.834899,0.831239,0.829641,0.828812,0.830077,0.82595,0.827114,0.826332,0.832575,0.832846,0.833125,0.828371,0.825023,0.826989,0.828718,0.828406,0.826131,0.823085,0.818814,0.812645,0.812787,0.809478,0.812862,0.811378,0.812559,0.818667,0.826943,0.828851,0.828026,0.831224,0.836449,0.84526,0.855301,0.865432,0.872237,0.876549,0.880767,0.881704,0.883994,0.88663,0.885596,0.882955,0.885799,0.888227,0.889518,0.889679,0.886991,0.881402,0.883179,0.889162,0.891749,0.895819,0.896811,0.892621,0.889224,0.886784,0.88701,0.889058,0.893906,0.904222,0.901352,0.904838,0.914816,0.921111,0.922261,0.926066,0.930924,0.931618,0.935564,0.941618,0.944787,0.948347,0.952207,0.96115,0.956446,0.962305,0.966466,0.963941,0.96067,0.959276,0.961702,0.961747,0.969082,0.978306,0.979264,0.986258,0.991118,0.998934,0.999061,1.001121,1.004489,1.005612,1.006736,1.011565,1.018996,1.019324,1.02435,1.024168,1.022969,1.026716,1.027161,1.031657,1.029545,1.027014,1.034403,1.039293,1.040882,1.045935,1.050846,1.053292,1.056078,1.054015,1.054033,1.059022,1.062893,1.064991,1.068549,1.07423,1.076158,1.069503,1.070755,1.072782,1.073695,1.073542,1.074528,1.0769,1.081403,1.089059,1.090305,1.089839,1.094653,1.093872,1.091949,1.095711,1.107363,1.109622,1.113926,1.110386,1.105223,1.102664,1.106084,1.101446,1.094726,1.088916,1.091005,1.085086,1.085783,1.082185,1.081662,1.074294,1.068281,1.065967,1.064456,1.06568,1.067338,1.059462,1.056316,1.055408,1.055472,1.045077,1.04058,1.033321,1.025974,1.015477,1.006781,1.000981,0.991834,0.988394,0.979336,0.966584,0.960821,0.956927,0.950938,0.947343,0.949797,0.946033,0.940465,0.93498,0.929184,0.9237,0.920731,0.911961,0.905869,0.900077,0.8929,0.88363,0.874098,0.865321,0.852328,0.84139,0.833933,0.82817,0.825885,0.82056,0.813625,0.804637,0.798455,0.791357,0.788791,0.788441,0.785532,0.785527,0.784263,0.785288,0.783243,0.782311,0.779017,0.773916,0.771171,0.772724,0.772642,0.773757,0.773655,0.771343,0.769599,0.770011,0.766609,0.764306,0.761828,0.761461,0.763926,0.76535,0.767184,0.767998,0.766262,0.764801,0.764674,0.764964,0.766801,0.76654,0.767802,0.770223,0.770003,0.76994,0.770816,0.769778,0.768962,0.770766,0.77288,0.777923,0.786907,0.797838,0.806405,0.809623,0.810836,0.809214,0.809068,0.809988,0.810383,0.811415,0.808649,0.806473,0.801376,0.798246,0.795014,0.790212,0.782245,0.77506,0.772478,0.772199,0.774676,0.777184,0.780953,0.786036,0.789207,0.793626,0.797499,0.802431,0.808061,0.812108,0.814868,0.818705,0.822678,0.826893,0.831352,0.834089,0.835941,0.837195,0.839651,0.84043,0.845852,0.85435,0.862438,0.864474,0.866215,0.867151,0.867926,0.869653,0.869541,0.869514,0.869419,0.869972,0.869433,0.866502,0.869398,0.868652,0.864616,0.859016,0.857303,0.860368,0.86807,0.869797,0.870583,0.872662,0.876385,0.880348,0.882874,0.885901,0.886771,0.885941,0.88955,0.893174,0.898385,0.901426,0.900144,0.897994,0.899724,0.901626,0.90606,0.908842,0.911717,0.914637,0.926101,0.93421,0.942426,0.939512,0.937966,0.938479,0.938659,0.941535,0.930336,0.924947,0.918293,0.913264,0.908156,0.903297,0.896144,0.883077,0.877395,0.868742,0.866647,0.864801,0.867309,0.869124,0.86778,0.873097,0.87216,0.870135,0.866262,0.867368,0.863098,0.863687,0.863404,0.860694,0.857837,0.856412,0.85548,0.847312,0.842377,0.837644,0.83729,0.837457,0.841035,0.843175,0.836106,0.834899,0.831239,0.829641,0.828812,0.830077,0.82595,0.827114,0.826332,0.832575,0.832846,0.833125,0.828371,0.825023,0.826989,0.828718,0.828406,0.826131,0.823085,0.818814,0.812645,0.812787,0.809478,0.812862,0.811378,0.812559,0.818667,0.826943,0.828851,0.828026,0.831224,0.836449,0.84526,0.855301,0.865432,0.872237,0.876549,0.880767,0.881704,0.883994,0.88663,0.885596,0.882955,0.885799,0.888227,0.889518,0.889679,0.886991,0.881402,0.883179,0.889162,0.891749,0.895819,0.896811,0.892621,0.889224,0.886784,0.88701,0.889058,0.893906,0.904222,0.901352,0.904838,0.914816,0.921111,0.922261,0.926066,0.930924,0.931618,0.935564,0.941618,0.944787,0.948347,0.952207,0.96115,0.956446,0.962305,0.966466,0.963941,0.96067,0.959276,0.961702,0.961747,0.969082,0.978306,0.979264,0.986258,0.991118,0.998934,0.999061,1.001121,1.004489,1.005612,1.006736,1.011565,1.018996,1.019324,1.02435,1.024168,1.022969,1.026716,1.027161,1.031657,1.029545,1.027014,1.034403,1.039293,1.040882,1.045935,1.050846,1.053292,1.056078,1.054015,1.054033,1.059022,1.062893,1.064991,1.068549,1.07423,1.076158,1.069503,1.070755,1.072782,1.073695,1.073542,1.074528,1.0769,1.081403,1.089059,1.090305,1.089839,1.094653,1.093872,1.091949,1.095711,1.107363,1.109622,1.113926,1.110386,1.105223,1.102664,1.106084,1.101446,1.094726,1.088916,1.091005,1.085086,1.085783,1.082185,1.081662,1.074294,1.068281,1.065967,1.064456,1.06568,1.067338,1.059462,1.056316,1.055408,1.055472,1.045077,1.04058,1.033321,1.025974,1.015477,1.006781,1.000981,0.991834,0.988394
CRW,NorthMacedonia,0.880542,0.00882616,0.884869,0.886907,0.880111,0.882889,0.886337,0.888434,0.890676,0.893284,0.89574,0.896266,0.898204,0.912894,0.911662,0.911912,0.92011,0.921772,0.919746,0.922935,0.9246,0.92567,0.933673,0.932714,0.93318,0.933656,0.934048,0.934565,0.934319,0.944006,0.946625,0.947125,0.948488,0.950938,0.950166,0.947449,0.945644,0.937709,0.939437,0.94315,0.946261,0.953341,0.962094,0.969223,0.957542,0.962999,0.970236,0.97309,0.974565,0.981657,0.990108,0.99382,0.991806,0.997063,0.997334,1.001255,1.000649,0.998534,0.99694,0.998296,0.994843,0.997292,0.994024,0.999468,0.997772,0.995412,0.996402,1.006194,1.009316,1.017451,1.017782,1.019284,1.018939,1.0108,1.001211,1.005221,0.995921,0.999331,1.001702,1.002937,1.002217,1.005067,1.005964,1.000233,0.99091,0.985894,0.983002,0.978023,0.977937,0.977194,0.976534,0.972813,0.971185,0.969662,0.96765,0.963709,0.95602,0.952536,0.951945,0.961838,0.960944,0.958899,0.955059,0.952037,0.94664,0.937482,0.948825,0.949973,0.94626,0.944608,0.945662,0.946768,0.940109,0.933727,0.925007,0.923325,0.923975,0.923337,0.920064,0.921171,0.92241,0.906129,0.900561,0.901206,0.897686,0.893948,0.890526,0.888392,0.895761,0.904683,0.90334,0.898602,0.894721,0.892588,0.901888,0.898767,0.893895,0.900968,0.901935,0.900669,0.901674,0.901729,0.901217,0.89656,0.890004,0.891191,0.892682,0.895932,0.898006,0.891882,0.890957,0.889086,0.877946,0.870932,0.876972,0.881662,0.881933,0.88294,0.88334,0.883288,0.878314,0.876537,0.875353,0.873825,0.876838,0.878467,0.879315,0.876721,0.871639,0.866452,0.863117,0.862384,0.861383,0.861838,0.862598,0.862266,0.860503,0.859094,0.858473,0.857187,0.857919,0.859162,0.862021,0.863379,0.86626,0.86661,0.866537,0.866226,0.865336,0.863656,0.86182,0.859213,0.861131,0.861292,0.859418,0.856342,0.858391,0.858528,0.85787,0.858516,0.856547,0.856081,0.859178,0.865662,0.871384,0.872375,0.872135,0.871656,0.871576,0.872594,0.871877,0.87035,0.870086,0.86991,0.867354,0.868662,0.869281,0.866725,0.86279,0.856456,0.857867,0.859121,0.860927,0.862674,0.862057,0.861569,0.863998,0.864932,0.865268,0.865869,0.86758,0.868621,0.866979,0.868071,0.868884,0.866293,0.862774,0.86208,0.85953,0.859961,0.862535,0.860948,0.859235,0.85831,0.857037,0.857235,0.857204,0.858867,0.856921,0.858131,0.859821,0.862441,0.862541,0.863126,0.862104,0.862209,0.862442,0.862969,0.863296,0.864368,0.860487,0.865848,0.866319,0.866624,0.865403,0.862199,0.859958,0.859667,0.861181,0.860586,0.862598,0.863314,0.863083,0.864708,0.865155,0.866092,0.859279,0.856498,0.857532,0.860594,0.864062,0.864949,0.86567,0.866904,0.867171,0.860802,0.858233,0.85757,0.855265,0.854102,0.854136,0.852845,0.849084,0.840688,0.83225,0.815888,0.804311,0.810335,0.814459,0.824965,0.82982,0.82642,0.81708,0.812663,0.815119,0.815151,0.822029,0.830907,0.839058,0.846617,0.850286,0.847947,0.84683,0.840157,0.831892,0.82888,0.830423,0.838157,0.843722,0.844961,0.850244,0.849921,0.846824,0.845421,0.846294,0.846823,0.848853,0.849673,0.849492,0.850116,0.848599,0.848739,0.851564,0.854332,0.855293,0.853398,0.854182,0.86608,0.864722,0.863525,0.861524,0.860307,0.858967,0.857862,0.855987,0.854994,0.860485,0.859306,0.855023,0.853811,0.852692,0.852786,0.847209,0.852133,0.858558,0.86217,0.863795,0.866957,0.871148,0.875481,0.880103,0.876104,0.874641,0.877785,0.879296,0.880542,0.882616,0.884869,0.886907,0.880111,0.882889,0.886337,0.888434,0.890676,0.893284,0.89574,0.896266,0.898204,0.912894,0.911662,0.911912,0.92011,0.921772,0.919746,0.922935,0.9246,0.92567,0.933673,0.932714,0.93318,0.933656,0.934048,0.934565,0.934319,0.944006,0.946625,0.947125,0.948488,0.950938,0.950166,0.947449,0.945644,0.937709,0.939437,0.94315,0.946261,0.953341,0.962094,0.969223,0.957542,0.962999,0.970236,0.97309,0.974565,0.981657,0.990108,0.99382,0.991806,0.997063,0.997334,1.001255,1.000649,0.998534,0.99694,0.998296,0.994843,0.997292,0.994024,0.999468,0.997772,0.995412,0.996402,1.006194,1.009316,1.017451,1.017782,1.019284,1.018939,1.0108,1.001211,1.005221,0.995921,0.999331,1.001702,1.002937,1.002217,1.005067,1.005964,1.000233,0.99091,0.985894,0.983002,0.978023,0.977937,0.977194,0.976534,0.972813,0.971185,0.969662,0.96765,0.963709,0.95602,0.952536,0.951945,0.961838,0.960944,0.958899,0.955059,0.952037,0.94664,0.937482,0.948825,0.949973,0.94626,0.944608,0.945662,0.946768,0.940109,0.933727,0.925007,0.923325,0.923975,0.923337,0.920064,0.921171,0.92241,0.906129,0.900561,0.901206,0.897686,0.893948,0.890526,0.888392,0.895761,0.904683,0.90334,0.898602,0.894721,0.892588,0.901888,0.898767,0.893895,0.900968,0.901935,0.900669,0.901674,0.901729,0.901217,0.89656,0.890004,0.891191,0.892682,0.895932,0.898006,0.891882,0.890957,0.889086,0.877946,0.870932,0.876972,0.881662,0.881933,0.88294,0.88334,0.883288,0.878314,0.876537,0.875353,0.873825,0.876838,0.878467,0.879315,0.876721,0.871639,0.866452,0.863117,0.862384,0.861383,0.861838,0.862598,0.862266,0.860503,0.859094,0.858473,0.857187,0.857919,0.859162,0.862021,0.863379,0.86626,0.86661,0.866537,0.866226,0.865336,0.863656,0.86182,0.859213,0.861131,0.861292,0.859418,0.856342,0.858391,0.858528,0.85787,0.858516,0.856547,0.856081,0.859178,0.865662,0.871384,0.872375,0.872135,0.871656,0.871576,0.872594,0.871877,0.87035,0.870086,0.86991,0.867354,0.868662,0.869281,0.866725,0.86279,0.856456,0.857867,0.859121,0.860927,0.862674,0.862057,0.861569,0.863998,0.864932,0.865268,0.865869,0.86758,0.868621,0.866979,0.868071,0.868884,0.866293,0.862774,0.86208,0.85953,0.859961,0.862535,0.860948,0.859235,0.85831,0.857037,0.857235,0.857204,0.858867,0.856921,0.858131,0.859821,0.862441,0.862541,0.863126,0.862104,0.862209,0.862442,0.862969,0.863296,0.864368,0.860487,0.865848,0.866319,0.866624,0.865403,0.862199,0.859958,0.859667,0.861181,0.860586,0.862598,0.863314,0.863083,0.864708,0.865155,0.866092,0.859279,0.856498,0.857532,0.860594,0.864062,0.864949,0.86567,0.866904,0.867171,0.860802,0.858233,0.85757,0.855265,0.854102,0.854136,0.852845,0.849084,0.840688,0.83225,0.815888,0.804311,0.810335,0.814459,0.824965,0.82982,0.82642,0.81708,0.812663,0.815119,0.815151,0.822029,0.830907,0.839058,0.846617,0.850286,0.847947,0.84683,0.840157,0.831892,0.82888,0.830423,0.838157,0.843722,0.844961,0.850244,0.849921,0.846824,0.845421,0.846294,0.846823,0.848853,0.849673,0.849492,0.850116,0.848599,0.848739,0.851564,0.854332,0.855293,0.853398,0.854182,0.86608,0.864722,0.863525,0.861524,0.860307,0.858967,0.857862,0.855987,0.854994,0.860485,0.859306,0.855023,0.853811,0.852692,0.852786,0.847209,0.852133,0.858558,0.86217,0.863795,0.866957,0.871148,0.875481,0.880103,0.876104,0.874641,0.877785,0.879296
CRW,Norway,1.003118,0.010031270000000002,1.007935,1.015,1.01861,1.022068,1.023499,1.029695,1.036007,1.037267,1.038497,1.041042,1.036832,1.028941,1.035448,1.041812,1.048052,1.051319,1.048905,1.052618,1.074526,1.087978,1.090217,1.085947,1.085516,1.095474,1.104832,1.114507,1.115097,1.113555,1.116301,1.116319,1.111902,1.108512,1.102132,1.093084,1.085819,1.088285,1.092659,1.09646,1.097892,1.105063,1.100234,1.113301,1.114366,1.098818,1.08876,1.088028,1.087826,1.09413,1.107325,1.112231,1.105615,1.107674,1.102338,1.095522,1.088842,1.085301,1.071814,1.068908,1.066044,1.062211,1.057588,1.054901,1.052428,1.049361,1.052823,1.061494,1.054901,1.052164,1.059647,1.063797,1.06519,1.065166,1.067122,1.074042,1.078708,1.079424,1.079033,1.075011,1.066476,1.060888,1.052318,1.051316,1.062655,1.058841,1.056941,1.059491,1.054293,1.057508,1.057834,1.058805,1.059398,1.058442,1.055906,1.05252,1.04674,1.044472,1.043806,1.038912,1.031115,1.024903,1.016588,1.014666,1.009748,1.006997,1.006034,1.005694,1.004862,1.010497,1.024573,1.019742,1.01448,1.01214,1.011671,1.014952,1.021555,1.035578,1.036219,1.031239,1.028777,1.031803,1.031968,1.029204,1.024688,1.016484,1.023599,1.031042,1.034543,1.031637,1.032724,1.03592,1.025422,1.026186,1.031393,1.02969,1.021869,1.018308,1.019731,1.017302,1.016127,1.009214,1.000929,1.000004,1.004278,1.003894,0.994301,0.996395,0.994156,0.986829,0.99152,0.994576,0.997698,0.99289,0.99624,0.99249,0.994675,0.998536,0.999498,0.998798,0.989408,0.988191,0.987602,0.987773,0.989539,0.983542,0.978815,0.971971,0.96632,0.962783,0.961578,0.962203,0.962887,0.96031,0.956299,0.955039,0.954481,0.951895,0.950557,0.946519,0.946043,0.943981,0.940893,0.936858,0.930524,0.927888,0.924271,0.922105,0.927156,0.926126,0.921454,0.923958,0.920614,0.920804,0.917487,0.916783,0.914791,0.917867,0.925856,0.930236,0.928159,0.929228,0.932545,0.934972,0.937618,0.938853,0.939482,0.934886,0.932428,0.927052,0.923859,0.919274,0.91276,0.906427,0.899958,0.898705,0.894855,0.887247,0.882474,0.880601,0.87918,0.879669,0.879867,0.879774,0.879335,0.879679,0.879181,0.881233,0.878337,0.875241,0.877081,0.879846,0.882753,0.886487,0.883831,0.881229,0.878041,0.874002,0.872716,0.872567,0.870066,0.867258,0.863139,0.865437,0.865184,0.862922,0.86744,0.866393,0.858635,0.855102,0.851553,0.848455,0.848221,0.847924,0.848374,0.850238,0.852097,0.852648,0.850881,0.850554,0.849186,0.841539,0.837354,0.836999,0.838417,0.846295,0.849957,0.852264,0.852029,0.850885,0.85349,0.85224,0.86296,0.863293,0.859684,0.858846,0.858451,0.858946,0.85799,0.85632,0.853329,0.86035,0.858978,0.858729,0.859028,0.858253,0.858114,0.844648,0.844426,0.84631,0.848325,0.848182,0.851522,0.854185,0.855122,0.856999,0.852599,0.854916,0.854939,0.861,0.861831,0.864134,0.868712,0.87264,0.879409,0.881461,0.885196,0.885772,0.889432,0.893311,0.896688,0.896704,0.898217,0.899586,0.894682,0.896617,0.8984,0.908765,0.909066,0.905826,0.909028,0.910991,0.913267,0.913212,0.915772,0.916112,0.920875,0.924823,0.928516,0.93231,0.936138,0.940993,0.93231,0.932245,0.936603,0.933572,0.933487,0.93356,0.927929,0.917424,0.963033,0.96167,0.958007,0.959459,0.957879,0.96094,0.963219,0.965165,0.968229,0.971997,0.976628,0.981365,0.982486,0.984471,0.984747,0.965153,0.971063,0.981439,0.989009,1.002284,1.002563,0.998363,1.002009,1.006522,1.005281,1.003118,1.003127,1.007935,1.015,1.01861,1.022068,1.023499,1.029695,1.036007,1.037267,1.038497,1.041042,1.036832,1.028941,1.035448,1.041812,1.048052,1.051319,1.048905,1.052618,1.074526,1.087978,1.090217,1.085947,1.085516,1.095474,1.104832,1.114507,1.115097,1.113555,1.116301,1.116319,1.111902,1.108512,1.102132,1.093084,1.085819,1.088285,1.092659,1.09646,1.097892,1.105063,1.100234,1.113301,1.114366,1.098818,1.08876,1.088028,1.087826,1.09413,1.107325,1.112231,1.105615,1.107674,1.102338,1.095522,1.088842,1.085301,1.071814,1.068908,1.066044,1.062211,1.057588,1.054901,1.052428,1.049361,1.052823,1.061494,1.054901,1.052164,1.059647,1.063797,1.06519,1.065166,1.067122,1.074042,1.078708,1.079424,1.079033,1.075011,1.066476,1.060888,1.052318,1.051316,1.062655,1.058841,1.056941,1.059491,1.054293,1.057508,1.057834,1.058805,1.059398,1.058442,1.055906,1.05252,1.04674,1.044472,1.043806,1.038912,1.031115,1.024903,1.016588,1.014666,1.009748,1.006997,1.006034,1.005694,1.004862,1.010497,1.024573,1.019742,1.01448,1.01214,1.011671,1.014952,1.021555,1.035578,1.036219,1.031239,1.028777,1.031803,1.031968,1.029204,1.024688,1.016484,1.023599,1.031042,1.034543,1.031637,1.032724,1.03592,1.025422,1.026186,1.031393,1.02969,1.021869,1.018308,1.019731,1.017302,1.016127,1.009214,1.000929,1.000004,1.004278,1.003894,0.994301,0.996395,0.994156,0.986829,0.99152,0.994576,0.997698,0.99289,0.99624,0.99249,0.994675,0.998536,0.999498,0.998798,0.989408,0.988191,0.987602,0.987773,0.989539,0.983542,0.978815,0.971971,0.96632,0.962783,0.961578,0.962203,0.962887,0.96031,0.956299,0.955039,0.954481,0.951895,0.950557,0.946519,0.946043,0.943981,0.940893,0.936858,0.930524,0.927888,0.924271,0.922105,0.927156,0.926126,0.921454,0.923958,0.920614,0.920804,0.917487,0.916783,0.914791,0.917867,0.925856,0.930236,0.928159,0.929228,0.932545,0.934972,0.937618,0.938853,0.939482,0.934886,0.932428,0.927052,0.923859,0.919274,0.91276,0.906427,0.899958,0.898705,0.894855,0.887247,0.882474,0.880601,0.87918,0.879669,0.879867,0.879774,0.879335,0.879679,0.879181,0.881233,0.878337,0.875241,0.877081,0.879846,0.882753,0.886487,0.883831,0.881229,0.878041,0.874002,0.872716,0.872567,0.870066,0.867258,0.863139,0.865437,0.865184,0.862922,0.86744,0.866393,0.858635,0.855102,0.851553,0.848455,0.848221,0.847924,0.848374,0.850238,0.852097,0.852648,0.850881,0.850554,0.849186,0.841539,0.837354,0.836999,0.838417,0.846295,0.849957,0.852264,0.852029,0.850885,0.85349,0.85224,0.86296,0.863293,0.859684,0.858846,0.858451,0.858946,0.85799,0.85632,0.853329,0.86035,0.858978,0.858729,0.859028,0.858253,0.858114,0.844648,0.844426,0.84631,0.848325,0.848182,0.851522,0.854185,0.855122,0.856999,0.852599,0.854916,0.854939,0.861,0.861831,0.864134,0.868712,0.87264,0.879409,0.881461,0.885196,0.885772,0.889432,0.893311,0.896688,0.896704,0.898217,0.899586,0.894682,0.896617,0.8984,0.908765,0.909066,0.905826,0.909028,0.910991,0.913267,0.913212,0.915772,0.916112,0.920875,0.924823,0.928516,0.93231,0.936138,0.940993,0.93231,0.932245,0.936603,0.933572,0.933487,0.93356,0.927929,0.917424,0.963033,0.96167,0.958007,0.959459,0.957879,0.96094,0.963219,0.965165,0.968229,0.971997,0.976628,0.981365,0.982486,0.984471,0.984747,0.965153,0.971063,0.981439,0.989009,1.002284,1.002563,0.998363,1.002009,1.006522,1.005281
CRW,Oman,0.717884,0.0071574099999999995,0.716569,0.718937,0.719184,0.720137,0.720531,0.721182,0.722476,0.727217,0.725919,0.727545,0.729322,0.732243,0.734541,0.73564,0.739946,0.742219,0.748151,0.755086,0.762622,0.769429,0.775198,0.779614,0.783286,0.79303,0.798478,0.803617,0.806907,0.809204,0.831784,0.843662,0.846654,0.846109,0.844035,0.843586,0.844331,0.844977,0.845535,0.845874,0.845597,0.84585,0.846121,0.847584,0.848444,0.834571,0.833047,0.851111,0.85208,0.853696,0.851723,0.850914,0.849846,0.850215,0.84896,0.849407,0.850131,0.850551,0.850451,0.855961,0.856403,0.857411,0.846747,0.846486,0.847742,0.851008,0.852352,0.85292,0.850839,0.850681,0.85014,0.847873,0.84824,0.849276,0.838981,0.837118,0.834704,0.835639,0.837276,0.837473,0.838454,0.857703,0.863467,0.862271,0.858783,0.863101,0.866919,0.867884,0.867095,0.865761,0.866094,0.867072,0.867548,0.866915,0.864114,0.861944,0.855492,0.853466,0.852917,0.854225,0.841838,0.83847,0.836628,0.835957,0.83521,0.836459,0.83654,0.833447,0.830127,0.831928,0.833211,0.824028,0.815356,0.816454,0.817621,0.817314,0.818233,0.818672,0.819588,0.820378,0.820297,0.821791,0.822817,0.822838,0.822534,0.82299,0.823764,0.825483,0.825879,0.826322,0.827346,0.826531,0.826441,0.826648,0.828375,0.830982,0.833008,0.836571,0.840311,0.840642,0.841595,0.84244,0.844474,0.844107,0.844572,0.845061,0.846323,0.847148,0.847914,0.848582,0.849268,0.850177,0.849993,0.85303,0.857245,0.858353,0.858531,0.858673,0.863281,0.867559,0.88207,0.886568,0.896767,0.905782,0.907683,0.91161,0.910121,0.908039,0.897702,0.882566,0.872991,0.870824,0.865722,0.858463,0.855012,0.840913,0.835,0.835331,0.837152,0.837285,0.836148,0.839835,0.840778,0.846743,0.850029,0.862457,0.872424,0.886225,0.896123,0.901215,0.896786,0.892511,0.885827,0.886057,0.882367,0.878219,0.874973,0.86674,0.847356,0.837376,0.82531,0.813364,0.803909,0.792904,0.787747,0.781396,0.77133,0.763651,0.771779,0.772037,0.785775,0.791262,0.792575,0.795048,0.793438,0.788026,0.785806,0.782038,0.782191,0.778601,0.773487,0.772298,0.76175,0.746321,0.73945,0.716448,0.706302,0.701959,0.694992,0.684098,0.67977,0.672305,0.666011,0.664041,0.663937,0.665441,0.669644,0.677099,0.681917,0.685805,0.68908,0.690707,0.694504,0.695963,0.701676,0.704024,0.708912,0.719668,0.719016,0.720662,0.71864,0.71699,0.713488,0.707878,0.705068,0.706376,0.708098,0.707583,0.710087,0.712184,0.722146,0.731898,0.731037,0.732711,0.734879,0.746702,0.747581,0.748258,0.752726,0.754345,0.754972,0.758749,0.762094,0.762649,0.765656,0.768841,0.770789,0.77226,0.783132,0.784266,0.782628,0.791006,0.798809,0.798789,0.797457,0.797645,0.793306,0.788272,0.789433,0.783786,0.781979,0.785781,0.786922,0.788536,0.793718,0.797378,0.798904,0.797789,0.802383,0.807235,0.8144,0.821084,0.829263,0.83102,0.834595,0.827327,0.830934,0.828999,0.8176,0.818913,0.817988,0.81517,0.814136,0.812096,0.810505,0.802826,0.793991,0.783552,0.778253,0.77776,0.782361,0.776631,0.778589,0.784156,0.780277,0.778275,0.777292,0.776734,0.775964,0.773672,0.774697,0.776053,0.779126,0.786412,0.785775,0.787148,0.782598,0.782451,0.779737,0.778339,0.77326,0.774236,0.768195,0.764898,0.760749,0.752296,0.746554,0.741015,0.738109,0.736329,0.731955,0.734518,0.731596,0.72297,0.718973,0.717813,0.713743,0.71593,0.716507,0.718803,0.722276,0.723859,0.724926,0.719188,0.717611,0.717884,0.715741,0.716569,0.718937,0.719184,0.720137,0.720531,0.721182,0.722476,0.727217,0.725919,0.727545,0.729322,0.732243,0.734541,0.73564,0.739946,0.742219,0.748151,0.755086,0.762622,0.769429,0.775198,0.779614,0.783286,0.79303,0.798478,0.803617,0.806907,0.809204,0.831784,0.843662,0.846654,0.846109,0.844035,0.843586,0.844331,0.844977,0.845535,0.845874,0.845597,0.84585,0.846121,0.847584,0.848444,0.834571,0.833047,0.851111,0.85208,0.853696,0.851723,0.850914,0.849846,0.850215,0.84896,0.849407,0.850131,0.850551,0.850451,0.855961,0.856403,0.857411,0.846747,0.846486,0.847742,0.851008,0.852352,0.85292,0.850839,0.850681,0.85014,0.847873,0.84824,0.849276,0.838981,0.837118,0.834704,0.835639,0.837276,0.837473,0.838454,0.857703,0.863467,0.862271,0.858783,0.863101,0.866919,0.867884,0.867095,0.865761,0.866094,0.867072,0.867548,0.866915,0.864114,0.861944,0.855492,0.853466,0.852917,0.854225,0.841838,0.83847,0.836628,0.835957,0.83521,0.836459,0.83654,0.833447,0.830127,0.831928,0.833211,0.824028,0.815356,0.816454,0.817621,0.817314,0.818233,0.818672,0.819588,0.820378,0.820297,0.821791,0.822817,0.822838,0.822534,0.82299,0.823764,0.825483,0.825879,0.826322,0.827346,0.826531,0.826441,0.826648,0.828375,0.830982,0.833008,0.836571,0.840311,0.840642,0.841595,0.84244,0.844474,0.844107,0.844572,0.845061,0.846323,0.847148,0.847914,0.848582,0.849268,0.850177,0.849993,0.85303,0.857245,0.858353,0.858531,0.858673,0.863281,0.867559,0.88207,0.886568,0.896767,0.905782,0.907683,0.91161,0.910121,0.908039,0.897702,0.882566,0.872991,0.870824,0.865722,0.858463,0.855012,0.840913,0.835,0.835331,0.837152,0.837285,0.836148,0.839835,0.840778,0.846743,0.850029,0.862457,0.872424,0.886225,0.896123,0.901215,0.896786,0.892511,0.885827,0.886057,0.882367,0.878219,0.874973,0.86674,0.847356,0.837376,0.82531,0.813364,0.803909,0.792904,0.787747,0.781396,0.77133,0.763651,0.771779,0.772037,0.785775,0.791262,0.792575,0.795048,0.793438,0.788026,0.785806,0.782038,0.782191,0.778601,0.773487,0.772298,0.76175,0.746321,0.73945,0.716448,0.706302,0.701959,0.694992,0.684098,0.67977,0.672305,0.666011,0.664041,0.663937,0.665441,0.669644,0.677099,0.681917,0.685805,0.68908,0.690707,0.694504,0.695963,0.701676,0.704024,0.708912,0.719668,0.719016,0.720662,0.71864,0.71699,0.713488,0.707878,0.705068,0.706376,0.708098,0.707583,0.710087,0.712184,0.722146,0.731898,0.731037,0.732711,0.734879,0.746702,0.747581,0.748258,0.752726,0.754345,0.754972,0.758749,0.762094,0.762649,0.765656,0.768841,0.770789,0.77226,0.783132,0.784266,0.782628,0.791006,0.798809,0.798789,0.797457,0.797645,0.793306,0.788272,0.789433,0.783786,0.781979,0.785781,0.786922,0.788536,0.793718,0.797378,0.798904,0.797789,0.802383,0.807235,0.8144,0.821084,0.829263,0.83102,0.834595,0.827327,0.830934,0.828999,0.8176,0.818913,0.817988,0.81517,0.814136,0.812096,0.810505,0.802826,0.793991,0.783552,0.778253,0.77776,0.782361,0.776631,0.778589,0.784156,0.780277,0.778275,0.777292,0.776734,0.775964,0.773672,0.774697,0.776053,0.779126,0.786412,0.785775,0.787148,0.782598,0.782451,0.779737,0.778339,0.77326,0.774236,0.768195,0.764898,0.760749,0.752296,0.746554,0.741015,0.738109,0.736329,0.731955,0.734518,0.731596,0.72297,0.718973,0.717813,0.713743,0.71593,0.716507,0.718803,0.722276,0.723859,0.724926,0.719188,0.717611
CRW,Pakistan,0.692446,0.006922899999999999,0.694455,0.698407,0.701282,0.704038,0.707987,0.713239,0.719227,0.723213,0.72796,0.730484,0.732992,0.734529,0.740942,0.748735,0.767883,0.781284,0.794783,0.804819,0.816246,0.828617,0.839056,0.851549,0.866615,0.87822,0.881758,0.88329,0.885582,0.888132,0.889645,0.884579,0.885162,0.885572,0.887261,0.888439,0.889819,0.889479,0.887932,0.887816,0.890526,0.893201,0.896527,0.900517,0.903719,0.906912,0.909902,0.913318,0.917244,0.919765,0.92112,0.932107,0.935359,0.938386,0.940855,0.942796,0.945601,0.947432,0.946081,0.94606,0.945856,0.946109,0.947001,0.947685,0.949494,0.953305,0.946295,0.946219,0.946498,0.947674,0.948441,0.94992,0.952414,0.954044,0.952043,0.95104,0.956209,0.957057,0.953439,0.950671,0.947152,0.945457,0.943825,0.946901,0.94362,0.940947,0.937858,0.933243,0.932587,0.934045,0.933618,0.92965,0.927264,0.927188,0.92571,0.923412,0.918439,0.915657,0.916548,0.916562,0.913178,0.909583,0.907482,0.904487,0.902262,0.902617,0.903598,0.90082,0.898925,0.897778,0.897714,0.89771,0.897745,0.885337,0.879847,0.880412,0.881069,0.881788,0.8809,0.879174,0.878746,0.881084,0.882517,0.881943,0.880745,0.878305,0.875888,0.871811,0.869548,0.872811,0.876871,0.874179,0.870404,0.868326,0.867903,0.87126,0.871606,0.870352,0.87176,0.871254,0.872064,0.876315,0.88053,0.882451,0.883332,0.883132,0.885531,0.887429,0.887551,0.886563,0.882844,0.880714,0.879567,0.877505,0.879709,0.879292,0.876851,0.878728,0.877881,0.875851,0.874658,0.87578,0.876886,0.879846,0.88312,0.873651,0.860551,0.847284,0.835807,0.821838,0.810494,0.797562,0.774657,0.764089,0.759264,0.750632,0.741983,0.753301,0.766233,0.776157,0.782315,0.786114,0.791032,0.793874,0.795243,0.798303,0.800434,0.797745,0.79235,0.787474,0.784162,0.778445,0.762147,0.743349,0.733636,0.72713,0.723453,0.720859,0.716779,0.712575,0.70792,0.707154,0.706336,0.710281,0.710993,0.711446,0.715127,0.718762,0.718678,0.718597,0.719591,0.716068,0.711391,0.713859,0.716984,0.716978,0.712611,0.707475,0.69949,0.694052,0.686164,0.67448,0.661963,0.652696,0.646423,0.640419,0.63728,0.630129,0.616695,0.605391,0.598815,0.594724,0.593715,0.592646,0.590996,0.591223,0.594305,0.602306,0.605791,0.609736,0.613318,0.61785,0.626151,0.632297,0.636103,0.648631,0.653379,0.65425,0.654472,0.658926,0.659057,0.655934,0.64871,0.644259,0.637517,0.628359,0.620903,0.617998,0.615571,0.612192,0.602064,0.603074,0.602652,0.607105,0.611006,0.625136,0.638726,0.653191,0.663623,0.673848,0.686091,0.6941,0.696315,0.700326,0.706224,0.709202,0.713843,0.724564,0.730265,0.738199,0.737875,0.737303,0.733521,0.738603,0.742543,0.742333,0.74336,0.74449,0.744017,0.749465,0.754079,0.757594,0.761569,0.766544,0.760988,0.755211,0.749612,0.74793,0.741291,0.743298,0.743622,0.744661,0.746361,0.747381,0.743373,0.741576,0.734015,0.72357,0.711707,0.708479,0.708368,0.710607,0.711763,0.70971,0.69786,0.696654,0.693241,0.690115,0.688428,0.685151,0.683218,0.684433,0.683668,0.680548,0.677817,0.673214,0.669112,0.664681,0.666046,0.665447,0.658233,0.656912,0.657953,0.661348,0.661902,0.662243,0.660986,0.661559,0.664887,0.668435,0.67056,0.674692,0.678843,0.681329,0.686388,0.692302,0.695698,0.699153,0.699488,0.707121,0.712803,0.71478,0.717381,0.715983,0.715699,0.71823,0.716117,0.712249,0.70736,0.703085,0.699746,0.699945,0.699907,0.701262,0.6951,0.692446,0.69229,0.694455,0.698407,0.701282,0.704038,0.707987,0.713239,0.719227,0.723213,0.72796,0.730484,0.732992,0.734529,0.740942,0.748735,0.767883,0.781284,0.794783,0.804819,0.816246,0.828617,0.839056,0.851549,0.866615,0.87822,0.881758,0.88329,0.885582,0.888132,0.889645,0.884579,0.885162,0.885572,0.887261,0.888439,0.889819,0.889479,0.887932,0.887816,0.890526,0.893201,0.896527,0.900517,0.903719,0.906912,0.909902,0.913318,0.917244,0.919765,0.92112,0.932107,0.935359,0.938386,0.940855,0.942796,0.945601,0.947432,0.946081,0.94606,0.945856,0.946109,0.947001,0.947685,0.949494,0.953305,0.946295,0.946219,0.946498,0.947674,0.948441,0.94992,0.952414,0.954044,0.952043,0.95104,0.956209,0.957057,0.953439,0.950671,0.947152,0.945457,0.943825,0.946901,0.94362,0.940947,0.937858,0.933243,0.932587,0.934045,0.933618,0.92965,0.927264,0.927188,0.92571,0.923412,0.918439,0.915657,0.916548,0.916562,0.913178,0.909583,0.907482,0.904487,0.902262,0.902617,0.903598,0.90082,0.898925,0.897778,0.897714,0.89771,0.897745,0.885337,0.879847,0.880412,0.881069,0.881788,0.8809,0.879174,0.878746,0.881084,0.882517,0.881943,0.880745,0.878305,0.875888,0.871811,0.869548,0.872811,0.876871,0.874179,0.870404,0.868326,0.867903,0.87126,0.871606,0.870352,0.87176,0.871254,0.872064,0.876315,0.88053,0.882451,0.883332,0.883132,0.885531,0.887429,0.887551,0.886563,0.882844,0.880714,0.879567,0.877505,0.879709,0.879292,0.876851,0.878728,0.877881,0.875851,0.874658,0.87578,0.876886,0.879846,0.88312,0.873651,0.860551,0.847284,0.835807,0.821838,0.810494,0.797562,0.774657,0.764089,0.759264,0.750632,0.741983,0.753301,0.766233,0.776157,0.782315,0.786114,0.791032,0.793874,0.795243,0.798303,0.800434,0.797745,0.79235,0.787474,0.784162,0.778445,0.762147,0.743349,0.733636,0.72713,0.723453,0.720859,0.716779,0.712575,0.70792,0.707154,0.706336,0.710281,0.710993,0.711446,0.715127,0.718762,0.718678,0.718597,0.719591,0.716068,0.711391,0.713859,0.716984,0.716978,0.712611,0.707475,0.69949,0.694052,0.686164,0.67448,0.661963,0.652696,0.646423,0.640419,0.63728,0.630129,0.616695,0.605391,0.598815,0.594724,0.593715,0.592646,0.590996,0.591223,0.594305,0.602306,0.605791,0.609736,0.613318,0.61785,0.626151,0.632297,0.636103,0.648631,0.653379,0.65425,0.654472,0.658926,0.659057,0.655934,0.64871,0.644259,0.637517,0.628359,0.620903,0.617998,0.615571,0.612192,0.602064,0.603074,0.602652,0.607105,0.611006,0.625136,0.638726,0.653191,0.663623,0.673848,0.686091,0.6941,0.696315,0.700326,0.706224,0.709202,0.713843,0.724564,0.730265,0.738199,0.737875,0.737303,0.733521,0.738603,0.742543,0.742333,0.74336,0.74449,0.744017,0.749465,0.754079,0.757594,0.761569,0.766544,0.760988,0.755211,0.749612,0.74793,0.741291,0.743298,0.743622,0.744661,0.746361,0.747381,0.743373,0.741576,0.734015,0.72357,0.711707,0.708479,0.708368,0.710607,0.711763,0.70971,0.69786,0.696654,0.693241,0.690115,0.688428,0.685151,0.683218,0.684433,0.683668,0.680548,0.677817,0.673214,0.669112,0.664681,0.666046,0.665447,0.658233,0.656912,0.657953,0.661348,0.661902,0.662243,0.660986,0.661559,0.664887,0.668435,0.67056,0.674692,0.678843,0.681329,0.686388,0.692302,0.695698,0.699153,0.699488,0.707121,0.712803,0.71478,0.717381,0.715983,0.715699,0.71823,0.716117,0.712249,0.70736,0.703085,0.699746,0.699945,0.699907,0.701262,0.6951
CRW,Palestine,0.802481,0.00806694,0.806704,0.812571,0.819395,0.822643,0.825745,0.827486,0.826863,0.829343,0.82976,0.831122,0.83246,0.835347,0.839479,0.842767,0.84287,0.844538,0.839717,0.836934,0.836074,0.835864,0.835889,0.837138,0.8392,0.843306,0.848707,0.853374,0.855509,0.85843,0.859009,0.86335,0.866476,0.871756,0.87216,0.873059,0.875219,0.875929,0.877754,0.880761,0.88106,0.887541,0.88423,0.882262,0.885373,0.889229,0.890144,0.899,0.906333,0.908855,0.91041,0.916055,0.91892,0.919997,0.926233,0.933023,0.93412,0.938977,0.942566,0.94314,0.9429,0.942971,0.939806,0.932128,0.937148,0.952045,0.955086,0.961658,0.961054,0.957318,0.955159,0.955904,0.958746,0.959884,0.966387,0.97179,0.973297,0.971686,0.976904,0.980342,0.983614,0.98533,0.984134,0.984014,0.983715,0.983793,0.978995,0.973695,0.975765,0.976956,0.977984,0.98408,0.989943,0.989886,0.98859,0.983403,0.982965,0.980493,0.980045,0.980923,0.980029,0.984195,0.987032,0.982006,0.972924,0.96437,0.951985,0.938759,0.935913,0.935509,0.934978,0.934587,0.934345,0.935843,0.932546,0.93114,0.924063,0.921189,0.917363,0.91292,0.917999,0.920036,0.919204,0.916915,0.905211,0.901362,0.90038,0.896647,0.890702,0.886078,0.887511,0.891407,0.890844,0.891789,0.891977,0.8845,0.884393,0.880467,0.878747,0.878987,0.876972,0.876787,0.883101,0.893405,0.896589,0.892929,0.888782,0.891936,0.895889,0.900014,0.906242,0.910567,0.914972,0.913618,0.911234,0.909907,0.906253,0.90114,0.894445,0.8916,0.892512,0.893454,0.894047,0.892798,0.890929,0.880865,0.872598,0.871019,0.872254,0.873438,0.875872,0.87946,0.88258,0.886383,0.88777,0.892188,0.897203,0.88848,0.887851,0.887594,0.893353,0.896045,0.896287,0.899174,0.906781,0.913283,0.916702,0.921457,0.922012,0.924576,0.923346,0.923261,0.927787,0.931213,0.93262,0.93447,0.935378,0.935516,0.934805,0.929462,0.927521,0.926558,0.926874,0.931408,0.93114,0.931537,0.929291,0.924032,0.925199,0.925648,0.921093,0.916064,0.920321,0.92298,0.932091,0.933283,0.934124,0.935255,0.93518,0.933583,0.930874,0.927187,0.926674,0.927987,0.921492,0.925318,0.934783,0.935163,0.95646,0.956731,0.953374,0.947646,0.931574,0.925712,0.926447,0.92517,0.926018,0.915899,0.909245,0.908416,0.904355,0.898297,0.904047,0.899065,0.904604,0.908101,0.913002,0.912069,0.914421,0.918219,0.920544,0.922884,0.926199,0.921409,0.919635,0.918229,0.917485,0.913178,0.907547,0.902983,0.894973,0.89243,0.888583,0.879493,0.875112,0.873299,0.8705,0.867401,0.865171,0.858153,0.853748,0.854899,0.850071,0.850134,0.842779,0.846442,0.850824,0.85693,0.859177,0.858583,0.857261,0.859566,0.861718,0.863752,0.866403,0.863224,0.857541,0.85112,0.847439,0.848074,0.847315,0.846167,0.848796,0.847949,0.843222,0.841748,0.838864,0.834109,0.833099,0.830242,0.829828,0.829553,0.834318,0.833304,0.833349,0.827303,0.819116,0.81379,0.810433,0.805664,0.800491,0.79758,0.794771,0.792271,0.788209,0.789701,0.791054,0.788021,0.785279,0.781985,0.782207,0.781328,0.779027,0.778219,0.781012,0.783547,0.783275,0.787588,0.792176,0.797274,0.791554,0.789749,0.788808,0.79166,0.790982,0.794129,0.795914,0.798011,0.798508,0.80018,0.798191,0.79842,0.794284,0.79247,0.791686,0.796424,0.795638,0.801653,0.802589,0.801018,0.798365,0.800657,0.801493,0.802298,0.800889,0.799986,0.800906,0.802884,0.803127,0.79878,0.795446,0.794583,0.792215,0.798246,0.800222,0.802481,0.806694,0.806704,0.812571,0.819395,0.822643,0.825745,0.827486,0.826863,0.829343,0.82976,0.831122,0.83246,0.835347,0.839479,0.842767,0.84287,0.844538,0.839717,0.836934,0.836074,0.835864,0.835889,0.837138,0.8392,0.843306,0.848707,0.853374,0.855509,0.85843,0.859009,0.86335,0.866476,0.871756,0.87216,0.873059,0.875219,0.875929,0.877754,0.880761,0.88106,0.887541,0.88423,0.882262,0.885373,0.889229,0.890144,0.899,0.906333,0.908855,0.91041,0.916055,0.91892,0.919997,0.926233,0.933023,0.93412,0.938977,0.942566,0.94314,0.9429,0.942971,0.939806,0.932128,0.937148,0.952045,0.955086,0.961658,0.961054,0.957318,0.955159,0.955904,0.958746,0.959884,0.966387,0.97179,0.973297,0.971686,0.976904,0.980342,0.983614,0.98533,0.984134,0.984014,0.983715,0.983793,0.978995,0.973695,0.975765,0.976956,0.977984,0.98408,0.989943,0.989886,0.98859,0.983403,0.982965,0.980493,0.980045,0.980923,0.980029,0.984195,0.987032,0.982006,0.972924,0.96437,0.951985,0.938759,0.935913,0.935509,0.934978,0.934587,0.934345,0.935843,0.932546,0.93114,0.924063,0.921189,0.917363,0.91292,0.917999,0.920036,0.919204,0.916915,0.905211,0.901362,0.90038,0.896647,0.890702,0.886078,0.887511,0.891407,0.890844,0.891789,0.891977,0.8845,0.884393,0.880467,0.878747,0.878987,0.876972,0.876787,0.883101,0.893405,0.896589,0.892929,0.888782,0.891936,0.895889,0.900014,0.906242,0.910567,0.914972,0.913618,0.911234,0.909907,0.906253,0.90114,0.894445,0.8916,0.892512,0.893454,0.894047,0.892798,0.890929,0.880865,0.872598,0.871019,0.872254,0.873438,0.875872,0.87946,0.88258,0.886383,0.88777,0.892188,0.897203,0.88848,0.887851,0.887594,0.893353,0.896045,0.896287,0.899174,0.906781,0.913283,0.916702,0.921457,0.922012,0.924576,0.923346,0.923261,0.927787,0.931213,0.93262,0.93447,0.935378,0.935516,0.934805,0.929462,0.927521,0.926558,0.926874,0.931408,0.93114,0.931537,0.929291,0.924032,0.925199,0.925648,0.921093,0.916064,0.920321,0.92298,0.932091,0.933283,0.934124,0.935255,0.93518,0.933583,0.930874,0.927187,0.926674,0.927987,0.921492,0.925318,0.934783,0.935163,0.95646,0.956731,0.953374,0.947646,0.931574,0.925712,0.926447,0.92517,0.926018,0.915899,0.909245,0.908416,0.904355,0.898297,0.904047,0.899065,0.904604,0.908101,0.913002,0.912069,0.914421,0.918219,0.920544,0.922884,0.926199,0.921409,0.919635,0.918229,0.917485,0.913178,0.907547,0.902983,0.894973,0.89243,0.888583,0.879493,0.875112,0.873299,0.8705,0.867401,0.865171,0.858153,0.853748,0.854899,0.850071,0.850134,0.842779,0.846442,0.850824,0.85693,0.859177,0.858583,0.857261,0.859566,0.861718,0.863752,0.866403,0.863224,0.857541,0.85112,0.847439,0.848074,0.847315,0.846167,0.848796,0.847949,0.843222,0.841748,0.838864,0.834109,0.833099,0.830242,0.829828,0.829553,0.834318,0.833304,0.833349,0.827303,0.819116,0.81379,0.810433,0.805664,0.800491,0.79758,0.794771,0.792271,0.788209,0.789701,0.791054,0.788021,0.785279,0.781985,0.782207,0.781328,0.779027,0.778219,0.781012,0.783547,0.783275,0.787588,0.792176,0.797274,0.791554,0.789749,0.788808,0.79166,0.790982,0.794129,0.795914,0.798011,0.798508,0.80018,0.798191,0.79842,0.794284,0.79247,0.791686,0.796424,0.795638,0.801653,0.802589,0.801018,0.798365,0.800657,0.801493,0.802298,0.800889,0.799986,0.800906,0.802884,0.803127,0.79878,0.795446,0.794583,0.792215,0.798246,0.800222
CRW,Panama,0.998372,0.009953040000000002,0.996251,0.989337,0.986749,0.986151,0.982618,0.9756,0.977448,0.972024,0.969628,0.958542,0.955194,0.9452,0.936205,0.930523,0.927282,0.92256,0.920629,0.920655,0.917286,0.919834,0.919908,0.919871,0.921798,0.923397,0.921607,0.918475,0.918227,0.917198,0.914026,0.913296,0.910487,0.908042,0.903883,0.900092,0.889431,0.881859,0.878068,0.87073,0.866216,0.860608,0.858183,0.858303,0.861713,0.865391,0.866413,0.863748,0.861146,0.856937,0.855438,0.859113,0.858697,0.857083,0.85888,0.861114,0.865688,0.86761,0.872442,0.871466,0.869999,0.868387,0.873259,0.876578,0.879257,0.876784,0.876069,0.877982,0.876065,0.873632,0.87526,0.874886,0.874812,0.869524,0.866229,0.862811,0.861353,0.852817,0.847113,0.842036,0.842224,0.836627,0.826361,0.824251,0.822531,0.817098,0.807097,0.794857,0.792536,0.792243,0.79602,0.796879,0.805045,0.82723,0.832467,0.84026,0.850566,0.863359,0.868787,0.875784,0.879842,0.885384,0.894588,0.902916,0.911192,0.914273,0.919749,0.917597,0.897024,0.89983,0.898234,0.896939,0.88757,0.886128,0.883192,0.880018,0.879431,0.876884,0.877909,0.87712,0.879758,0.880993,0.884725,0.892519,0.896971,0.902527,0.910731,0.916475,0.921012,0.931823,0.942182,0.947135,0.955111,0.959734,0.965057,0.969508,0.970819,0.974604,0.9781,0.983494,0.984863,0.983799,0.984176,0.990855,0.992387,0.990391,0.99564,0.993595,0.997159,0.999552,0.998914,0.997922,0.995433,0.990998,0.991585,0.993796,0.994205,0.996843,0.993137,0.990009,0.992074,0.993736,0.997153,0.998876,0.998237,0.999414,1.009756,1.015589,1.019668,1.017439,1.014589,1.016002,1.017041,1.023601,1.026629,1.034817,1.037135,1.032061,1.023775,1.020892,1.015057,1.017476,1.024887,1.02346,1.018414,1.016728,1.010023,1.00623,1.004202,1.006641,1.009306,1.014985,1.019458,1.019918,1.021194,1.023179,1.024789,1.020941,1.029445,1.028952,1.033874,1.029932,1.022535,1.014943,1.008569,1.008241,0.997033,0.990721,0.981079,0.976781,0.970268,0.964203,0.949303,0.940804,0.934397,0.929371,0.9273,0.922867,0.915725,0.911539,0.90043,0.90076,0.901022,0.897886,0.893828,0.889752,0.891636,0.893572,0.894773,0.898204,0.889891,0.891215,0.895936,0.898594,0.901479,0.898179,0.894307,0.887466,0.883199,0.881996,0.880039,0.877206,0.877509,0.876633,0.873914,0.879796,0.880288,0.880414,0.881211,0.881366,0.884833,0.888463,0.893018,0.900909,0.903355,0.905733,0.910426,0.9114,0.913577,0.917841,0.92498,0.930244,0.935534,0.939041,0.941863,0.944889,0.953487,0.956898,0.950777,0.949501,0.952584,0.95076,0.948851,0.95134,0.964747,0.967046,0.964975,0.962445,0.963275,0.961712,0.962295,0.956281,0.959508,0.971036,0.98102,0.985155,0.994216,1.003156,1.010563,0.997467,0.996211,0.997885,0.999956,1.000395,1.00731,1.011845,1.019247,1.027549,1.031573,1.032901,1.038838,1.034763,1.035563,1.027363,1.027201,1.024724,1.029818,1.031537,1.033246,1.030145,1.02269,1.02326,1.017024,1.01349,1.012714,1.010991,1.011034,1.008206,1.014869,1.0208,1.027462,1.026092,1.026362,1.030661,1.031941,1.040712,1.045615,1.048346,1.058735,1.105267,1.113852,1.119388,1.12548,1.124276,1.123993,1.125092,1.126169,1.126437,1.12193,1.118017,1.111426,1.099116,1.097444,1.087554,1.03996,1.028298,1.017767,1.013216,1.011193,1.011967,1.008829,1.00345,1.000239,1.003471,1.005033,1.006028,1.002946,1.005229,0.996751,0.994657,0.988332,0.999722,0.997764,1.000091,0.997186,0.998372,0.995304,0.996251,0.989337,0.986749,0.986151,0.982618,0.9756,0.977448,0.972024,0.969628,0.958542,0.955194,0.9452,0.936205,0.930523,0.927282,0.92256,0.920629,0.920655,0.917286,0.919834,0.919908,0.919871,0.921798,0.923397,0.921607,0.918475,0.918227,0.917198,0.914026,0.913296,0.910487,0.908042,0.903883,0.900092,0.889431,0.881859,0.878068,0.87073,0.866216,0.860608,0.858183,0.858303,0.861713,0.865391,0.866413,0.863748,0.861146,0.856937,0.855438,0.859113,0.858697,0.857083,0.85888,0.861114,0.865688,0.86761,0.872442,0.871466,0.869999,0.868387,0.873259,0.876578,0.879257,0.876784,0.876069,0.877982,0.876065,0.873632,0.87526,0.874886,0.874812,0.869524,0.866229,0.862811,0.861353,0.852817,0.847113,0.842036,0.842224,0.836627,0.826361,0.824251,0.822531,0.817098,0.807097,0.794857,0.792536,0.792243,0.79602,0.796879,0.805045,0.82723,0.832467,0.84026,0.850566,0.863359,0.868787,0.875784,0.879842,0.885384,0.894588,0.902916,0.911192,0.914273,0.919749,0.917597,0.897024,0.89983,0.898234,0.896939,0.88757,0.886128,0.883192,0.880018,0.879431,0.876884,0.877909,0.87712,0.879758,0.880993,0.884725,0.892519,0.896971,0.902527,0.910731,0.916475,0.921012,0.931823,0.942182,0.947135,0.955111,0.959734,0.965057,0.969508,0.970819,0.974604,0.9781,0.983494,0.984863,0.983799,0.984176,0.990855,0.992387,0.990391,0.99564,0.993595,0.997159,0.999552,0.998914,0.997922,0.995433,0.990998,0.991585,0.993796,0.994205,0.996843,0.993137,0.990009,0.992074,0.993736,0.997153,0.998876,0.998237,0.999414,1.009756,1.015589,1.019668,1.017439,1.014589,1.016002,1.017041,1.023601,1.026629,1.034817,1.037135,1.032061,1.023775,1.020892,1.015057,1.017476,1.024887,1.02346,1.018414,1.016728,1.010023,1.00623,1.004202,1.006641,1.009306,1.014985,1.019458,1.019918,1.021194,1.023179,1.024789,1.020941,1.029445,1.028952,1.033874,1.029932,1.022535,1.014943,1.008569,1.008241,0.997033,0.990721,0.981079,0.976781,0.970268,0.964203,0.949303,0.940804,0.934397,0.929371,0.9273,0.922867,0.915725,0.911539,0.90043,0.90076,0.901022,0.897886,0.893828,0.889752,0.891636,0.893572,0.894773,0.898204,0.889891,0.891215,0.895936,0.898594,0.901479,0.898179,0.894307,0.887466,0.883199,0.881996,0.880039,0.877206,0.877509,0.876633,0.873914,0.879796,0.880288,0.880414,0.881211,0.881366,0.884833,0.888463,0.893018,0.900909,0.903355,0.905733,0.910426,0.9114,0.913577,0.917841,0.92498,0.930244,0.935534,0.939041,0.941863,0.944889,0.953487,0.956898,0.950777,0.949501,0.952584,0.95076,0.948851,0.95134,0.964747,0.967046,0.964975,0.962445,0.963275,0.961712,0.962295,0.956281,0.959508,0.971036,0.98102,0.985155,0.994216,1.003156,1.010563,0.997467,0.996211,0.997885,0.999956,1.000395,1.00731,1.011845,1.019247,1.027549,1.031573,1.032901,1.038838,1.034763,1.035563,1.027363,1.027201,1.024724,1.029818,1.031537,1.033246,1.030145,1.02269,1.02326,1.017024,1.01349,1.012714,1.010991,1.011034,1.008206,1.014869,1.0208,1.027462,1.026092,1.026362,1.030661,1.031941,1.040712,1.045615,1.048346,1.058735,1.105267,1.113852,1.119388,1.12548,1.124276,1.123993,1.125092,1.126169,1.126437,1.12193,1.118017,1.111426,1.099116,1.097444,1.087554,1.03996,1.028298,1.017767,1.013216,1.011193,1.011967,1.008829,1.00345,1.000239,1.003471,1.005033,1.006028,1.002946,1.005229,0.996751,0.994657,0.988332,0.999722,0.997764,1.000091,0.997186
CRW,Paraguay,0.91171,0.00919481,0.926671,0.937038,0.942689,0.943705,0.948432,0.926467,0.884045,0.857496,0.845103,0.825448,0.809776,0.786863,0.807108,0.811538,0.811377,0.81117,0.807796,0.816318,0.834456,0.845563,0.865145,0.884651,0.899364,0.914612,0.923089,0.926679,0.930294,0.900603,0.883505,0.870638,0.870077,0.873324,0.860631,0.861801,0.870949,0.8616,0.854506,0.867096,0.869254,0.880263,0.896016,0.913602,0.937328,0.960254,0.977797,0.995591,1.010074,1.021525,1.011218,0.997567,0.996223,0.999938,0.982771,1.011281,1.004887,0.996578,0.991161,0.974847,1.015739,1.01736,1.004871,0.998148,1.000506,1.000827,1.001033,1.002227,1.003742,0.995262,0.972876,0.968333,0.969594,0.968596,0.972788,0.90568,0.892799,0.890286,0.879981,0.876828,0.889218,0.901016,0.905986,0.911598,0.91751,0.915719,0.927883,0.934776,0.929689,0.927354,0.923873,0.926847,0.944035,0.954306,0.95961,0.947044,0.930986,0.923054,0.923077,0.929446,0.976484,0.970248,0.962069,0.965204,0.967599,0.976222,0.983793,0.977134,0.975238,0.969763,0.97434,0.983318,0.984137,0.967583,0.963009,0.912107,0.92193,0.938046,0.934496,0.930119,0.927667,0.917496,0.92495,0.9348,0.944464,0.943384,0.945744,0.941067,0.947147,0.946267,0.943699,0.92408,0.889325,0.884002,0.878508,0.86575,0.853481,0.832472,0.811094,0.791684,0.779155,0.767484,0.756145,0.743484,0.728517,0.714967,0.709934,0.701976,0.700679,0.70261,0.7081,0.710725,0.710159,0.707536,0.710047,0.716106,0.718426,0.72585,0.735951,0.743714,0.747977,0.745228,0.756271,0.760551,0.756285,0.753997,0.787158,0.796109,0.808328,0.810157,0.807757,0.805884,0.802701,0.799922,0.801717,0.803161,0.803444,0.797251,0.796059,0.796995,0.790626,0.742824,0.751357,0.743654,0.740978,0.737634,0.739603,0.738654,0.742972,0.744693,0.75104,0.762876,0.769372,0.76949,0.768909,0.77062,0.773486,0.769842,0.766051,0.767256,0.768133,0.771263,0.77337,0.776186,0.778298,0.781732,0.782928,0.785257,0.788007,0.790098,0.790308,0.793688,0.797353,0.799158,0.802116,0.801526,0.79948,0.79809,0.801128,0.79849,0.793799,0.793477,0.794381,0.79367,0.794255,0.798389,0.795011,0.796372,0.796184,0.79371,0.794151,0.795667,0.795794,0.782328,0.782154,0.783789,0.780361,0.7784,0.777879,0.776481,0.775565,0.775724,0.774015,0.775143,0.775221,0.776902,0.787895,0.792258,0.794467,0.794733,0.795325,0.795817,0.798952,0.798689,0.801288,0.804299,0.806404,0.811134,0.815038,0.817861,0.8216,0.814222,0.812383,0.811384,0.810448,0.809636,0.813992,0.814835,0.818798,0.819748,0.821727,0.818751,0.815572,0.812549,0.811669,0.810237,0.818513,0.819803,0.821933,0.825092,0.828155,0.826622,0.823704,0.821589,0.822773,0.823334,0.825732,0.826472,0.828257,0.828267,0.825042,0.803946,0.802315,0.801135,0.801779,0.806222,0.810318,0.81411,0.816172,0.813163,0.810647,0.809167,0.809498,0.810042,0.811723,0.815271,0.815958,0.816513,0.819402,0.818586,0.814285,0.810969,0.808052,0.807065,0.808466,0.810367,0.810624,0.810871,0.810474,0.809709,0.809561,0.809375,0.809182,0.80635,0.806148,0.809295,0.812839,0.815959,0.821666,0.832724,0.833789,0.836836,0.835684,0.836627,0.839702,0.843181,0.846042,0.847461,0.848934,0.851788,0.851308,0.850555,0.852225,0.851428,0.827901,0.830552,0.828526,0.820227,0.850771,0.855556,0.852262,0.851866,0.851956,0.846236,0.837418,0.830572,0.824274,0.841515,0.875838,0.912487,0.914062,0.920398,0.93075,0.910937,0.913225,0.91171,0.919481,0.926671,0.937038,0.942689,0.943705,0.948432,0.926467,0.884045,0.857496,0.845103,0.825448,0.809776,0.786863,0.807108,0.811538,0.811377,0.81117,0.807796,0.816318,0.834456,0.845563,0.865145,0.884651,0.899364,0.914612,0.923089,0.926679,0.930294,0.900603,0.883505,0.870638,0.870077,0.873324,0.860631,0.861801,0.870949,0.8616,0.854506,0.867096,0.869254,0.880263,0.896016,0.913602,0.937328,0.960254,0.977797,0.995591,1.010074,1.021525,1.011218,0.997567,0.996223,0.999938,0.982771,1.011281,1.004887,0.996578,0.991161,0.974847,1.015739,1.01736,1.004871,0.998148,1.000506,1.000827,1.001033,1.002227,1.003742,0.995262,0.972876,0.968333,0.969594,0.968596,0.972788,0.90568,0.892799,0.890286,0.879981,0.876828,0.889218,0.901016,0.905986,0.911598,0.91751,0.915719,0.927883,0.934776,0.929689,0.927354,0.923873,0.926847,0.944035,0.954306,0.95961,0.947044,0.930986,0.923054,0.923077,0.929446,0.976484,0.970248,0.962069,0.965204,0.967599,0.976222,0.983793,0.977134,0.975238,0.969763,0.97434,0.983318,0.984137,0.967583,0.963009,0.912107,0.92193,0.938046,0.934496,0.930119,0.927667,0.917496,0.92495,0.9348,0.944464,0.943384,0.945744,0.941067,0.947147,0.946267,0.943699,0.92408,0.889325,0.884002,0.878508,0.86575,0.853481,0.832472,0.811094,0.791684,0.779155,0.767484,0.756145,0.743484,0.728517,0.714967,0.709934,0.701976,0.700679,0.70261,0.7081,0.710725,0.710159,0.707536,0.710047,0.716106,0.718426,0.72585,0.735951,0.743714,0.747977,0.745228,0.756271,0.760551,0.756285,0.753997,0.787158,0.796109,0.808328,0.810157,0.807757,0.805884,0.802701,0.799922,0.801717,0.803161,0.803444,0.797251,0.796059,0.796995,0.790626,0.742824,0.751357,0.743654,0.740978,0.737634,0.739603,0.738654,0.742972,0.744693,0.75104,0.762876,0.769372,0.76949,0.768909,0.77062,0.773486,0.769842,0.766051,0.767256,0.768133,0.771263,0.77337,0.776186,0.778298,0.781732,0.782928,0.785257,0.788007,0.790098,0.790308,0.793688,0.797353,0.799158,0.802116,0.801526,0.79948,0.79809,0.801128,0.79849,0.793799,0.793477,0.794381,0.79367,0.794255,0.798389,0.795011,0.796372,0.796184,0.79371,0.794151,0.795667,0.795794,0.782328,0.782154,0.783789,0.780361,0.7784,0.777879,0.776481,0.775565,0.775724,0.774015,0.775143,0.775221,0.776902,0.787895,0.792258,0.794467,0.794733,0.795325,0.795817,0.798952,0.798689,0.801288,0.804299,0.806404,0.811134,0.815038,0.817861,0.8216,0.814222,0.812383,0.811384,0.810448,0.809636,0.813992,0.814835,0.818798,0.819748,0.821727,0.818751,0.815572,0.812549,0.811669,0.810237,0.818513,0.819803,0.821933,0.825092,0.828155,0.826622,0.823704,0.821589,0.822773,0.823334,0.825732,0.826472,0.828257,0.828267,0.825042,0.803946,0.802315,0.801135,0.801779,0.806222,0.810318,0.81411,0.816172,0.813163,0.810647,0.809167,0.809498,0.810042,0.811723,0.815271,0.815958,0.816513,0.819402,0.818586,0.814285,0.810969,0.808052,0.807065,0.808466,0.810367,0.810624,0.810871,0.810474,0.809709,0.809561,0.809375,0.809182,0.80635,0.806148,0.809295,0.812839,0.815959,0.821666,0.832724,0.833789,0.836836,0.835684,0.836627,0.839702,0.843181,0.846042,0.847461,0.848934,0.851788,0.851308,0.850555,0.852225,0.851428,0.827901,0.830552,0.828526,0.820227,0.850771,0.855556,0.852262,0.851866,0.851956,0.846236,0.837418,0.830572,0.824274,0.841515,0.875838,0.912487,0.914062,0.920398,0.93075,0.910937,0.913225
CRW,Peru,1.298413,0.013034760000000001,1.315343,1.311909,1.319799,1.314964,1.313222,1.308563,1.306957,1.297959,1.299061,1.296148,1.293585,1.292416,1.293937,1.291497,1.294849,1.289668,1.290428,1.290599,1.302893,1.29917,1.300641,1.301076,1.299144,1.288511,1.286266,1.285744,1.28328,1.278904,1.278275,1.271232,1.262945,1.262729,1.257204,1.248595,1.248967,1.244959,1.238455,1.238916,1.240243,1.239245,1.242144,1.239063,1.236941,1.231386,1.225442,1.221445,1.212943,1.210179,1.202749,1.19754,1.193666,1.192939,1.189503,1.186466,1.182553,1.184284,1.186232,1.189879,1.194066,1.198676,1.207512,1.210753,1.213411,1.215242,1.216979,1.222969,1.222395,1.229269,1.230563,1.232098,1.233693,1.23619,1.234978,1.2373,1.244115,1.237941,1.236051,1.226998,1.219256,1.212205,1.196232,1.185739,1.164767,1.142354,1.144493,1.141941,1.140233,1.14383,1.140042,1.137381,1.139662,1.139287,1.141367,1.153346,1.157445,1.164077,1.168999,1.177134,1.186616,1.187595,1.193986,1.204924,1.208257,1.219453,1.218508,1.220427,1.221233,1.225364,1.227827,1.236437,1.241318,1.238289,1.235741,1.226926,1.233381,1.229043,1.219575,1.210548,1.20013,1.194341,1.189661,1.192242,1.191549,1.180861,1.165968,1.167216,1.166596,1.162946,1.168804,1.164454,1.162328,1.160525,1.160689,1.156272,1.157752,1.152426,1.151199,1.146674,1.145574,1.152154,1.138238,1.137265,1.13982,1.129878,1.134963,1.129754,1.127617,1.12046,1.122732,1.124504,1.124877,1.117071,1.112006,1.109854,1.097793,1.095244,1.091787,1.076036,1.072189,1.059337,1.057643,1.049716,1.045295,1.037277,1.028206,1.021553,1.014627,1.007795,1.000643,0.999311,0.9934,0.986627,0.981145,0.973156,0.965523,0.956524,0.953408,0.949599,0.942346,0.934573,0.930574,0.924472,0.919527,0.915679,0.910773,0.907714,0.901668,0.901209,0.900536,0.898372,0.894278,0.890849,0.888294,0.886565,0.884294,0.881247,0.877304,0.875557,0.872419,0.870757,0.86948,0.866841,0.863838,0.862749,0.862168,0.85998,0.855003,0.853428,0.852266,0.851034,0.849179,0.8464,0.844065,0.842644,0.840783,0.840518,0.840726,0.838589,0.834754,0.833586,0.831061,0.829714,0.829052,0.828011,0.827563,0.828251,0.82791,0.825814,0.823437,0.821641,0.818898,0.816219,0.814935,0.813363,0.811896,0.811151,0.810601,0.808775,0.807547,0.806703,0.805557,0.805817,0.806416,0.807632,0.808556,0.808453,0.80764,0.807493,0.809321,0.809039,0.809091,0.809929,0.809882,0.81017,0.809309,0.808794,0.807881,0.808061,0.81949,0.824396,0.832557,0.838166,0.841219,0.843607,0.847943,0.851291,0.853819,0.856463,0.858161,0.860256,0.862537,0.866131,0.86857,0.870195,0.873356,0.875196,0.879442,0.882949,0.887253,0.889696,0.893246,0.897613,0.898623,0.901462,0.905009,0.908729,0.910333,0.914816,0.919027,0.919564,0.923347,0.927745,0.932361,0.935546,0.941466,0.947812,0.95294,0.959623,0.964547,0.971688,0.978211,0.984957,0.990832,0.996268,1.002382,1.006908,1.012353,1.018396,1.024062,1.02931,1.029838,1.032684,1.039829,1.0458,1.046513,1.048117,1.055486,1.061145,1.06934,1.077991,1.08644,1.090745,1.097383,1.103604,1.106282,1.114319,1.123598,1.135418,1.145826,1.159072,1.170924,1.173915,1.176977,1.177723,1.181952,1.181615,1.184809,1.185942,1.188094,1.197686,1.200841,1.201747,1.197735,1.200072,1.197239,1.194571,1.198389,1.207624,1.209635,1.210237,1.214815,1.222538,1.223663,1.229655,1.235602,1.2493,1.256975,1.26996,1.275235,1.284884,1.291571,1.295545,1.291619,1.298413,1.303476,1.315343,1.311909,1.319799,1.314964,1.313222,1.308563,1.306957,1.297959,1.299061,1.296148,1.293585,1.292416,1.293937,1.291497,1.294849,1.289668,1.290428,1.290599,1.302893,1.29917,1.300641,1.301076,1.299144,1.288511,1.286266,1.285744,1.28328,1.278904,1.278275,1.271232,1.262945,1.262729,1.257204,1.248595,1.248967,1.244959,1.238455,1.238916,1.240243,1.239245,1.242144,1.239063,1.236941,1.231386,1.225442,1.221445,1.212943,1.210179,1.202749,1.19754,1.193666,1.192939,1.189503,1.186466,1.182553,1.184284,1.186232,1.189879,1.194066,1.198676,1.207512,1.210753,1.213411,1.215242,1.216979,1.222969,1.222395,1.229269,1.230563,1.232098,1.233693,1.23619,1.234978,1.2373,1.244115,1.237941,1.236051,1.226998,1.219256,1.212205,1.196232,1.185739,1.164767,1.142354,1.144493,1.141941,1.140233,1.14383,1.140042,1.137381,1.139662,1.139287,1.141367,1.153346,1.157445,1.164077,1.168999,1.177134,1.186616,1.187595,1.193986,1.204924,1.208257,1.219453,1.218508,1.220427,1.221233,1.225364,1.227827,1.236437,1.241318,1.238289,1.235741,1.226926,1.233381,1.229043,1.219575,1.210548,1.20013,1.194341,1.189661,1.192242,1.191549,1.180861,1.165968,1.167216,1.166596,1.162946,1.168804,1.164454,1.162328,1.160525,1.160689,1.156272,1.157752,1.152426,1.151199,1.146674,1.145574,1.152154,1.138238,1.137265,1.13982,1.129878,1.134963,1.129754,1.127617,1.12046,1.122732,1.124504,1.124877,1.117071,1.112006,1.109854,1.097793,1.095244,1.091787,1.076036,1.072189,1.059337,1.057643,1.049716,1.045295,1.037277,1.028206,1.021553,1.014627,1.007795,1.000643,0.999311,0.9934,0.986627,0.981145,0.973156,0.965523,0.956524,0.953408,0.949599,0.942346,0.934573,0.930574,0.924472,0.919527,0.915679,0.910773,0.907714,0.901668,0.901209,0.900536,0.898372,0.894278,0.890849,0.888294,0.886565,0.884294,0.881247,0.877304,0.875557,0.872419,0.870757,0.86948,0.866841,0.863838,0.862749,0.862168,0.85998,0.855003,0.853428,0.852266,0.851034,0.849179,0.8464,0.844065,0.842644,0.840783,0.840518,0.840726,0.838589,0.834754,0.833586,0.831061,0.829714,0.829052,0.828011,0.827563,0.828251,0.82791,0.825814,0.823437,0.821641,0.818898,0.816219,0.814935,0.813363,0.811896,0.811151,0.810601,0.808775,0.807547,0.806703,0.805557,0.805817,0.806416,0.807632,0.808556,0.808453,0.80764,0.807493,0.809321,0.809039,0.809091,0.809929,0.809882,0.81017,0.809309,0.808794,0.807881,0.808061,0.81949,0.824396,0.832557,0.838166,0.841219,0.843607,0.847943,0.851291,0.853819,0.856463,0.858161,0.860256,0.862537,0.866131,0.86857,0.870195,0.873356,0.875196,0.879442,0.882949,0.887253,0.889696,0.893246,0.897613,0.898623,0.901462,0.905009,0.908729,0.910333,0.914816,0.919027,0.919564,0.923347,0.927745,0.932361,0.935546,0.941466,0.947812,0.95294,0.959623,0.964547,0.971688,0.978211,0.984957,0.990832,0.996268,1.002382,1.006908,1.012353,1.018396,1.024062,1.02931,1.029838,1.032684,1.039829,1.0458,1.046513,1.048117,1.055486,1.061145,1.06934,1.077991,1.08644,1.090745,1.097383,1.103604,1.106282,1.114319,1.123598,1.135418,1.145826,1.159072,1.170924,1.173915,1.176977,1.177723,1.181952,1.181615,1.184809,1.185942,1.188094,1.197686,1.200841,1.201747,1.197735,1.200072,1.197239,1.194571,1.198389,1.207624,1.209635,1.210237,1.214815,1.222538,1.223663,1.229655,1.235602,1.2493,1.256975,1.26996,1.275235,1.284884,1.291571,1.295545,1.291619
CRW,Philippines,0.769625,0.00764171,0.764886,0.761452,0.755683,0.747663,0.742915,0.73753,0.734351,0.729436,0.727495,0.726707,0.719693,0.724839,0.726961,0.730376,0.733113,0.729472,0.731166,0.732921,0.733585,0.736693,0.741624,0.743954,0.747457,0.751698,0.753367,0.755634,0.754073,0.75343,0.747085,0.742547,0.738987,0.735693,0.732488,0.729793,0.724104,0.720256,0.721279,0.720491,0.717316,0.716965,0.738602,0.734229,0.732638,0.733185,0.733662,0.736355,0.739617,0.741915,0.742235,0.742685,0.742749,0.738658,0.736297,0.732475,0.730031,0.706403,0.705443,0.70426,0.704316,0.700619,0.697858,0.695448,0.699275,0.697355,0.696113,0.694916,0.696848,0.697263,0.699674,0.706948,0.713931,0.719356,0.72538,0.730969,0.740182,0.748948,0.753829,0.756663,0.761131,0.766095,0.770344,0.772564,0.775385,0.78115,0.781233,0.780183,0.780965,0.780245,0.78206,0.786457,0.789696,0.791502,0.790093,0.798157,0.798657,0.79978,0.799629,0.80149,0.802395,0.808191,0.81671,0.825937,0.837152,0.842295,0.842909,0.842623,0.8452,0.848448,0.848884,0.858755,0.867704,0.877957,0.887883,0.893097,0.891601,0.884769,0.880959,0.878497,0.87724,0.880729,0.883884,0.888104,0.888939,0.887356,0.886727,0.884285,0.884176,0.885164,0.88502,0.888932,0.897991,0.897964,0.894958,0.898062,0.899818,0.900886,0.898542,0.897513,0.893176,0.894101,0.897566,0.895952,0.892665,0.894765,0.897039,0.899563,0.905989,0.909611,0.907131,0.909692,0.906482,0.907868,0.911078,0.917998,0.918057,0.918814,0.920032,0.918468,0.915399,0.910151,0.908602,0.911233,0.915389,0.924367,0.92372,0.928322,0.928736,0.932251,0.936411,0.942201,0.944074,0.943562,0.94627,0.948037,0.949754,0.942501,0.932817,0.926403,0.915718,0.90763,0.893183,0.884529,0.875062,0.86283,0.850127,0.839001,0.835372,0.830821,0.829136,0.827117,0.827967,0.825719,0.822521,0.825701,0.832415,0.839384,0.839294,0.842333,0.845675,0.847215,0.847614,0.847589,0.847061,0.844914,0.842043,0.8387,0.833884,0.829116,0.818641,0.813961,0.809085,0.808954,0.802147,0.795794,0.793413,0.788319,0.782403,0.777214,0.772785,0.769648,0.767803,0.765972,0.760732,0.760123,0.758877,0.756854,0.755358,0.755407,0.753883,0.753092,0.76009,0.764545,0.766749,0.77237,0.78199,0.784723,0.788534,0.79413,0.798016,0.800394,0.804479,0.808418,0.812889,0.819284,0.825519,0.828507,0.844208,0.856341,0.870282,0.877055,0.895124,0.910354,0.914606,0.915174,0.91958,0.925223,0.926713,0.927752,0.926897,0.930086,0.929873,0.921366,0.912661,0.906383,0.906232,0.897087,0.894292,0.901333,0.908195,0.905593,0.903653,0.90627,0.912843,0.918101,0.922479,0.921918,0.920927,0.930474,0.934121,0.926327,0.923071,0.91793,0.920584,0.927782,0.945573,0.953021,0.958314,0.959602,0.96067,0.959998,0.96659,0.969585,0.965644,0.962318,0.962492,0.96348,0.961724,0.955683,0.947604,0.93318,0.923858,0.918362,0.918295,0.922133,0.923176,0.914645,0.91445,0.942309,0.94346,0.943948,0.945705,0.947228,0.955258,0.965716,0.972984,0.977905,0.978343,0.977346,0.977761,0.981232,0.990408,0.995482,0.976852,0.985814,0.994524,0.993425,1.008363,1.016365,1.056709,1.055035,1.065469,1.07685,1.081914,1.075925,1.073493,1.06709,1.058539,1.059549,1.044161,1.043303,1.03587,1.014706,0.996129,0.945377,0.937705,0.924882,0.912622,0.89891,0.891949,0.88462,0.87375,0.867445,0.858857,0.8572,0.847062,0.841074,0.832448,0.825195,0.8156,0.806272,0.799409,0.780943,0.774264,0.769625,0.764171,0.764886,0.761452,0.755683,0.747663,0.742915,0.73753,0.734351,0.729436,0.727495,0.726707,0.719693,0.724839,0.726961,0.730376,0.733113,0.729472,0.731166,0.732921,0.733585,0.736693,0.741624,0.743954,0.747457,0.751698,0.753367,0.755634,0.754073,0.75343,0.747085,0.742547,0.738987,0.735693,0.732488,0.729793,0.724104,0.720256,0.721279,0.720491,0.717316,0.716965,0.738602,0.734229,0.732638,0.733185,0.733662,0.736355,0.739617,0.741915,0.742235,0.742685,0.742749,0.738658,0.736297,0.732475,0.730031,0.706403,0.705443,0.70426,0.704316,0.700619,0.697858,0.695448,0.699275,0.697355,0.696113,0.694916,0.696848,0.697263,0.699674,0.706948,0.713931,0.719356,0.72538,0.730969,0.740182,0.748948,0.753829,0.756663,0.761131,0.766095,0.770344,0.772564,0.775385,0.78115,0.781233,0.780183,0.780965,0.780245,0.78206,0.786457,0.789696,0.791502,0.790093,0.798157,0.798657,0.79978,0.799629,0.80149,0.802395,0.808191,0.81671,0.825937,0.837152,0.842295,0.842909,0.842623,0.8452,0.848448,0.848884,0.858755,0.867704,0.877957,0.887883,0.893097,0.891601,0.884769,0.880959,0.878497,0.87724,0.880729,0.883884,0.888104,0.888939,0.887356,0.886727,0.884285,0.884176,0.885164,0.88502,0.888932,0.897991,0.897964,0.894958,0.898062,0.899818,0.900886,0.898542,0.897513,0.893176,0.894101,0.897566,0.895952,0.892665,0.894765,0.897039,0.899563,0.905989,0.909611,0.907131,0.909692,0.906482,0.907868,0.911078,0.917998,0.918057,0.918814,0.920032,0.918468,0.915399,0.910151,0.908602,0.911233,0.915389,0.924367,0.92372,0.928322,0.928736,0.932251,0.936411,0.942201,0.944074,0.943562,0.94627,0.948037,0.949754,0.942501,0.932817,0.926403,0.915718,0.90763,0.893183,0.884529,0.875062,0.86283,0.850127,0.839001,0.835372,0.830821,0.829136,0.827117,0.827967,0.825719,0.822521,0.825701,0.832415,0.839384,0.839294,0.842333,0.845675,0.847215,0.847614,0.847589,0.847061,0.844914,0.842043,0.8387,0.833884,0.829116,0.818641,0.813961,0.809085,0.808954,0.802147,0.795794,0.793413,0.788319,0.782403,0.777214,0.772785,0.769648,0.767803,0.765972,0.760732,0.760123,0.758877,0.756854,0.755358,0.755407,0.753883,0.753092,0.76009,0.764545,0.766749,0.77237,0.78199,0.784723,0.788534,0.79413,0.798016,0.800394,0.804479,0.808418,0.812889,0.819284,0.825519,0.828507,0.844208,0.856341,0.870282,0.877055,0.895124,0.910354,0.914606,0.915174,0.91958,0.925223,0.926713,0.927752,0.926897,0.930086,0.929873,0.921366,0.912661,0.906383,0.906232,0.897087,0.894292,0.901333,0.908195,0.905593,0.903653,0.90627,0.912843,0.918101,0.922479,0.921918,0.920927,0.930474,0.934121,0.926327,0.923071,0.91793,0.920584,0.927782,0.945573,0.953021,0.958314,0.959602,0.96067,0.959998,0.96659,0.969585,0.965644,0.962318,0.962492,0.96348,0.961724,0.955683,0.947604,0.93318,0.923858,0.918362,0.918295,0.922133,0.923176,0.914645,0.91445,0.942309,0.94346,0.943948,0.945705,0.947228,0.955258,0.965716,0.972984,0.977905,0.978343,0.977346,0.977761,0.981232,0.990408,0.995482,0.976852,0.985814,0.994524,0.993425,1.008363,1.016365,1.056709,1.055035,1.065469,1.07685,1.081914,1.075925,1.073493,1.06709,1.058539,1.059549,1.044161,1.043303,1.03587,1.014706,0.996129,0.945377,0.937705,0.924882,0.912622,0.89891,0.891949,0.88462,0.87375,0.867445,0.858857,0.8572,0.847062,0.841074,0.832448,0.825195,0.8156,0.806272,0.799409,0.780943,0.774264
CRW,Poland,0.944382,0.00943003,0.938405,0.934778,0.935335,0.93791,0.941231,0.945088,0.950751,0.956152,0.959488,0.963804,0.965167,0.969067,0.973185,0.973444,0.974629,0.976298,0.979368,0.984789,0.987868,0.994298,0.998213,0.998775,0.996854,0.99406,0.995161,0.999244,1.004576,1.007987,1.011275,1.015143,1.019093,1.022162,1.021243,1.018591,1.010506,1.001923,1.002537,1.007081,1.010934,1.016804,1.022118,1.024673,1.028223,1.032151,1.036089,1.037456,1.036632,1.038857,1.0438,1.04953,1.051224,1.049894,1.049824,1.050401,1.045017,1.04084,1.040677,1.036797,1.033889,1.030424,1.029993,1.033224,1.02991,1.029198,1.031871,1.039732,1.044612,1.049054,1.051562,1.055522,1.058858,1.06002,1.064671,1.069964,1.074533,1.075296,1.075663,1.078939,1.075907,1.071817,1.066468,1.060514,1.053639,1.050693,1.049461,1.048094,1.047073,1.041763,1.040758,1.041439,1.042258,1.039565,1.032575,1.029629,1.025654,1.021917,1.021733,1.023923,1.02589,1.026365,1.023422,1.023552,1.019876,1.018171,1.016356,1.014792,1.014868,1.014934,1.015568,1.018238,1.018193,1.020318,1.018965,1.015963,1.015432,1.016693,1.01168,1.012353,1.009216,1.004913,1.004275,1.001466,1.005714,1.004531,1.001598,0.99802,0.993789,0.992254,0.9907,0.987432,0.982393,0.981619,0.97843,0.974954,0.972189,0.966616,0.963902,0.955102,0.950335,0.948487,0.948075,0.948221,0.950359,0.953085,0.955887,0.95573,0.952414,0.94989,0.947275,0.951428,0.957005,0.961208,0.964974,0.968407,0.96626,0.965886,0.962019,0.958981,0.958697,0.957156,0.956533,0.958195,0.958678,0.95775,0.948023,0.943864,0.933716,0.924452,0.917372,0.912456,0.910222,0.911316,0.909901,0.90656,0.904418,0.904511,0.90167,0.898728,0.897416,0.897052,0.892218,0.89305,0.896205,0.896313,0.893291,0.888386,0.882587,0.88332,0.887394,0.885146,0.881305,0.877622,0.875567,0.874056,0.873842,0.874206,0.872856,0.872066,0.873355,0.874184,0.878874,0.881377,0.882453,0.884666,0.884208,0.884074,0.882745,0.879979,0.876374,0.873453,0.872305,0.871437,0.870593,0.86957,0.868745,0.864763,0.861829,0.857697,0.857802,0.858655,0.858894,0.858908,0.859166,0.858775,0.857385,0.853773,0.848709,0.849058,0.85007,0.85202,0.852584,0.846481,0.846654,0.844951,0.843802,0.844639,0.845045,0.845773,0.84635,0.847067,0.850963,0.852167,0.852222,0.851334,0.849813,0.849187,0.852692,0.852133,0.851823,0.851482,0.851658,0.853811,0.854257,0.855741,0.856753,0.852818,0.85193,0.851318,0.851551,0.852249,0.853774,0.851074,0.852655,0.853928,0.854966,0.853126,0.851597,0.850772,0.850597,0.849956,0.852894,0.853795,0.852148,0.849327,0.846752,0.845188,0.845564,0.843954,0.841802,0.842789,0.845157,0.845005,0.844616,0.844014,0.844109,0.842106,0.841645,0.843187,0.845552,0.845916,0.846489,0.846166,0.846326,0.849256,0.850416,0.850242,0.8512,0.851849,0.85116,0.852048,0.852933,0.854357,0.855076,0.854599,0.856229,0.857375,0.859451,0.860447,0.858448,0.856772,0.857391,0.856601,0.857385,0.862033,0.864405,0.863977,0.862195,0.86209,0.864578,0.868862,0.873938,0.875558,0.878258,0.88004,0.881905,0.884617,0.887868,0.890749,0.891885,0.893651,0.898453,0.903065,0.905919,0.906324,0.903367,0.894869,0.895398,0.895924,0.896707,0.900026,0.900302,0.904631,0.905614,0.908135,0.907764,0.905741,0.907466,0.910511,0.914494,0.919381,0.922728,0.926511,0.931362,0.934636,0.936832,0.94037,0.940025,0.942406,0.943443,0.944122,0.946453,0.944256,0.943698,0.944382,0.943003,0.938405,0.934778,0.935335,0.93791,0.941231,0.945088,0.950751,0.956152,0.959488,0.963804,0.965167,0.969067,0.973185,0.973444,0.974629,0.976298,0.979368,0.984789,0.987868,0.994298,0.998213,0.998775,0.996854,0.99406,0.995161,0.999244,1.004576,1.007987,1.011275,1.015143,1.019093,1.022162,1.021243,1.018591,1.010506,1.001923,1.002537,1.007081,1.010934,1.016804,1.022118,1.024673,1.028223,1.032151,1.036089,1.037456,1.036632,1.038857,1.0438,1.04953,1.051224,1.049894,1.049824,1.050401,1.045017,1.04084,1.040677,1.036797,1.033889,1.030424,1.029993,1.033224,1.02991,1.029198,1.031871,1.039732,1.044612,1.049054,1.051562,1.055522,1.058858,1.06002,1.064671,1.069964,1.074533,1.075296,1.075663,1.078939,1.075907,1.071817,1.066468,1.060514,1.053639,1.050693,1.049461,1.048094,1.047073,1.041763,1.040758,1.041439,1.042258,1.039565,1.032575,1.029629,1.025654,1.021917,1.021733,1.023923,1.02589,1.026365,1.023422,1.023552,1.019876,1.018171,1.016356,1.014792,1.014868,1.014934,1.015568,1.018238,1.018193,1.020318,1.018965,1.015963,1.015432,1.016693,1.01168,1.012353,1.009216,1.004913,1.004275,1.001466,1.005714,1.004531,1.001598,0.99802,0.993789,0.992254,0.9907,0.987432,0.982393,0.981619,0.97843,0.974954,0.972189,0.966616,0.963902,0.955102,0.950335,0.948487,0.948075,0.948221,0.950359,0.953085,0.955887,0.95573,0.952414,0.94989,0.947275,0.951428,0.957005,0.961208,0.964974,0.968407,0.96626,0.965886,0.962019,0.958981,0.958697,0.957156,0.956533,0.958195,0.958678,0.95775,0.948023,0.943864,0.933716,0.924452,0.917372,0.912456,0.910222,0.911316,0.909901,0.90656,0.904418,0.904511,0.90167,0.898728,0.897416,0.897052,0.892218,0.89305,0.896205,0.896313,0.893291,0.888386,0.882587,0.88332,0.887394,0.885146,0.881305,0.877622,0.875567,0.874056,0.873842,0.874206,0.872856,0.872066,0.873355,0.874184,0.878874,0.881377,0.882453,0.884666,0.884208,0.884074,0.882745,0.879979,0.876374,0.873453,0.872305,0.871437,0.870593,0.86957,0.868745,0.864763,0.861829,0.857697,0.857802,0.858655,0.858894,0.858908,0.859166,0.858775,0.857385,0.853773,0.848709,0.849058,0.85007,0.85202,0.852584,0.846481,0.846654,0.844951,0.843802,0.844639,0.845045,0.845773,0.84635,0.847067,0.850963,0.852167,0.852222,0.851334,0.849813,0.849187,0.852692,0.852133,0.851823,0.851482,0.851658,0.853811,0.854257,0.855741,0.856753,0.852818,0.85193,0.851318,0.851551,0.852249,0.853774,0.851074,0.852655,0.853928,0.854966,0.853126,0.851597,0.850772,0.850597,0.849956,0.852894,0.853795,0.852148,0.849327,0.846752,0.845188,0.845564,0.843954,0.841802,0.842789,0.845157,0.845005,0.844616,0.844014,0.844109,0.842106,0.841645,0.843187,0.845552,0.845916,0.846489,0.846166,0.846326,0.849256,0.850416,0.850242,0.8512,0.851849,0.85116,0.852048,0.852933,0.854357,0.855076,0.854599,0.856229,0.857375,0.859451,0.860447,0.858448,0.856772,0.857391,0.856601,0.857385,0.862033,0.864405,0.863977,0.862195,0.86209,0.864578,0.868862,0.873938,0.875558,0.878258,0.88004,0.881905,0.884617,0.887868,0.890749,0.891885,0.893651,0.898453,0.903065,0.905919,0.906324,0.903367,0.894869,0.895398,0.895924,0.896707,0.900026,0.900302,0.904631,0.905614,0.908135,0.907764,0.905741,0.907466,0.910511,0.914494,0.919381,0.922728,0.926511,0.931362,0.934636,0.936832,0.94037,0.940025,0.942406,0.943443,0.944122,0.946453,0.944256,0.943698
CRW,Portugal,0.871405,0.0087666,0.87777,0.880549,0.882338,0.885298,0.883442,0.877533,0.879843,0.877693,0.873972,0.877176,0.871022,0.873767,0.877543,0.879645,0.883133,0.887341,0.891086,0.896153,0.899768,0.904841,0.909765,0.915093,0.923775,0.927537,0.930803,0.933536,0.935432,0.938323,0.939556,0.944909,0.944676,0.944291,0.941131,0.940959,0.938842,0.93994,0.93741,0.935238,0.936307,0.936819,0.937733,0.938416,0.938595,0.941052,0.93703,0.937622,0.938164,0.94222,0.946465,0.958721,0.959865,0.961273,0.971474,0.973167,0.974175,0.979639,0.990629,0.992543,0.991922,0.990296,0.989825,0.989815,0.988981,0.98794,0.985421,0.986926,0.98693,0.985729,0.986785,0.986411,0.981095,0.964114,0.9507,0.938984,0.931915,0.932746,0.933085,0.932371,0.93244,0.931753,0.93078,0.930504,0.932638,0.941353,0.94817,0.950488,0.95801,0.961507,0.966233,0.96993,0.970176,0.969062,0.968577,0.965555,0.963072,0.966772,0.969194,0.967703,0.963874,0.958331,0.95544,0.946961,0.940363,0.932408,0.927006,0.922557,0.919304,0.919057,0.918109,0.913768,0.904137,0.893145,0.888624,0.883792,0.87815,0.873715,0.878048,0.8816,0.882369,0.880965,0.881819,0.882918,0.878658,0.876958,0.877982,0.879517,0.880969,0.87977,0.883247,0.890028,0.89428,0.889528,0.883149,0.88453,0.885237,0.883965,0.882259,0.879344,0.877248,0.874946,0.871553,0.869567,0.868972,0.869124,0.866399,0.863248,0.862866,0.862117,0.863484,0.864869,0.862107,0.859436,0.859399,0.858192,0.856782,0.856941,0.857115,0.856298,0.85334,0.853876,0.851664,0.849737,0.852529,0.850838,0.854477,0.860174,0.864648,0.865346,0.869428,0.870725,0.871443,0.870429,0.867722,0.866153,0.865018,0.865285,0.867814,0.867125,0.864874,0.862818,0.859072,0.855471,0.857092,0.857372,0.859848,0.860438,0.863021,0.866143,0.867432,0.867612,0.868004,0.866417,0.865168,0.866276,0.864545,0.863976,0.859356,0.851803,0.845112,0.84424,0.843926,0.84522,0.845956,0.846776,0.847208,0.848394,0.849872,0.851171,0.852776,0.854912,0.857019,0.85471,0.855649,0.857339,0.857003,0.853611,0.852628,0.852762,0.853214,0.854817,0.85576,0.857367,0.855966,0.857391,0.858291,0.870581,0.87117,0.869984,0.866813,0.866634,0.867888,0.866426,0.864459,0.862163,0.861063,0.860383,0.861623,0.863408,0.862511,0.860934,0.849218,0.846038,0.849473,0.848706,0.847326,0.845309,0.844807,0.847613,0.852406,0.855808,0.857124,0.854443,0.851952,0.849639,0.849436,0.847099,0.844962,0.837745,0.838494,0.839241,0.841472,0.844559,0.840326,0.837306,0.835506,0.83506,0.835945,0.838692,0.842149,0.842473,0.845243,0.84874,0.851674,0.852453,0.852298,0.852143,0.851109,0.852538,0.851398,0.850185,0.84879,0.848017,0.847025,0.845269,0.845212,0.84379,0.838965,0.836148,0.836253,0.838063,0.836886,0.834309,0.835227,0.83663,0.837848,0.838295,0.838236,0.836282,0.836344,0.837929,0.838139,0.839453,0.840736,0.84236,0.839616,0.837831,0.837984,0.835354,0.832657,0.829765,0.828512,0.826878,0.827237,0.826255,0.82536,0.824367,0.824502,0.824406,0.822468,0.820677,0.821009,0.821686,0.823551,0.825029,0.825142,0.823955,0.823597,0.822521,0.827716,0.826252,0.824427,0.82286,0.827685,0.825895,0.825648,0.825248,0.82287,0.821252,0.820038,0.819733,0.818569,0.817713,0.817832,0.815074,0.815678,0.815616,0.817134,0.811122,0.811937,0.811512,0.812565,0.813727,0.814518,0.813482,0.826222,0.838747,0.841849,0.845133,0.854611,0.855368,0.86401,0.865857,0.868655,0.871405,0.87666,0.87777,0.880549,0.882338,0.885298,0.883442,0.877533,0.879843,0.877693,0.873972,0.877176,0.871022,0.873767,0.877543,0.879645,0.883133,0.887341,0.891086,0.896153,0.899768,0.904841,0.909765,0.915093,0.923775,0.927537,0.930803,0.933536,0.935432,0.938323,0.939556,0.944909,0.944676,0.944291,0.941131,0.940959,0.938842,0.93994,0.93741,0.935238,0.936307,0.936819,0.937733,0.938416,0.938595,0.941052,0.93703,0.937622,0.938164,0.94222,0.946465,0.958721,0.959865,0.961273,0.971474,0.973167,0.974175,0.979639,0.990629,0.992543,0.991922,0.990296,0.989825,0.989815,0.988981,0.98794,0.985421,0.986926,0.98693,0.985729,0.986785,0.986411,0.981095,0.964114,0.9507,0.938984,0.931915,0.932746,0.933085,0.932371,0.93244,0.931753,0.93078,0.930504,0.932638,0.941353,0.94817,0.950488,0.95801,0.961507,0.966233,0.96993,0.970176,0.969062,0.968577,0.965555,0.963072,0.966772,0.969194,0.967703,0.963874,0.958331,0.95544,0.946961,0.940363,0.932408,0.927006,0.922557,0.919304,0.919057,0.918109,0.913768,0.904137,0.893145,0.888624,0.883792,0.87815,0.873715,0.878048,0.8816,0.882369,0.880965,0.881819,0.882918,0.878658,0.876958,0.877982,0.879517,0.880969,0.87977,0.883247,0.890028,0.89428,0.889528,0.883149,0.88453,0.885237,0.883965,0.882259,0.879344,0.877248,0.874946,0.871553,0.869567,0.868972,0.869124,0.866399,0.863248,0.862866,0.862117,0.863484,0.864869,0.862107,0.859436,0.859399,0.858192,0.856782,0.856941,0.857115,0.856298,0.85334,0.853876,0.851664,0.849737,0.852529,0.850838,0.854477,0.860174,0.864648,0.865346,0.869428,0.870725,0.871443,0.870429,0.867722,0.866153,0.865018,0.865285,0.867814,0.867125,0.864874,0.862818,0.859072,0.855471,0.857092,0.857372,0.859848,0.860438,0.863021,0.866143,0.867432,0.867612,0.868004,0.866417,0.865168,0.866276,0.864545,0.863976,0.859356,0.851803,0.845112,0.84424,0.843926,0.84522,0.845956,0.846776,0.847208,0.848394,0.849872,0.851171,0.852776,0.854912,0.857019,0.85471,0.855649,0.857339,0.857003,0.853611,0.852628,0.852762,0.853214,0.854817,0.85576,0.857367,0.855966,0.857391,0.858291,0.870581,0.87117,0.869984,0.866813,0.866634,0.867888,0.866426,0.864459,0.862163,0.861063,0.860383,0.861623,0.863408,0.862511,0.860934,0.849218,0.846038,0.849473,0.848706,0.847326,0.845309,0.844807,0.847613,0.852406,0.855808,0.857124,0.854443,0.851952,0.849639,0.849436,0.847099,0.844962,0.837745,0.838494,0.839241,0.841472,0.844559,0.840326,0.837306,0.835506,0.83506,0.835945,0.838692,0.842149,0.842473,0.845243,0.84874,0.851674,0.852453,0.852298,0.852143,0.851109,0.852538,0.851398,0.850185,0.84879,0.848017,0.847025,0.845269,0.845212,0.84379,0.838965,0.836148,0.836253,0.838063,0.836886,0.834309,0.835227,0.83663,0.837848,0.838295,0.838236,0.836282,0.836344,0.837929,0.838139,0.839453,0.840736,0.84236,0.839616,0.837831,0.837984,0.835354,0.832657,0.829765,0.828512,0.826878,0.827237,0.826255,0.82536,0.824367,0.824502,0.824406,0.822468,0.820677,0.821009,0.821686,0.823551,0.825029,0.825142,0.823955,0.823597,0.822521,0.827716,0.826252,0.824427,0.82286,0.827685,0.825895,0.825648,0.825248,0.82287,0.821252,0.820038,0.819733,0.818569,0.817713,0.817832,0.815074,0.815678,0.815616,0.817134,0.811122,0.811937,0.811512,0.812565,0.813727,0.814518,0.813482,0.826222,0.838747,0.841849,0.845133,0.854611,0.855368,0.86401,0.865857,0.868655
CRW,Qatar,0.677398,0.006813909999999999,0.684987,0.685358,0.685144,0.685637,0.688269,0.690247,0.693728,0.694773,0.697488,0.702157,0.70555,0.70805,0.711401,0.717245,0.724366,0.732266,0.740026,0.751851,0.760184,0.769932,0.778508,0.787188,0.799709,0.809034,0.814624,0.816112,0.828391,0.848945,0.864175,0.871413,0.870444,0.871749,0.869207,0.869871,0.870041,0.869441,0.867935,0.866784,0.866588,0.86602,0.867903,0.864433,0.857946,0.856714,0.854703,0.852538,0.85112,0.860133,0.861619,0.863788,0.867178,0.868528,0.869173,0.87576,0.876846,0.882129,0.884492,0.88582,0.887825,0.890556,0.895109,0.900015,0.897812,0.89806,0.896094,0.893828,0.89493,0.896432,0.88798,0.887004,0.879895,0.876283,0.87222,0.870695,0.871289,0.869449,0.865866,0.868234,0.877154,0.878394,0.880271,0.87828,0.874413,0.871125,0.87296,0.874553,0.874911,0.874794,0.875122,0.874209,0.87431,0.87512,0.87506,0.866565,0.867699,0.866075,0.863672,0.862455,0.860258,0.860279,0.860762,0.862009,0.863698,0.863176,0.862748,0.859865,0.856834,0.852658,0.849911,0.847359,0.846444,0.849041,0.851556,0.853339,0.852508,0.850156,0.847632,0.844919,0.843033,0.841183,0.842839,0.843033,0.841617,0.841768,0.840099,0.840067,0.839979,0.839117,0.839126,0.83928,0.841073,0.845526,0.850702,0.85406,0.856486,0.857626,0.858045,0.861588,0.86486,0.867116,0.868753,0.867215,0.86527,0.863782,0.864695,0.86297,0.860823,0.860211,0.859062,0.869992,0.873052,0.875999,0.873234,0.870884,0.868242,0.867813,0.868521,0.872038,0.878616,0.883411,0.888916,0.896962,0.904119,0.910111,0.912806,0.916925,0.923823,0.933364,0.930577,0.943354,0.941828,0.937583,0.946334,0.944435,0.940898,0.945283,0.929849,0.916026,0.908007,0.89979,0.902578,0.906535,0.917273,0.932174,0.930589,0.939738,0.950969,0.944681,0.943229,0.94474,0.947052,0.952056,0.951748,0.957085,0.956007,0.937061,0.899969,0.884333,0.867743,0.853684,0.847156,0.83376,0.820171,0.799428,0.783565,0.776445,0.773961,0.767889,0.767657,0.771093,0.767715,0.761631,0.754376,0.751588,0.746974,0.737783,0.73025,0.723003,0.721198,0.718121,0.708869,0.700761,0.693608,0.685596,0.678542,0.670946,0.665019,0.659281,0.651048,0.638519,0.629372,0.621835,0.62097,0.620473,0.617351,0.62045,0.620007,0.616957,0.616727,0.619238,0.625255,0.632306,0.638422,0.637667,0.645134,0.647892,0.653073,0.653073,0.651723,0.652835,0.646676,0.644601,0.649803,0.65152,0.646956,0.641696,0.633635,0.626931,0.627431,0.627368,0.628889,0.633808,0.639554,0.644489,0.648481,0.654928,0.660715,0.657322,0.661686,0.66791,0.673656,0.68375,0.691786,0.700026,0.702403,0.701882,0.69828,0.699577,0.698971,0.69699,0.693209,0.689421,0.688995,0.682033,0.676591,0.672091,0.663428,0.65626,0.651204,0.652364,0.654622,0.657382,0.653379,0.653959,0.656091,0.662209,0.664286,0.664998,0.668228,0.669609,0.674524,0.678219,0.682686,0.687175,0.68458,0.682526,0.681424,0.682983,0.680984,0.678997,0.672381,0.668681,0.668455,0.665444,0.666313,0.661844,0.6635,0.661804,0.655637,0.65407,0.65612,0.658498,0.660441,0.660896,0.664168,0.669442,0.676333,0.678707,0.676188,0.675925,0.679911,0.681401,0.682064,0.682803,0.683452,0.685434,0.685275,0.681779,0.6802,0.675722,0.673502,0.671491,0.66767,0.667218,0.664516,0.663572,0.662988,0.664215,0.666348,0.666147,0.662203,0.660249,0.660922,0.662114,0.661658,0.660811,0.659317,0.661641,0.668147,0.673514,0.675706,0.676879,0.67665,0.677398,0.681391,0.684987,0.685358,0.685144,0.685637,0.688269,0.690247,0.693728,0.694773,0.697488,0.702157,0.70555,0.70805,0.711401,0.717245,0.724366,0.732266,0.740026,0.751851,0.760184,0.769932,0.778508,0.787188,0.799709,0.809034,0.814624,0.816112,0.828391,0.848945,0.864175,0.871413,0.870444,0.871749,0.869207,0.869871,0.870041,0.869441,0.867935,0.866784,0.866588,0.86602,0.867903,0.864433,0.857946,0.856714,0.854703,0.852538,0.85112,0.860133,0.861619,0.863788,0.867178,0.868528,0.869173,0.87576,0.876846,0.882129,0.884492,0.88582,0.887825,0.890556,0.895109,0.900015,0.897812,0.89806,0.896094,0.893828,0.89493,0.896432,0.88798,0.887004,0.879895,0.876283,0.87222,0.870695,0.871289,0.869449,0.865866,0.868234,0.877154,0.878394,0.880271,0.87828,0.874413,0.871125,0.87296,0.874553,0.874911,0.874794,0.875122,0.874209,0.87431,0.87512,0.87506,0.866565,0.867699,0.866075,0.863672,0.862455,0.860258,0.860279,0.860762,0.862009,0.863698,0.863176,0.862748,0.859865,0.856834,0.852658,0.849911,0.847359,0.846444,0.849041,0.851556,0.853339,0.852508,0.850156,0.847632,0.844919,0.843033,0.841183,0.842839,0.843033,0.841617,0.841768,0.840099,0.840067,0.839979,0.839117,0.839126,0.83928,0.841073,0.845526,0.850702,0.85406,0.856486,0.857626,0.858045,0.861588,0.86486,0.867116,0.868753,0.867215,0.86527,0.863782,0.864695,0.86297,0.860823,0.860211,0.859062,0.869992,0.873052,0.875999,0.873234,0.870884,0.868242,0.867813,0.868521,0.872038,0.878616,0.883411,0.888916,0.896962,0.904119,0.910111,0.912806,0.916925,0.923823,0.933364,0.930577,0.943354,0.941828,0.937583,0.946334,0.944435,0.940898,0.945283,0.929849,0.916026,0.908007,0.89979,0.902578,0.906535,0.917273,0.932174,0.930589,0.939738,0.950969,0.944681,0.943229,0.94474,0.947052,0.952056,0.951748,0.957085,0.956007,0.937061,0.899969,0.884333,0.867743,0.853684,0.847156,0.83376,0.820171,0.799428,0.783565,0.776445,0.773961,0.767889,0.767657,0.771093,0.767715,0.761631,0.754376,0.751588,0.746974,0.737783,0.73025,0.723003,0.721198,0.718121,0.708869,0.700761,0.693608,0.685596,0.678542,0.670946,0.665019,0.659281,0.651048,0.638519,0.629372,0.621835,0.62097,0.620473,0.617351,0.62045,0.620007,0.616957,0.616727,0.619238,0.625255,0.632306,0.638422,0.637667,0.645134,0.647892,0.653073,0.653073,0.651723,0.652835,0.646676,0.644601,0.649803,0.65152,0.646956,0.641696,0.633635,0.626931,0.627431,0.627368,0.628889,0.633808,0.639554,0.644489,0.648481,0.654928,0.660715,0.657322,0.661686,0.66791,0.673656,0.68375,0.691786,0.700026,0.702403,0.701882,0.69828,0.699577,0.698971,0.69699,0.693209,0.689421,0.688995,0.682033,0.676591,0.672091,0.663428,0.65626,0.651204,0.652364,0.654622,0.657382,0.653379,0.653959,0.656091,0.662209,0.664286,0.664998,0.668228,0.669609,0.674524,0.678219,0.682686,0.687175,0.68458,0.682526,0.681424,0.682983,0.680984,0.678997,0.672381,0.668681,0.668455,0.665444,0.666313,0.661844,0.6635,0.661804,0.655637,0.65407,0.65612,0.658498,0.660441,0.660896,0.664168,0.669442,0.676333,0.678707,0.676188,0.675925,0.679911,0.681401,0.682064,0.682803,0.683452,0.685434,0.685275,0.681779,0.6802,0.675722,0.673502,0.671491,0.66767,0.667218,0.664516,0.663572,0.662988,0.664215,0.666348,0.666147,0.662203,0.660249,0.660922,0.662114,0.661658,0.660811,0.659317,0.661641,0.668147,0.673514,0.675706,0.676879,0.67665
CRW,Romania,0.861467,0.00860563,0.862853,0.86255,0.861676,0.864136,0.86383,0.866312,0.877884,0.890875,0.896946,0.901456,0.903789,0.905971,0.908302,0.910227,0.910454,0.912541,0.913884,0.915678,0.917423,0.922874,0.926888,0.923674,0.918864,0.915838,0.916364,0.918758,0.919768,0.922352,0.941759,0.953875,0.961533,0.967191,0.969291,0.970335,0.967902,0.96772,0.968809,0.972931,0.978463,0.982481,0.985933,0.991479,0.996295,0.988381,0.981465,0.977682,0.973464,0.972869,0.974685,0.979384,0.977945,0.977995,0.972186,0.970903,0.972591,0.973855,0.973049,0.967408,0.963022,0.965011,0.963165,0.961549,0.959864,0.959218,0.957804,0.963148,0.966861,0.972145,0.974635,0.974721,0.975693,0.977032,0.980867,0.983118,0.983898,0.987234,0.993692,1.001168,1.002394,1.003351,1.003559,1.003052,0.999006,0.994853,0.994226,0.992189,0.990497,0.989423,0.991136,0.988077,0.988776,0.989524,0.986865,0.984733,0.983151,0.979243,0.974543,0.975891,0.97615,0.973275,0.968705,0.966684,0.963936,0.959541,0.96351,0.969757,0.967083,0.966986,0.967892,0.967065,0.970143,0.969533,0.968147,0.965463,0.963783,0.964443,0.961911,0.961042,0.960337,0.958642,0.947802,0.943706,0.939279,0.936155,0.933957,0.92779,0.929739,0.930131,0.930028,0.926651,0.922303,0.918315,0.915643,0.912495,0.904095,0.901323,0.910363,0.907582,0.903453,0.901798,0.899348,0.893172,0.887696,0.892188,0.896799,0.902337,0.905792,0.906383,0.904913,0.904095,0.902921,0.898084,0.902907,0.907821,0.910876,0.913544,0.914765,0.913653,0.905808,0.904045,0.897737,0.896946,0.895864,0.899139,0.900103,0.899306,0.887694,0.879003,0.872177,0.865211,0.867657,0.865605,0.882278,0.882398,0.877954,0.877824,0.875023,0.873724,0.870953,0.87096,0.871728,0.875675,0.880141,0.884015,0.88926,0.890215,0.890684,0.873611,0.870833,0.875055,0.875039,0.876282,0.874327,0.87037,0.869135,0.868668,0.86592,0.862704,0.860596,0.858618,0.858056,0.858134,0.858557,0.857584,0.857031,0.854884,0.853079,0.851575,0.856156,0.855426,0.853845,0.853839,0.855093,0.855132,0.854844,0.85544,0.855916,0.854716,0.853698,0.859181,0.859415,0.860214,0.863792,0.863533,0.86324,0.862672,0.86165,0.861221,0.86197,0.863424,0.864752,0.863602,0.863075,0.864475,0.861344,0.861679,0.861808,0.86046,0.854266,0.845769,0.83773,0.831021,0.826825,0.823316,0.819406,0.814016,0.809364,0.816366,0.823141,0.827409,0.82933,0.825219,0.821288,0.826164,0.826812,0.829555,0.830262,0.836572,0.843481,0.851528,0.850552,0.849917,0.848304,0.847908,0.846843,0.845063,0.843289,0.839535,0.835758,0.834495,0.835054,0.836496,0.840256,0.844929,0.841994,0.841193,0.841044,0.842357,0.842507,0.833213,0.818329,0.819339,0.814215,0.812555,0.818286,0.825063,0.832183,0.820763,0.803048,0.793291,0.790092,0.788123,0.781508,0.769786,0.76699,0.775395,0.769492,0.775658,0.77869,0.767091,0.763128,0.758466,0.759273,0.762856,0.767086,0.767846,0.771439,0.775149,0.779839,0.781843,0.778689,0.772787,0.764592,0.761321,0.76114,0.765005,0.772208,0.780158,0.787738,0.796944,0.807692,0.817379,0.828735,0.829999,0.832264,0.833893,0.833482,0.834698,0.835674,0.835377,0.837571,0.841204,0.844525,0.847055,0.848303,0.846269,0.845059,0.849216,0.84673,0.845242,0.844152,0.843518,0.842155,0.842907,0.844144,0.862985,0.860305,0.860003,0.858211,0.859601,0.862156,0.866432,0.868566,0.871766,0.874764,0.876229,0.877514,0.880016,0.881221,0.882534,0.860177,0.862481,0.860731,0.861467,0.860563,0.862853,0.86255,0.861676,0.864136,0.86383,0.866312,0.877884,0.890875,0.896946,0.901456,0.903789,0.905971,0.908302,0.910227,0.910454,0.912541,0.913884,0.915678,0.917423,0.922874,0.926888,0.923674,0.918864,0.915838,0.916364,0.918758,0.919768,0.922352,0.941759,0.953875,0.961533,0.967191,0.969291,0.970335,0.967902,0.96772,0.968809,0.972931,0.978463,0.982481,0.985933,0.991479,0.996295,0.988381,0.981465,0.977682,0.973464,0.972869,0.974685,0.979384,0.977945,0.977995,0.972186,0.970903,0.972591,0.973855,0.973049,0.967408,0.963022,0.965011,0.963165,0.961549,0.959864,0.959218,0.957804,0.963148,0.966861,0.972145,0.974635,0.974721,0.975693,0.977032,0.980867,0.983118,0.983898,0.987234,0.993692,1.001168,1.002394,1.003351,1.003559,1.003052,0.999006,0.994853,0.994226,0.992189,0.990497,0.989423,0.991136,0.988077,0.988776,0.989524,0.986865,0.984733,0.983151,0.979243,0.974543,0.975891,0.97615,0.973275,0.968705,0.966684,0.963936,0.959541,0.96351,0.969757,0.967083,0.966986,0.967892,0.967065,0.970143,0.969533,0.968147,0.965463,0.963783,0.964443,0.961911,0.961042,0.960337,0.958642,0.947802,0.943706,0.939279,0.936155,0.933957,0.92779,0.929739,0.930131,0.930028,0.926651,0.922303,0.918315,0.915643,0.912495,0.904095,0.901323,0.910363,0.907582,0.903453,0.901798,0.899348,0.893172,0.887696,0.892188,0.896799,0.902337,0.905792,0.906383,0.904913,0.904095,0.902921,0.898084,0.902907,0.907821,0.910876,0.913544,0.914765,0.913653,0.905808,0.904045,0.897737,0.896946,0.895864,0.899139,0.900103,0.899306,0.887694,0.879003,0.872177,0.865211,0.867657,0.865605,0.882278,0.882398,0.877954,0.877824,0.875023,0.873724,0.870953,0.87096,0.871728,0.875675,0.880141,0.884015,0.88926,0.890215,0.890684,0.873611,0.870833,0.875055,0.875039,0.876282,0.874327,0.87037,0.869135,0.868668,0.86592,0.862704,0.860596,0.858618,0.858056,0.858134,0.858557,0.857584,0.857031,0.854884,0.853079,0.851575,0.856156,0.855426,0.853845,0.853839,0.855093,0.855132,0.854844,0.85544,0.855916,0.854716,0.853698,0.859181,0.859415,0.860214,0.863792,0.863533,0.86324,0.862672,0.86165,0.861221,0.86197,0.863424,0.864752,0.863602,0.863075,0.864475,0.861344,0.861679,0.861808,0.86046,0.854266,0.845769,0.83773,0.831021,0.826825,0.823316,0.819406,0.814016,0.809364,0.816366,0.823141,0.827409,0.82933,0.825219,0.821288,0.826164,0.826812,0.829555,0.830262,0.836572,0.843481,0.851528,0.850552,0.849917,0.848304,0.847908,0.846843,0.845063,0.843289,0.839535,0.835758,0.834495,0.835054,0.836496,0.840256,0.844929,0.841994,0.841193,0.841044,0.842357,0.842507,0.833213,0.818329,0.819339,0.814215,0.812555,0.818286,0.825063,0.832183,0.820763,0.803048,0.793291,0.790092,0.788123,0.781508,0.769786,0.76699,0.775395,0.769492,0.775658,0.77869,0.767091,0.763128,0.758466,0.759273,0.762856,0.767086,0.767846,0.771439,0.775149,0.779839,0.781843,0.778689,0.772787,0.764592,0.761321,0.76114,0.765005,0.772208,0.780158,0.787738,0.796944,0.807692,0.817379,0.828735,0.829999,0.832264,0.833893,0.833482,0.834698,0.835674,0.835377,0.837571,0.841204,0.844525,0.847055,0.848303,0.846269,0.845059,0.849216,0.84673,0.845242,0.844152,0.843518,0.842155,0.842907,0.844144,0.862985,0.860305,0.860003,0.858211,0.859601,0.862156,0.866432,0.868566,0.871766,0.874764,0.876229,0.877514,0.880016,0.881221,0.882534,0.860177,0.862481,0.860731
CRW,Russia,0.987083,0.009870049999999998,0.987024,0.987653,0.990805,0.991607,0.993264,0.995749,0.99856,1.003242,1.00619,1.011004,1.017502,1.020857,1.021568,1.022069,1.02496,1.031971,1.037122,1.040023,1.04218,1.045922,1.049075,1.052038,1.053341,1.054682,1.054639,1.055021,1.057445,1.064014,1.074554,1.083449,1.08866,1.094155,1.100477,1.106475,1.10917,1.1112,1.111106,1.111841,1.115467,1.120624,1.121369,1.122944,1.119737,1.114508,1.107639,1.101809,1.0953,1.089065,1.085112,1.083396,1.082791,1.083666,1.085058,1.083936,1.081582,1.080772,1.080206,1.080479,1.079986,1.08007,1.081137,1.084004,1.085883,1.087251,1.08985,1.091728,1.094606,1.097893,1.097205,1.095017,1.094249,1.091499,1.090415,1.088754,1.089132,1.0888,1.088371,1.087864,1.086675,1.08489,1.083724,1.079641,1.073407,1.074106,1.078937,1.080564,1.082598,1.083984,1.08563,1.086341,1.084977,1.083281,1.083024,1.081493,1.078716,1.076239,1.077278,1.077618,1.076435,1.07121,1.068317,1.064823,1.059513,1.055273,1.053765,1.055468,1.055657,1.056328,1.05825,1.059328,1.058726,1.055494,1.053061,1.051135,1.052243,1.055436,1.057452,1.058913,1.058031,1.055259,1.049664,1.047445,1.043709,1.03782,1.033984,1.031655,1.029125,1.025776,1.023632,1.020832,1.014649,1.009387,1.005844,1.006005,1.004731,1.003593,1.001134,0.999032,0.999059,0.995431,0.99108,0.988987,0.986671,0.987785,0.987296,0.987471,0.98751,0.986259,0.98239,0.980682,0.982237,0.985587,0.989044,0.990654,0.993072,0.994104,0.992901,0.991524,0.984454,0.9831,0.979745,0.97703,0.976079,0.975616,0.973428,0.968485,0.962899,0.957569,0.953182,0.948839,0.946092,0.94534,0.945329,0.947082,0.945457,0.945381,0.945169,0.945115,0.944888,0.94418,0.943139,0.940578,0.937958,0.93553,0.933861,0.93286,0.929703,0.930408,0.928324,0.926067,0.924529,0.921759,0.918656,0.915969,0.914506,0.910721,0.904181,0.901729,0.901548,0.901046,0.899247,0.895575,0.892011,0.891382,0.889681,0.889146,0.888098,0.886726,0.886496,0.886821,0.886235,0.88591,0.885544,0.884296,0.882337,0.881532,0.880376,0.878306,0.874408,0.872273,0.869331,0.867433,0.866753,0.865222,0.864322,0.864388,0.863423,0.861829,0.86079,0.858831,0.857543,0.856596,0.858507,0.859056,0.857466,0.85686,0.856103,0.854361,0.852288,0.850214,0.848899,0.848181,0.848464,0.847161,0.847718,0.848776,0.849428,0.847824,0.847115,0.847775,0.848139,0.847762,0.848098,0.848553,0.848445,0.849134,0.848873,0.848234,0.847413,0.845154,0.843927,0.844483,0.844418,0.84306,0.842434,0.843465,0.843828,0.843665,0.84258,0.842072,0.841934,0.841581,0.841766,0.842275,0.843724,0.844378,0.842915,0.841713,0.841185,0.84042,0.839026,0.839434,0.838553,0.838049,0.838006,0.8387,0.839795,0.839878,0.840138,0.840145,0.840737,0.842669,0.84511,0.846572,0.847737,0.84734,0.848935,0.851748,0.854631,0.855086,0.854455,0.854495,0.854416,0.855197,0.855765,0.856568,0.857549,0.858775,0.86152,0.864767,0.869004,0.869343,0.869168,0.866722,0.869013,0.870845,0.87364,0.876874,0.878434,0.880652,0.882531,0.884291,0.885548,0.88569,0.886351,0.88652,0.889898,0.892338,0.895632,0.897853,0.901535,0.903966,0.907438,0.910526,0.91418,0.917372,0.920356,0.923576,0.926384,0.928713,0.930976,0.931446,0.934564,0.937241,0.939526,0.939841,0.941305,0.945768,0.948319,0.950178,0.951596,0.953347,0.954112,0.957178,0.959796,0.963024,0.967638,0.971512,0.975544,0.978426,0.981399,0.985036,0.985469,0.987083,0.987005,0.987024,0.987653,0.990805,0.991607,0.993264,0.995749,0.99856,1.003242,1.00619,1.011004,1.017502,1.020857,1.021568,1.022069,1.02496,1.031971,1.037122,1.040023,1.04218,1.045922,1.049075,1.052038,1.053341,1.054682,1.054639,1.055021,1.057445,1.064014,1.074554,1.083449,1.08866,1.094155,1.100477,1.106475,1.10917,1.1112,1.111106,1.111841,1.115467,1.120624,1.121369,1.122944,1.119737,1.114508,1.107639,1.101809,1.0953,1.089065,1.085112,1.083396,1.082791,1.083666,1.085058,1.083936,1.081582,1.080772,1.080206,1.080479,1.079986,1.08007,1.081137,1.084004,1.085883,1.087251,1.08985,1.091728,1.094606,1.097893,1.097205,1.095017,1.094249,1.091499,1.090415,1.088754,1.089132,1.0888,1.088371,1.087864,1.086675,1.08489,1.083724,1.079641,1.073407,1.074106,1.078937,1.080564,1.082598,1.083984,1.08563,1.086341,1.084977,1.083281,1.083024,1.081493,1.078716,1.076239,1.077278,1.077618,1.076435,1.07121,1.068317,1.064823,1.059513,1.055273,1.053765,1.055468,1.055657,1.056328,1.05825,1.059328,1.058726,1.055494,1.053061,1.051135,1.052243,1.055436,1.057452,1.058913,1.058031,1.055259,1.049664,1.047445,1.043709,1.03782,1.033984,1.031655,1.029125,1.025776,1.023632,1.020832,1.014649,1.009387,1.005844,1.006005,1.004731,1.003593,1.001134,0.999032,0.999059,0.995431,0.99108,0.988987,0.986671,0.987785,0.987296,0.987471,0.98751,0.986259,0.98239,0.980682,0.982237,0.985587,0.989044,0.990654,0.993072,0.994104,0.992901,0.991524,0.984454,0.9831,0.979745,0.97703,0.976079,0.975616,0.973428,0.968485,0.962899,0.957569,0.953182,0.948839,0.946092,0.94534,0.945329,0.947082,0.945457,0.945381,0.945169,0.945115,0.944888,0.94418,0.943139,0.940578,0.937958,0.93553,0.933861,0.93286,0.929703,0.930408,0.928324,0.926067,0.924529,0.921759,0.918656,0.915969,0.914506,0.910721,0.904181,0.901729,0.901548,0.901046,0.899247,0.895575,0.892011,0.891382,0.889681,0.889146,0.888098,0.886726,0.886496,0.886821,0.886235,0.88591,0.885544,0.884296,0.882337,0.881532,0.880376,0.878306,0.874408,0.872273,0.869331,0.867433,0.866753,0.865222,0.864322,0.864388,0.863423,0.861829,0.86079,0.858831,0.857543,0.856596,0.858507,0.859056,0.857466,0.85686,0.856103,0.854361,0.852288,0.850214,0.848899,0.848181,0.848464,0.847161,0.847718,0.848776,0.849428,0.847824,0.847115,0.847775,0.848139,0.847762,0.848098,0.848553,0.848445,0.849134,0.848873,0.848234,0.847413,0.845154,0.843927,0.844483,0.844418,0.84306,0.842434,0.843465,0.843828,0.843665,0.84258,0.842072,0.841934,0.841581,0.841766,0.842275,0.843724,0.844378,0.842915,0.841713,0.841185,0.84042,0.839026,0.839434,0.838553,0.838049,0.838006,0.8387,0.839795,0.839878,0.840138,0.840145,0.840737,0.842669,0.84511,0.846572,0.847737,0.84734,0.848935,0.851748,0.854631,0.855086,0.854455,0.854495,0.854416,0.855197,0.855765,0.856568,0.857549,0.858775,0.86152,0.864767,0.869004,0.869343,0.869168,0.866722,0.869013,0.870845,0.87364,0.876874,0.878434,0.880652,0.882531,0.884291,0.885548,0.88569,0.886351,0.88652,0.889898,0.892338,0.895632,0.897853,0.901535,0.903966,0.907438,0.910526,0.91418,0.917372,0.920356,0.923576,0.926384,0.928713,0.930976,0.931446,0.934564,0.937241,0.939526,0.939841,0.941305,0.945768,0.948319,0.950178,0.951596,0.953347,0.954112,0.957178,0.959796,0.963024,0.967638,0.971512,0.975544,0.978426,0.981399,0.985036,0.985469
CRW,Rwanda,1.304301,0.013006070000000002,1.302839,1.307299,1.304445,1.30406,1.302354,1.295886,1.292264,1.286592,1.28727,1.284039,1.27429,1.26376,1.249002,1.241521,1.234272,1.226412,1.220857,1.208787,1.202474,1.195308,1.188045,1.184042,1.188821,1.182619,1.18271,1.181307,1.177119,1.186882,1.181139,1.180689,1.185487,1.189928,1.19072,1.195312,1.1991,1.204161,1.211016,1.205735,1.210176,1.21865,1.231815,1.240852,1.228674,1.234546,1.231424,1.234092,1.237935,1.241494,1.243372,1.235737,1.230946,1.220391,1.219251,1.210849,1.20375,1.189716,1.181474,1.185796,1.183628,1.184472,1.181513,1.171086,1.165256,1.165129,1.171237,1.176557,1.182706,1.18629,1.190177,1.189753,1.191497,1.194531,1.195184,1.198974,1.202142,1.201518,1.208066,1.212912,1.209562,1.20318,1.205619,1.208667,1.214675,1.215698,1.215628,1.224262,1.228387,1.236314,1.251187,1.256428,1.26104,1.261806,1.271368,1.273002,1.28149,1.276945,1.274254,1.276446,1.288749,1.301737,1.30675,1.312797,1.32433,1.32557,1.331162,1.337511,1.347862,1.346987,1.357878,1.368623,1.374627,1.37206,1.371538,1.368188,1.364852,1.362929,1.367658,1.366179,1.363251,1.359294,1.356219,1.356974,1.359221,1.36229,1.365771,1.371065,1.386137,1.392627,1.399923,1.405561,1.408281,1.404131,1.402258,1.406427,1.406927,1.416173,1.412558,1.411033,1.408134,1.418189,1.42429,1.421362,1.414056,1.418108,1.41635,1.420679,1.420415,1.418091,1.414204,1.414877,1.40391,1.398933,1.399541,1.405082,1.395985,1.397711,1.382883,1.381636,1.373269,1.367231,1.355293,1.343936,1.333616,1.319437,1.304496,1.294132,1.287436,1.273308,1.261481,1.250869,1.234947,1.234841,1.236037,1.231217,1.219989,1.208154,1.20357,1.192809,1.182478,1.177466,1.171449,1.170364,1.165906,1.162256,1.162659,1.162216,1.160064,1.15439,1.142863,1.139098,1.134878,1.131209,1.131515,1.13472,1.134875,1.132782,1.117074,1.110906,1.099269,1.084149,1.074092,1.067877,1.062562,1.052366,1.043088,1.034385,1.027483,1.023777,1.016797,1.014223,1.011233,1.008957,1.004795,1.000828,1.00191,0.999823,0.992656,0.993895,0.998469,0.999142,0.998217,0.998872,0.994509,0.995126,0.991177,0.989343,0.987101,0.98587,0.987628,0.982356,0.978344,0.976298,0.973359,0.972879,0.97299,0.973498,0.973971,0.970751,0.96676,0.963966,0.961332,0.964645,0.96691,0.969241,0.974145,0.980341,0.980312,0.976932,0.97129,0.969936,0.96776,0.966461,0.965465,0.961838,0.962857,0.960251,0.9547,0.949778,0.945706,0.941152,0.934302,0.932366,0.934409,0.936197,0.934981,0.935484,0.934758,0.933996,0.937036,0.939898,0.94144,0.94358,0.948452,0.95034,0.95144,0.953649,0.959089,0.95921,0.962074,0.970109,0.974877,0.978923,0.991029,0.994945,0.997426,1.00247,1.005402,1.004059,1.008639,1.012453,1.01378,1.014522,1.015964,1.018882,1.017411,1.022999,1.026157,1.025015,1.027481,1.029493,1.035959,1.03949,1.047566,1.047062,1.049315,1.05387,1.059663,1.074731,1.078952,1.092376,1.098296,1.105593,1.120069,1.134574,1.150929,1.151045,1.154186,1.16502,1.176001,1.182951,1.193561,1.202342,1.207356,1.224399,1.233769,1.23214,1.238548,1.240204,1.233524,1.222767,1.232794,1.248196,1.242717,1.248293,1.25198,1.24125,1.242815,1.256864,1.2547,1.260352,1.266089,1.275075,1.278016,1.295144,1.305927,1.302555,1.294232,1.295696,1.290715,1.296316,1.301226,1.295949,1.298926,1.294341,1.292132,1.298295,1.296038,1.29246,1.284821,1.279137,1.285402,1.294974,1.30495,1.304301,1.300607,1.302839,1.307299,1.304445,1.30406,1.302354,1.295886,1.292264,1.286592,1.28727,1.284039,1.27429,1.26376,1.249002,1.241521,1.234272,1.226412,1.220857,1.208787,1.202474,1.195308,1.188045,1.184042,1.188821,1.182619,1.18271,1.181307,1.177119,1.186882,1.181139,1.180689,1.185487,1.189928,1.19072,1.195312,1.1991,1.204161,1.211016,1.205735,1.210176,1.21865,1.231815,1.240852,1.228674,1.234546,1.231424,1.234092,1.237935,1.241494,1.243372,1.235737,1.230946,1.220391,1.219251,1.210849,1.20375,1.189716,1.181474,1.185796,1.183628,1.184472,1.181513,1.171086,1.165256,1.165129,1.171237,1.176557,1.182706,1.18629,1.190177,1.189753,1.191497,1.194531,1.195184,1.198974,1.202142,1.201518,1.208066,1.212912,1.209562,1.20318,1.205619,1.208667,1.214675,1.215698,1.215628,1.224262,1.228387,1.236314,1.251187,1.256428,1.26104,1.261806,1.271368,1.273002,1.28149,1.276945,1.274254,1.276446,1.288749,1.301737,1.30675,1.312797,1.32433,1.32557,1.331162,1.337511,1.347862,1.346987,1.357878,1.368623,1.374627,1.37206,1.371538,1.368188,1.364852,1.362929,1.367658,1.366179,1.363251,1.359294,1.356219,1.356974,1.359221,1.36229,1.365771,1.371065,1.386137,1.392627,1.399923,1.405561,1.408281,1.404131,1.402258,1.406427,1.406927,1.416173,1.412558,1.411033,1.408134,1.418189,1.42429,1.421362,1.414056,1.418108,1.41635,1.420679,1.420415,1.418091,1.414204,1.414877,1.40391,1.398933,1.399541,1.405082,1.395985,1.397711,1.382883,1.381636,1.373269,1.367231,1.355293,1.343936,1.333616,1.319437,1.304496,1.294132,1.287436,1.273308,1.261481,1.250869,1.234947,1.234841,1.236037,1.231217,1.219989,1.208154,1.20357,1.192809,1.182478,1.177466,1.171449,1.170364,1.165906,1.162256,1.162659,1.162216,1.160064,1.15439,1.142863,1.139098,1.134878,1.131209,1.131515,1.13472,1.134875,1.132782,1.117074,1.110906,1.099269,1.084149,1.074092,1.067877,1.062562,1.052366,1.043088,1.034385,1.027483,1.023777,1.016797,1.014223,1.011233,1.008957,1.004795,1.000828,1.00191,0.999823,0.992656,0.993895,0.998469,0.999142,0.998217,0.998872,0.994509,0.995126,0.991177,0.989343,0.987101,0.98587,0.987628,0.982356,0.978344,0.976298,0.973359,0.972879,0.97299,0.973498,0.973971,0.970751,0.96676,0.963966,0.961332,0.964645,0.96691,0.969241,0.974145,0.980341,0.980312,0.976932,0.97129,0.969936,0.96776,0.966461,0.965465,0.961838,0.962857,0.960251,0.9547,0.949778,0.945706,0.941152,0.934302,0.932366,0.934409,0.936197,0.934981,0.935484,0.934758,0.933996,0.937036,0.939898,0.94144,0.94358,0.948452,0.95034,0.95144,0.953649,0.959089,0.95921,0.962074,0.970109,0.974877,0.978923,0.991029,0.994945,0.997426,1.00247,1.005402,1.004059,1.008639,1.012453,1.01378,1.014522,1.015964,1.018882,1.017411,1.022999,1.026157,1.025015,1.027481,1.029493,1.035959,1.03949,1.047566,1.047062,1.049315,1.05387,1.059663,1.074731,1.078952,1.092376,1.098296,1.105593,1.120069,1.134574,1.150929,1.151045,1.154186,1.16502,1.176001,1.182951,1.193561,1.202342,1.207356,1.224399,1.233769,1.23214,1.238548,1.240204,1.233524,1.222767,1.232794,1.248196,1.242717,1.248293,1.25198,1.24125,1.242815,1.256864,1.2547,1.260352,1.266089,1.275075,1.278016,1.295144,1.305927,1.302555,1.294232,1.295696,1.290715,1.296316,1.301226,1.295949,1.298926,1.294341,1.292132,1.298295,1.296038,1.29246,1.284821,1.279137,1.285402,1.294974,1.30495
CRW,San Marino,0.826259,0.008272950000000001,0.828963,0.832193,0.836528,0.841012,0.842336,0.844345,0.856221,0.866565,0.868024,0.869112,0.872086,0.875081,0.87919,0.88357,0.886954,0.893606,0.895985,0.897017,0.89846,0.906332,0.911853,0.911609,0.913097,0.925348,0.93258,0.937941,0.939686,0.94287,0.944866,0.947619,0.94826,0.948768,0.950001,0.94877,0.944162,0.942792,0.943923,0.941328,0.927483,0.935217,0.947973,0.953467,0.955888,0.958737,0.958989,0.96026,0.962809,0.966639,0.972904,0.979718,0.985741,0.987953,0.990105,0.991025,0.980743,0.964602,0.962254,0.960767,0.967596,0.977665,0.978791,0.979395,0.977055,0.975471,0.975337,0.979415,0.984048,0.988329,0.992797,0.996357,0.998276,1.000303,1.001017,0.995964,0.973761,0.973735,0.975994,0.977036,0.976884,0.976879,0.969185,0.963824,0.959033,0.955164,0.953335,0.953649,0.965976,0.97689,0.982565,0.983712,0.984612,0.98181,0.980611,0.980918,0.977094,0.974582,0.975103,0.972197,0.968803,0.965005,0.959838,0.946735,0.930883,0.922379,0.924309,0.925411,0.925477,0.924276,0.918971,0.918557,0.9166,0.91315,0.912243,0.923199,0.922597,0.92321,0.922971,0.922134,0.925203,0.918453,0.911499,0.90941,0.906982,0.902768,0.899562,0.901721,0.904698,0.904271,0.897757,0.896132,0.893956,0.89282,0.897599,0.891777,0.891717,0.893905,0.892367,0.891117,0.891331,0.889895,0.883894,0.877091,0.873229,0.872537,0.871881,0.870747,0.870843,0.863118,0.860899,0.853716,0.84601,0.849441,0.855556,0.862267,0.872195,0.882732,0.884257,0.883505,0.879681,0.881395,0.877196,0.874522,0.873439,0.875312,0.875632,0.872424,0.865592,0.857905,0.852383,0.844057,0.834394,0.834139,0.834253,0.834143,0.83113,0.83166,0.831602,0.830495,0.826818,0.826565,0.827069,0.828518,0.837816,0.835782,0.836162,0.837002,0.836475,0.844266,0.847052,0.847375,0.846614,0.846554,0.847472,0.844947,0.849348,0.854209,0.854486,0.855469,0.855189,0.855472,0.864704,0.87383,0.875625,0.876591,0.877302,0.876617,0.875908,0.878067,0.876941,0.874983,0.87362,0.872028,0.872334,0.872277,0.871965,0.866399,0.856093,0.852432,0.851214,0.85293,0.854917,0.854899,0.85344,0.852869,0.852075,0.852,0.853232,0.853872,0.855775,0.853904,0.850674,0.838048,0.834364,0.828232,0.829403,0.825992,0.82488,0.823713,0.823862,0.823834,0.823073,0.824387,0.82413,0.820151,0.818989,0.81759,0.817347,0.816347,0.815628,0.813718,0.815808,0.813334,0.817962,0.819847,0.817826,0.815458,0.810879,0.807907,0.807048,0.836526,0.842112,0.845711,0.845086,0.844556,0.841759,0.84028,0.839332,0.838561,0.837997,0.838259,0.838589,0.838931,0.837613,0.8377,0.822616,0.821092,0.815732,0.838719,0.83484,0.830278,0.82054,0.816318,0.812576,0.812118,0.812884,0.813624,0.812242,0.809946,0.81418,0.817977,0.819983,0.820015,0.788139,0.789912,0.799244,0.80634,0.81103,0.811139,0.808637,0.804923,0.803237,0.803455,0.810924,0.810889,0.815561,0.817093,0.816636,0.816033,0.812657,0.808291,0.805766,0.799583,0.796988,0.795113,0.810865,0.815824,0.814904,0.81929,0.819827,0.819657,0.820696,0.821628,0.822372,0.824573,0.825613,0.826341,0.827412,0.826901,0.828177,0.822778,0.826578,0.828251,0.821158,0.824268,0.8412,0.841036,0.840008,0.838873,0.836519,0.836498,0.837288,0.837347,0.83725,0.841607,0.851336,0.851475,0.849199,0.847646,0.851389,0.844944,0.847197,0.848829,0.850568,0.852779,0.85389,0.854805,0.856582,0.859917,0.858673,0.837127,0.837972,0.841419,0.84379,0.826259,0.827295,0.828963,0.832193,0.836528,0.841012,0.842336,0.844345,0.856221,0.866565,0.868024,0.869112,0.872086,0.875081,0.87919,0.88357,0.886954,0.893606,0.895985,0.897017,0.89846,0.906332,0.911853,0.911609,0.913097,0.925348,0.93258,0.937941,0.939686,0.94287,0.944866,0.947619,0.94826,0.948768,0.950001,0.94877,0.944162,0.942792,0.943923,0.941328,0.927483,0.935217,0.947973,0.953467,0.955888,0.958737,0.958989,0.96026,0.962809,0.966639,0.972904,0.979718,0.985741,0.987953,0.990105,0.991025,0.980743,0.964602,0.962254,0.960767,0.967596,0.977665,0.978791,0.979395,0.977055,0.975471,0.975337,0.979415,0.984048,0.988329,0.992797,0.996357,0.998276,1.000303,1.001017,0.995964,0.973761,0.973735,0.975994,0.977036,0.976884,0.976879,0.969185,0.963824,0.959033,0.955164,0.953335,0.953649,0.965976,0.97689,0.982565,0.983712,0.984612,0.98181,0.980611,0.980918,0.977094,0.974582,0.975103,0.972197,0.968803,0.965005,0.959838,0.946735,0.930883,0.922379,0.924309,0.925411,0.925477,0.924276,0.918971,0.918557,0.9166,0.91315,0.912243,0.923199,0.922597,0.92321,0.922971,0.922134,0.925203,0.918453,0.911499,0.90941,0.906982,0.902768,0.899562,0.901721,0.904698,0.904271,0.897757,0.896132,0.893956,0.89282,0.897599,0.891777,0.891717,0.893905,0.892367,0.891117,0.891331,0.889895,0.883894,0.877091,0.873229,0.872537,0.871881,0.870747,0.870843,0.863118,0.860899,0.853716,0.84601,0.849441,0.855556,0.862267,0.872195,0.882732,0.884257,0.883505,0.879681,0.881395,0.877196,0.874522,0.873439,0.875312,0.875632,0.872424,0.865592,0.857905,0.852383,0.844057,0.834394,0.834139,0.834253,0.834143,0.83113,0.83166,0.831602,0.830495,0.826818,0.826565,0.827069,0.828518,0.837816,0.835782,0.836162,0.837002,0.836475,0.844266,0.847052,0.847375,0.846614,0.846554,0.847472,0.844947,0.849348,0.854209,0.854486,0.855469,0.855189,0.855472,0.864704,0.87383,0.875625,0.876591,0.877302,0.876617,0.875908,0.878067,0.876941,0.874983,0.87362,0.872028,0.872334,0.872277,0.871965,0.866399,0.856093,0.852432,0.851214,0.85293,0.854917,0.854899,0.85344,0.852869,0.852075,0.852,0.853232,0.853872,0.855775,0.853904,0.850674,0.838048,0.834364,0.828232,0.829403,0.825992,0.82488,0.823713,0.823862,0.823834,0.823073,0.824387,0.82413,0.820151,0.818989,0.81759,0.817347,0.816347,0.815628,0.813718,0.815808,0.813334,0.817962,0.819847,0.817826,0.815458,0.810879,0.807907,0.807048,0.836526,0.842112,0.845711,0.845086,0.844556,0.841759,0.84028,0.839332,0.838561,0.837997,0.838259,0.838589,0.838931,0.837613,0.8377,0.822616,0.821092,0.815732,0.838719,0.83484,0.830278,0.82054,0.816318,0.812576,0.812118,0.812884,0.813624,0.812242,0.809946,0.81418,0.817977,0.819983,0.820015,0.788139,0.789912,0.799244,0.80634,0.81103,0.811139,0.808637,0.804923,0.803237,0.803455,0.810924,0.810889,0.815561,0.817093,0.816636,0.816033,0.812657,0.808291,0.805766,0.799583,0.796988,0.795113,0.810865,0.815824,0.814904,0.81929,0.819827,0.819657,0.820696,0.821628,0.822372,0.824573,0.825613,0.826341,0.827412,0.826901,0.828177,0.822778,0.826578,0.828251,0.821158,0.824268,0.8412,0.841036,0.840008,0.838873,0.836519,0.836498,0.837288,0.837347,0.83725,0.841607,0.851336,0.851475,0.849199,0.847646,0.851389,0.844944,0.847197,0.848829,0.850568,0.852779,0.85389,0.854805,0.856582,0.859917,0.858673,0.837127,0.837972,0.841419,0.84379
CRW,SaudiArabia,0.770944,0.007730020000000001,0.775348,0.77517,0.778395,0.780448,0.782311,0.785971,0.786229,0.788774,0.794204,0.798649,0.800598,0.802399,0.806144,0.81186,0.816052,0.81814,0.821994,0.825897,0.831789,0.838871,0.844211,0.850487,0.859192,0.861537,0.867037,0.875276,0.888916,0.891956,0.892127,0.89545,0.896985,0.897257,0.897203,0.897001,0.896664,0.896311,0.896261,0.893428,0.893783,0.892987,0.891934,0.888951,0.888594,0.887639,0.884008,0.883447,0.884923,0.888506,0.888055,0.887899,0.888885,0.889632,0.891487,0.892541,0.893717,0.895518,0.897861,0.899294,0.901333,0.903943,0.906008,0.906303,0.904753,0.906546,0.907645,0.9078,0.908144,0.907095,0.905961,0.902652,0.900306,0.896684,0.894823,0.897481,0.894814,0.891883,0.889518,0.886644,0.885583,0.885818,0.885388,0.883364,0.879924,0.87693,0.877731,0.878955,0.880884,0.880439,0.876352,0.876089,0.876401,0.878125,0.879643,0.880349,0.881498,0.88006,0.878672,0.878186,0.877623,0.878159,0.877783,0.877777,0.878485,0.877948,0.877748,0.877741,0.875898,0.874775,0.873504,0.871114,0.870846,0.873762,0.875308,0.874629,0.873701,0.873399,0.872054,0.871375,0.871365,0.872133,0.872672,0.873385,0.874001,0.874316,0.876539,0.879222,0.879361,0.879539,0.880258,0.882825,0.886239,0.890636,0.895096,0.897126,0.898683,0.900269,0.903397,0.906771,0.90972,0.910364,0.910501,0.912564,0.914229,0.91535,0.915803,0.917182,0.918348,0.91945,0.921543,0.92332,0.925384,0.927285,0.926622,0.925478,0.924382,0.925647,0.926213,0.929162,0.932757,0.936199,0.939639,0.945149,0.950461,0.955133,0.963642,0.974128,0.97772,0.971503,0.981814,0.985701,0.995159,1.005115,1.00886,1.006619,1.006476,0.998013,0.977671,0.966117,0.965512,0.965506,0.967208,0.978835,0.996167,1.00393,1.013799,1.015048,1.010381,1.004269,1.002635,1.000029,1.001249,1.005012,1.00292,0.998042,0.989112,0.976837,0.935532,0.921154,0.9063,0.895322,0.898677,0.893521,0.886025,0.873235,0.858498,0.851163,0.846108,0.839652,0.838681,0.836861,0.836196,0.832442,0.826546,0.821313,0.814772,0.799562,0.790659,0.782955,0.777309,0.771626,0.762422,0.754767,0.746341,0.735716,0.726682,0.718577,0.710824,0.702373,0.695016,0.687784,0.684031,0.679036,0.675919,0.680459,0.685614,0.689662,0.690945,0.695958,0.701852,0.707013,0.711824,0.717482,0.726035,0.730347,0.734839,0.734447,0.735152,0.736756,0.73314,0.732222,0.731514,0.72976,0.730223,0.729283,0.727412,0.727046,0.728247,0.723578,0.726787,0.731375,0.739368,0.752614,0.758063,0.764068,0.766648,0.76907,0.774965,0.776545,0.778594,0.780841,0.782654,0.783397,0.786725,0.787421,0.78753,0.786991,0.783829,0.783616,0.782027,0.780054,0.779577,0.776401,0.777396,0.777438,0.777551,0.780613,0.785216,0.786886,0.790092,0.792726,0.794015,0.797102,0.799673,0.800488,0.802055,0.802712,0.804415,0.801892,0.803145,0.803103,0.800408,0.795889,0.793465,0.789355,0.785959,0.783253,0.780532,0.776151,0.775217,0.775379,0.776086,0.775071,0.775684,0.773263,0.772495,0.771341,0.769438,0.769628,0.768165,0.769107,0.772758,0.777472,0.78001,0.781774,0.785997,0.787059,0.78843,0.789244,0.788623,0.789293,0.792055,0.793363,0.791618,0.793034,0.794301,0.791663,0.78852,0.787629,0.783637,0.778238,0.775654,0.772315,0.770582,0.771004,0.768595,0.764333,0.763265,0.762212,0.764237,0.760577,0.758518,0.756827,0.754203,0.754418,0.75452,0.755234,0.759018,0.761406,0.761852,0.764108,0.766872,0.769436,0.772397,0.770944,0.773002,0.775348,0.77517,0.778395,0.780448,0.782311,0.785971,0.786229,0.788774,0.794204,0.798649,0.800598,0.802399,0.806144,0.81186,0.816052,0.81814,0.821994,0.825897,0.831789,0.838871,0.844211,0.850487,0.859192,0.861537,0.867037,0.875276,0.888916,0.891956,0.892127,0.89545,0.896985,0.897257,0.897203,0.897001,0.896664,0.896311,0.896261,0.893428,0.893783,0.892987,0.891934,0.888951,0.888594,0.887639,0.884008,0.883447,0.884923,0.888506,0.888055,0.887899,0.888885,0.889632,0.891487,0.892541,0.893717,0.895518,0.897861,0.899294,0.901333,0.903943,0.906008,0.906303,0.904753,0.906546,0.907645,0.9078,0.908144,0.907095,0.905961,0.902652,0.900306,0.896684,0.894823,0.897481,0.894814,0.891883,0.889518,0.886644,0.885583,0.885818,0.885388,0.883364,0.879924,0.87693,0.877731,0.878955,0.880884,0.880439,0.876352,0.876089,0.876401,0.878125,0.879643,0.880349,0.881498,0.88006,0.878672,0.878186,0.877623,0.878159,0.877783,0.877777,0.878485,0.877948,0.877748,0.877741,0.875898,0.874775,0.873504,0.871114,0.870846,0.873762,0.875308,0.874629,0.873701,0.873399,0.872054,0.871375,0.871365,0.872133,0.872672,0.873385,0.874001,0.874316,0.876539,0.879222,0.879361,0.879539,0.880258,0.882825,0.886239,0.890636,0.895096,0.897126,0.898683,0.900269,0.903397,0.906771,0.90972,0.910364,0.910501,0.912564,0.914229,0.91535,0.915803,0.917182,0.918348,0.91945,0.921543,0.92332,0.925384,0.927285,0.926622,0.925478,0.924382,0.925647,0.926213,0.929162,0.932757,0.936199,0.939639,0.945149,0.950461,0.955133,0.963642,0.974128,0.97772,0.971503,0.981814,0.985701,0.995159,1.005115,1.00886,1.006619,1.006476,0.998013,0.977671,0.966117,0.965512,0.965506,0.967208,0.978835,0.996167,1.00393,1.013799,1.015048,1.010381,1.004269,1.002635,1.000029,1.001249,1.005012,1.00292,0.998042,0.989112,0.976837,0.935532,0.921154,0.9063,0.895322,0.898677,0.893521,0.886025,0.873235,0.858498,0.851163,0.846108,0.839652,0.838681,0.836861,0.836196,0.832442,0.826546,0.821313,0.814772,0.799562,0.790659,0.782955,0.777309,0.771626,0.762422,0.754767,0.746341,0.735716,0.726682,0.718577,0.710824,0.702373,0.695016,0.687784,0.684031,0.679036,0.675919,0.680459,0.685614,0.689662,0.690945,0.695958,0.701852,0.707013,0.711824,0.717482,0.726035,0.730347,0.734839,0.734447,0.735152,0.736756,0.73314,0.732222,0.731514,0.72976,0.730223,0.729283,0.727412,0.727046,0.728247,0.723578,0.726787,0.731375,0.739368,0.752614,0.758063,0.764068,0.766648,0.76907,0.774965,0.776545,0.778594,0.780841,0.782654,0.783397,0.786725,0.787421,0.78753,0.786991,0.783829,0.783616,0.782027,0.780054,0.779577,0.776401,0.777396,0.777438,0.777551,0.780613,0.785216,0.786886,0.790092,0.792726,0.794015,0.797102,0.799673,0.800488,0.802055,0.802712,0.804415,0.801892,0.803145,0.803103,0.800408,0.795889,0.793465,0.789355,0.785959,0.783253,0.780532,0.776151,0.775217,0.775379,0.776086,0.775071,0.775684,0.773263,0.772495,0.771341,0.769438,0.769628,0.768165,0.769107,0.772758,0.777472,0.78001,0.781774,0.785997,0.787059,0.78843,0.789244,0.788623,0.789293,0.792055,0.793363,0.791618,0.793034,0.794301,0.791663,0.78852,0.787629,0.783637,0.778238,0.775654,0.772315,0.770582,0.771004,0.768595,0.764333,0.763265,0.762212,0.764237,0.760577,0.758518,0.756827,0.754203,0.754418,0.75452,0.755234,0.759018,0.761406,0.761852,0.764108,0.766872,0.769436,0.772397
CRW,Senegal,0.877515,0.00879626,0.862698,0.855776,0.851556,0.843854,0.843064,0.822031,0.806549,0.798559,0.796079,0.794207,0.79837,0.803601,0.802197,0.801341,0.801941,0.807262,0.800011,0.796959,0.804457,0.810817,0.818696,0.824384,0.834213,0.833915,0.836501,0.836557,0.838005,0.846747,0.855481,0.855248,0.854299,0.856267,0.855917,0.854743,0.853916,0.852353,0.850575,0.849268,0.850244,0.850797,0.851654,0.851756,0.851565,0.850402,0.850097,0.848588,0.847281,0.848284,0.847976,0.847595,0.84725,0.847567,0.848904,0.847582,0.849172,0.850524,0.852212,0.852445,0.853463,0.854088,0.855864,0.855746,0.854863,0.856589,0.856585,0.857734,0.856626,0.854118,0.854506,0.862575,0.868175,0.871604,0.875164,0.879386,0.884282,0.889568,0.894908,0.901088,0.903354,0.906977,0.909466,0.912951,0.917406,0.919094,0.918544,0.916139,0.915045,0.915225,0.913683,0.911863,0.909865,0.90822,0.907414,0.906645,0.907175,0.90771,0.907864,0.905448,0.905585,0.905928,0.90943,0.911685,0.914276,0.916772,0.918481,0.921254,0.924036,0.92539,0.92907,0.930917,0.931445,0.933716,0.935069,0.939705,0.940712,0.942346,0.945422,0.94624,0.94645,0.950726,0.952487,0.954469,0.959896,0.961552,0.964596,0.969562,0.974077,0.982328,0.987444,0.997022,1.003899,1.008936,1.015533,1.020926,1.029829,1.0359,1.038819,1.038601,1.042137,1.045176,1.050087,1.058019,1.061883,1.066118,1.070665,1.07606,1.079287,1.081839,1.093487,1.093413,1.096496,1.104662,1.113114,1.120107,1.130336,1.131274,1.129805,1.131434,1.132581,1.133636,1.132003,1.14329,1.158347,1.160535,1.171531,1.17422,1.181155,1.185309,1.190865,1.19196,1.203556,1.210189,1.211011,1.210294,1.209515,1.214067,1.217568,1.211528,1.211775,1.205369,1.213439,1.208722,1.208044,1.204616,1.205071,1.208022,1.208635,1.215845,1.224667,1.224978,1.225844,1.22283,1.215321,1.212413,1.213748,1.220258,1.238114,1.247245,1.250219,1.241674,1.238833,1.235121,1.2326,1.233343,1.229444,1.222051,1.222815,1.219096,1.214761,1.200112,1.187413,1.174476,1.164514,1.16255,1.160182,1.16558,1.170059,1.177708,1.179714,1.183267,1.185126,1.185537,1.184675,1.186874,1.188807,1.188643,1.191601,1.185076,1.179879,1.17967,1.167863,1.157047,1.142669,1.134094,1.12492,1.115564,1.104603,1.10115,1.093942,1.088369,1.08165,1.072204,1.06805,1.062286,1.059741,1.057197,1.052917,1.047649,1.042162,1.037678,1.037366,1.035965,1.031303,1.026599,1.022575,1.022163,1.036386,1.039503,1.039611,1.035759,1.031942,1.03371,1.035372,1.040741,1.039425,1.035052,1.031918,1.028085,1.032139,1.03668,1.035829,1.025771,1.023573,1.023707,1.022042,1.025845,1.026168,1.029582,1.028178,1.032672,1.03618,1.043141,1.048204,1.044241,1.041777,1.043746,1.042069,1.040103,1.045623,1.053201,1.049065,1.046514,1.039482,1.031931,1.027914,1.026902,1.025546,1.028245,1.032229,1.040539,1.038853,1.040422,1.061692,1.05785,1.050371,1.052283,1.056195,1.05794,1.0653,1.064959,1.066919,1.064453,1.055575,1.065997,1.067408,1.057139,1.061445,1.049217,1.044275,1.045201,1.037139,1.042133,1.045476,1.030852,1.021953,1.015825,1.005313,0.995933,0.974014,0.975195,0.977983,0.974843,0.968441,0.96592,0.964109,0.966762,0.951185,0.944936,0.949905,0.945966,0.933845,0.935662,0.933946,0.934548,0.921515,0.915561,0.901032,0.896324,0.884466,0.881767,0.899174,0.907884,0.905297,0.897045,0.889648,0.898396,0.894677,0.896349,0.896541,0.891146,0.887052,0.881284,0.876947,0.877515,0.879626,0.862698,0.855776,0.851556,0.843854,0.843064,0.822031,0.806549,0.798559,0.796079,0.794207,0.79837,0.803601,0.802197,0.801341,0.801941,0.807262,0.800011,0.796959,0.804457,0.810817,0.818696,0.824384,0.834213,0.833915,0.836501,0.836557,0.838005,0.846747,0.855481,0.855248,0.854299,0.856267,0.855917,0.854743,0.853916,0.852353,0.850575,0.849268,0.850244,0.850797,0.851654,0.851756,0.851565,0.850402,0.850097,0.848588,0.847281,0.848284,0.847976,0.847595,0.84725,0.847567,0.848904,0.847582,0.849172,0.850524,0.852212,0.852445,0.853463,0.854088,0.855864,0.855746,0.854863,0.856589,0.856585,0.857734,0.856626,0.854118,0.854506,0.862575,0.868175,0.871604,0.875164,0.879386,0.884282,0.889568,0.894908,0.901088,0.903354,0.906977,0.909466,0.912951,0.917406,0.919094,0.918544,0.916139,0.915045,0.915225,0.913683,0.911863,0.909865,0.90822,0.907414,0.906645,0.907175,0.90771,0.907864,0.905448,0.905585,0.905928,0.90943,0.911685,0.914276,0.916772,0.918481,0.921254,0.924036,0.92539,0.92907,0.930917,0.931445,0.933716,0.935069,0.939705,0.940712,0.942346,0.945422,0.94624,0.94645,0.950726,0.952487,0.954469,0.959896,0.961552,0.964596,0.969562,0.974077,0.982328,0.987444,0.997022,1.003899,1.008936,1.015533,1.020926,1.029829,1.0359,1.038819,1.038601,1.042137,1.045176,1.050087,1.058019,1.061883,1.066118,1.070665,1.07606,1.079287,1.081839,1.093487,1.093413,1.096496,1.104662,1.113114,1.120107,1.130336,1.131274,1.129805,1.131434,1.132581,1.133636,1.132003,1.14329,1.158347,1.160535,1.171531,1.17422,1.181155,1.185309,1.190865,1.19196,1.203556,1.210189,1.211011,1.210294,1.209515,1.214067,1.217568,1.211528,1.211775,1.205369,1.213439,1.208722,1.208044,1.204616,1.205071,1.208022,1.208635,1.215845,1.224667,1.224978,1.225844,1.22283,1.215321,1.212413,1.213748,1.220258,1.238114,1.247245,1.250219,1.241674,1.238833,1.235121,1.2326,1.233343,1.229444,1.222051,1.222815,1.219096,1.214761,1.200112,1.187413,1.174476,1.164514,1.16255,1.160182,1.16558,1.170059,1.177708,1.179714,1.183267,1.185126,1.185537,1.184675,1.186874,1.188807,1.188643,1.191601,1.185076,1.179879,1.17967,1.167863,1.157047,1.142669,1.134094,1.12492,1.115564,1.104603,1.10115,1.093942,1.088369,1.08165,1.072204,1.06805,1.062286,1.059741,1.057197,1.052917,1.047649,1.042162,1.037678,1.037366,1.035965,1.031303,1.026599,1.022575,1.022163,1.036386,1.039503,1.039611,1.035759,1.031942,1.03371,1.035372,1.040741,1.039425,1.035052,1.031918,1.028085,1.032139,1.03668,1.035829,1.025771,1.023573,1.023707,1.022042,1.025845,1.026168,1.029582,1.028178,1.032672,1.03618,1.043141,1.048204,1.044241,1.041777,1.043746,1.042069,1.040103,1.045623,1.053201,1.049065,1.046514,1.039482,1.031931,1.027914,1.026902,1.025546,1.028245,1.032229,1.040539,1.038853,1.040422,1.061692,1.05785,1.050371,1.052283,1.056195,1.05794,1.0653,1.064959,1.066919,1.064453,1.055575,1.065997,1.067408,1.057139,1.061445,1.049217,1.044275,1.045201,1.037139,1.042133,1.045476,1.030852,1.021953,1.015825,1.005313,0.995933,0.974014,0.975195,0.977983,0.974843,0.968441,0.96592,0.964109,0.966762,0.951185,0.944936,0.949905,0.945966,0.933845,0.935662,0.933946,0.934548,0.921515,0.915561,0.901032,0.896324,0.884466,0.881767,0.899174,0.907884,0.905297,0.897045,0.889648,0.898396,0.894677,0.896349,0.896541,0.891146,0.887052,0.881284,0.876947
CRW,Serbia,0.919466,0.00921533,0.924684,0.918274,0.919343,0.920183,0.923399,0.926506,0.931406,0.935871,0.941814,0.948528,0.956738,0.963483,0.963961,0.966649,0.966079,0.96527,0.965145,0.966077,0.965573,0.966621,0.969276,0.971645,0.971513,0.97186,0.968894,0.968992,0.971866,0.974619,0.976248,0.979411,0.983885,0.988671,0.988518,0.988238,0.989115,0.993441,0.996813,1.018169,1.023991,1.031329,1.036537,1.038421,1.042517,1.047857,1.055568,1.054292,1.05108,1.054327,1.05581,1.055699,1.056539,1.055418,1.037356,1.037327,1.03235,1.027631,1.027628,1.025962,1.025275,1.022879,1.034704,1.041386,1.040793,1.042267,1.046957,1.051606,1.058853,1.063896,1.067964,1.069397,1.067825,1.06763,1.067557,1.073969,1.080393,1.073728,1.068339,1.067062,1.06241,1.060945,1.058493,1.052595,1.046651,1.040038,1.037031,1.039529,1.041975,1.041558,1.035727,1.034671,1.03429,1.033742,1.032487,1.030545,1.026555,1.034639,1.032071,1.041958,1.040639,1.037865,1.030367,1.023876,1.017635,1.019913,1.023012,1.024047,1.021036,1.018667,1.019819,1.019879,1.019147,1.016182,1.008337,1.008132,1.00654,1.00746,1.005853,1.006466,1.000039,0.991935,0.986172,0.984262,0.978807,0.975224,0.969679,0.959327,0.963403,0.966073,0.957863,0.955831,0.951788,0.948984,0.951306,0.949412,0.946241,0.942512,0.939149,0.937456,0.935379,0.933477,0.929255,0.923559,0.916376,0.917254,0.921999,0.923599,0.924917,0.916995,0.91238,0.90625,0.906098,0.910083,0.941377,0.947301,0.951644,0.953873,0.951632,0.951793,0.947473,0.943775,0.937211,0.933702,0.934869,0.936857,0.936546,0.933281,0.925658,0.898094,0.89403,0.891505,0.888505,0.899523,0.897514,0.895118,0.893818,0.895361,0.89603,0.893547,0.891333,0.890983,0.890506,0.889645,0.895436,0.897341,0.897533,0.898658,0.888652,0.889965,0.891678,0.892926,0.892613,0.891064,0.888014,0.884844,0.884278,0.883227,0.883098,0.882411,0.881237,0.880742,0.882518,0.88259,0.889731,0.893668,0.892026,0.889611,0.890229,0.89295,0.893351,0.894477,0.894962,0.893418,0.893153,0.894752,0.893157,0.890865,0.890598,0.88382,0.880118,0.882094,0.886698,0.886764,0.885604,0.885311,0.883977,0.882161,0.88187,0.881719,0.881383,0.880639,0.878898,0.877209,0.877762,0.876269,0.873818,0.868619,0.868534,0.865173,0.861047,0.860155,0.856361,0.85086,0.856145,0.852394,0.854856,0.849169,0.84465,0.854293,0.861109,0.862296,0.862607,0.862059,0.863248,0.864571,0.864291,0.862423,0.867959,0.867003,0.868905,0.872105,0.873805,0.874134,0.873181,0.875897,0.874526,0.872057,0.872325,0.869406,0.872025,0.870717,0.872543,0.86802,0.863256,0.861835,0.858704,0.856955,0.857515,0.865757,0.867712,0.867805,0.869004,0.865991,0.863725,0.875999,0.882427,0.880368,0.880313,0.880186,0.877653,0.873564,0.869989,0.865389,0.852394,0.836058,0.846722,0.856758,0.866546,0.872229,0.846204,0.831085,0.818183,0.811872,0.815228,0.815926,0.810117,0.817531,0.829788,0.83575,0.839756,0.820649,0.805105,0.789182,0.777588,0.771352,0.786251,0.800341,0.812337,0.815264,0.821946,0.83347,0.843254,0.849079,0.858422,0.8607,0.86285,0.865649,0.867346,0.872443,0.871925,0.874124,0.875743,0.878303,0.882772,0.882297,0.878301,0.878908,0.880483,0.890487,0.890596,0.89026,0.889457,0.889967,0.886526,0.887143,0.890778,0.890067,0.888386,0.88692,0.885313,0.889982,0.892956,0.900117,0.894682,0.8998,0.901404,0.905039,0.90868,0.912136,0.915415,0.909992,0.913488,0.914574,0.917591,0.919466,0.921533,0.924684,0.918274,0.919343,0.920183,0.923399,0.926506,0.931406,0.935871,0.941814,0.948528,0.956738,0.963483,0.963961,0.966649,0.966079,0.96527,0.965145,0.966077,0.965573,0.966621,0.969276,0.971645,0.971513,0.97186,0.968894,0.968992,0.971866,0.974619,0.976248,0.979411,0.983885,0.988671,0.988518,0.988238,0.989115,0.993441,0.996813,1.018169,1.023991,1.031329,1.036537,1.038421,1.042517,1.047857,1.055568,1.054292,1.05108,1.054327,1.05581,1.055699,1.056539,1.055418,1.037356,1.037327,1.03235,1.027631,1.027628,1.025962,1.025275,1.022879,1.034704,1.041386,1.040793,1.042267,1.046957,1.051606,1.058853,1.063896,1.067964,1.069397,1.067825,1.06763,1.067557,1.073969,1.080393,1.073728,1.068339,1.067062,1.06241,1.060945,1.058493,1.052595,1.046651,1.040038,1.037031,1.039529,1.041975,1.041558,1.035727,1.034671,1.03429,1.033742,1.032487,1.030545,1.026555,1.034639,1.032071,1.041958,1.040639,1.037865,1.030367,1.023876,1.017635,1.019913,1.023012,1.024047,1.021036,1.018667,1.019819,1.019879,1.019147,1.016182,1.008337,1.008132,1.00654,1.00746,1.005853,1.006466,1.000039,0.991935,0.986172,0.984262,0.978807,0.975224,0.969679,0.959327,0.963403,0.966073,0.957863,0.955831,0.951788,0.948984,0.951306,0.949412,0.946241,0.942512,0.939149,0.937456,0.935379,0.933477,0.929255,0.923559,0.916376,0.917254,0.921999,0.923599,0.924917,0.916995,0.91238,0.90625,0.906098,0.910083,0.941377,0.947301,0.951644,0.953873,0.951632,0.951793,0.947473,0.943775,0.937211,0.933702,0.934869,0.936857,0.936546,0.933281,0.925658,0.898094,0.89403,0.891505,0.888505,0.899523,0.897514,0.895118,0.893818,0.895361,0.89603,0.893547,0.891333,0.890983,0.890506,0.889645,0.895436,0.897341,0.897533,0.898658,0.888652,0.889965,0.891678,0.892926,0.892613,0.891064,0.888014,0.884844,0.884278,0.883227,0.883098,0.882411,0.881237,0.880742,0.882518,0.88259,0.889731,0.893668,0.892026,0.889611,0.890229,0.89295,0.893351,0.894477,0.894962,0.893418,0.893153,0.894752,0.893157,0.890865,0.890598,0.88382,0.880118,0.882094,0.886698,0.886764,0.885604,0.885311,0.883977,0.882161,0.88187,0.881719,0.881383,0.880639,0.878898,0.877209,0.877762,0.876269,0.873818,0.868619,0.868534,0.865173,0.861047,0.860155,0.856361,0.85086,0.856145,0.852394,0.854856,0.849169,0.84465,0.854293,0.861109,0.862296,0.862607,0.862059,0.863248,0.864571,0.864291,0.862423,0.867959,0.867003,0.868905,0.872105,0.873805,0.874134,0.873181,0.875897,0.874526,0.872057,0.872325,0.869406,0.872025,0.870717,0.872543,0.86802,0.863256,0.861835,0.858704,0.856955,0.857515,0.865757,0.867712,0.867805,0.869004,0.865991,0.863725,0.875999,0.882427,0.880368,0.880313,0.880186,0.877653,0.873564,0.869989,0.865389,0.852394,0.836058,0.846722,0.856758,0.866546,0.872229,0.846204,0.831085,0.818183,0.811872,0.815228,0.815926,0.810117,0.817531,0.829788,0.83575,0.839756,0.820649,0.805105,0.789182,0.777588,0.771352,0.786251,0.800341,0.812337,0.815264,0.821946,0.83347,0.843254,0.849079,0.858422,0.8607,0.86285,0.865649,0.867346,0.872443,0.871925,0.874124,0.875743,0.878303,0.882772,0.882297,0.878301,0.878908,0.880483,0.890487,0.890596,0.89026,0.889457,0.889967,0.886526,0.887143,0.890778,0.890067,0.888386,0.88692,0.885313,0.889982,0.892956,0.900117,0.894682,0.8998,0.901404,0.905039,0.90868,0.912136,0.915415,0.909992,0.913488,0.914574,0.917591
CRW,Seychelles,1.065666,0.0107282,1.077062,1.060083,1.043506,1.042722,1.055683,1.048078,1.045918,1.043569,1.053866,1.058745,1.068319,1.066793,1.057963,1.05912,1.049197,1.046348,1.066375,1.074331,1.079689,1.060466,1.052773,1.059928,1.057901,1.052621,1.027413,1.001606,0.99511,1.003072,0.99564,0.990265,0.979692,0.953092,0.947844,0.945366,0.951934,0.959168,0.966423,0.973721,0.970749,0.980219,0.994166,0.996737,0.993607,0.993224,1.002747,1.010081,1.016745,1.002486,0.990833,0.984859,0.972139,0.963144,0.947367,0.946533,0.943916,0.940191,0.938831,0.938777,0.951093,0.956323,0.955361,0.956689,0.966756,0.970295,0.971243,0.978404,0.976604,0.983376,0.974891,0.972825,0.973628,0.985096,0.991889,0.985151,0.977484,0.994576,0.994634,0.992292,0.99441,1.007615,1.0118,1.006217,1.008899,1.006101,1.003046,1.013348,1.024609,1.02898,1.035029,1.048947,1.048901,1.048781,1.058884,1.073561,1.076271,1.076915,1.089691,1.110884,1.135925,1.14729,1.145447,1.129641,1.126064,1.140665,1.134986,1.129027,1.132518,1.127913,1.122928,1.122889,1.123959,1.119321,1.098952,1.07295,1.068044,1.046915,1.053654,1.054263,1.052376,1.061844,1.056321,1.057638,1.052757,1.045515,1.056545,1.0608,1.074052,1.085941,1.111854,1.113973,1.112251,1.102394,1.103904,1.092313,1.083121,1.091704,1.086546,1.083649,1.086687,1.069616,1.055783,1.042713,1.043275,1.021136,1.016562,1.029215,1.032091,1.034988,1.019323,1.023271,1.01048,1.047953,1.049274,1.046582,1.041829,1.046976,1.050769,1.033149,1.016214,1.003036,0.980634,0.98046,0.962528,0.954677,0.933687,0.923121,0.895705,0.907354,0.900129,0.89525,0.877543,0.856753,0.848712,0.840799,0.839107,0.843862,0.834637,0.841276,0.843178,0.848768,0.845954,0.847554,0.838302,0.830736,0.828547,0.828295,0.828723,0.826693,0.829338,0.825909,0.83109,0.840336,0.840126,0.840058,0.843963,0.851747,0.835036,0.839315,0.833014,0.829555,0.826759,0.821603,0.81895,0.816905,0.799916,0.789151,0.781187,0.774615,0.763669,0.753504,0.763878,0.77077,0.764582,0.760255,0.761157,0.76441,0.770137,0.776632,0.784695,0.784611,0.782672,0.787054,0.794247,0.794972,0.802908,0.79267,0.786353,0.788974,0.791581,0.79603,0.795877,0.79376,0.780462,0.77807,0.782832,0.783156,0.778161,0.77618,0.776186,0.772911,0.776462,0.77652,0.774302,0.779617,0.774054,0.767274,0.764604,0.771253,0.77064,0.790329,0.798878,0.801658,0.799028,0.804342,0.804163,0.803058,0.808088,0.810298,0.807117,0.81686,0.824679,0.832644,0.836198,0.841298,0.838802,0.830549,0.83829,0.841723,0.841257,0.845091,0.848248,0.847246,0.850345,0.858917,0.85723,0.857455,0.856288,0.854782,0.84399,0.834787,0.829842,0.833902,0.847516,0.848521,0.849645,0.851648,0.855819,0.865167,0.865055,0.868268,0.87041,0.872637,0.884225,0.886676,0.883831,0.888391,0.887294,0.87832,0.879215,0.883391,0.890842,0.893467,0.905356,0.912096,0.914925,0.92838,0.940526,0.935042,0.941334,0.948641,0.951752,0.961025,0.966286,0.971798,0.974766,0.978626,0.982328,0.97231,0.971834,0.981072,0.980819,0.972848,0.979963,0.982318,0.984474,0.988965,0.990578,1.003381,1.013059,1.017426,1.028269,1.041432,1.051427,1.064345,1.063436,1.058459,1.079929,1.082769,1.090665,1.096303,1.097142,1.094473,1.092975,1.105867,1.119324,1.112742,1.117909,1.128368,1.136496,1.130116,1.127035,1.129651,1.135887,1.130786,1.123227,1.132631,1.12786,1.126182,1.117443,1.121549,1.118702,1.100917,1.082501,1.065666,1.07282,1.077062,1.060083,1.043506,1.042722,1.055683,1.048078,1.045918,1.043569,1.053866,1.058745,1.068319,1.066793,1.057963,1.05912,1.049197,1.046348,1.066375,1.074331,1.079689,1.060466,1.052773,1.059928,1.057901,1.052621,1.027413,1.001606,0.99511,1.003072,0.99564,0.990265,0.979692,0.953092,0.947844,0.945366,0.951934,0.959168,0.966423,0.973721,0.970749,0.980219,0.994166,0.996737,0.993607,0.993224,1.002747,1.010081,1.016745,1.002486,0.990833,0.984859,0.972139,0.963144,0.947367,0.946533,0.943916,0.940191,0.938831,0.938777,0.951093,0.956323,0.955361,0.956689,0.966756,0.970295,0.971243,0.978404,0.976604,0.983376,0.974891,0.972825,0.973628,0.985096,0.991889,0.985151,0.977484,0.994576,0.994634,0.992292,0.99441,1.007615,1.0118,1.006217,1.008899,1.006101,1.003046,1.013348,1.024609,1.02898,1.035029,1.048947,1.048901,1.048781,1.058884,1.073561,1.076271,1.076915,1.089691,1.110884,1.135925,1.14729,1.145447,1.129641,1.126064,1.140665,1.134986,1.129027,1.132518,1.127913,1.122928,1.122889,1.123959,1.119321,1.098952,1.07295,1.068044,1.046915,1.053654,1.054263,1.052376,1.061844,1.056321,1.057638,1.052757,1.045515,1.056545,1.0608,1.074052,1.085941,1.111854,1.113973,1.112251,1.102394,1.103904,1.092313,1.083121,1.091704,1.086546,1.083649,1.086687,1.069616,1.055783,1.042713,1.043275,1.021136,1.016562,1.029215,1.032091,1.034988,1.019323,1.023271,1.01048,1.047953,1.049274,1.046582,1.041829,1.046976,1.050769,1.033149,1.016214,1.003036,0.980634,0.98046,0.962528,0.954677,0.933687,0.923121,0.895705,0.907354,0.900129,0.89525,0.877543,0.856753,0.848712,0.840799,0.839107,0.843862,0.834637,0.841276,0.843178,0.848768,0.845954,0.847554,0.838302,0.830736,0.828547,0.828295,0.828723,0.826693,0.829338,0.825909,0.83109,0.840336,0.840126,0.840058,0.843963,0.851747,0.835036,0.839315,0.833014,0.829555,0.826759,0.821603,0.81895,0.816905,0.799916,0.789151,0.781187,0.774615,0.763669,0.753504,0.763878,0.77077,0.764582,0.760255,0.761157,0.76441,0.770137,0.776632,0.784695,0.784611,0.782672,0.787054,0.794247,0.794972,0.802908,0.79267,0.786353,0.788974,0.791581,0.79603,0.795877,0.79376,0.780462,0.77807,0.782832,0.783156,0.778161,0.77618,0.776186,0.772911,0.776462,0.77652,0.774302,0.779617,0.774054,0.767274,0.764604,0.771253,0.77064,0.790329,0.798878,0.801658,0.799028,0.804342,0.804163,0.803058,0.808088,0.810298,0.807117,0.81686,0.824679,0.832644,0.836198,0.841298,0.838802,0.830549,0.83829,0.841723,0.841257,0.845091,0.848248,0.847246,0.850345,0.858917,0.85723,0.857455,0.856288,0.854782,0.84399,0.834787,0.829842,0.833902,0.847516,0.848521,0.849645,0.851648,0.855819,0.865167,0.865055,0.868268,0.87041,0.872637,0.884225,0.886676,0.883831,0.888391,0.887294,0.87832,0.879215,0.883391,0.890842,0.893467,0.905356,0.912096,0.914925,0.92838,0.940526,0.935042,0.941334,0.948641,0.951752,0.961025,0.966286,0.971798,0.974766,0.978626,0.982328,0.97231,0.971834,0.981072,0.980819,0.972848,0.979963,0.982318,0.984474,0.988965,0.990578,1.003381,1.013059,1.017426,1.028269,1.041432,1.051427,1.064345,1.063436,1.058459,1.079929,1.082769,1.090665,1.096303,1.097142,1.094473,1.092975,1.105867,1.119324,1.112742,1.117909,1.128368,1.136496,1.130116,1.127035,1.129651,1.135887,1.130786,1.123227,1.132631,1.12786,1.126182,1.117443,1.121549,1.118702,1.100917,1.082501
CRW,Sierra Leone,0.890035,0.00863634,0.862676,0.861755,0.860278,0.857697,0.852893,0.844837,0.841034,0.833175,0.833842,0.844704,0.846152,0.843736,0.838883,0.836269,0.830689,0.819965,0.814055,0.811576,0.809184,0.804638,0.804376,0.806724,0.808533,0.803223,0.79514,0.78842,0.784309,0.780999,0.775864,0.775496,0.775349,0.775169,0.774578,0.77238,0.77038,0.765709,0.761469,0.754013,0.749183,0.738925,0.738864,0.737256,0.73419,0.7339,0.730869,0.728301,0.722055,0.71924,0.718643,0.717442,0.71716,0.718475,0.720824,0.721684,0.720302,0.721282,0.720694,0.720589,0.72077,0.724684,0.724509,0.725558,0.726813,0.72829,0.730186,0.731762,0.732566,0.730227,0.731556,0.734638,0.73592,0.74254,0.749735,0.753903,0.75608,0.759448,0.762226,0.762616,0.760496,0.760614,0.762326,0.759805,0.763989,0.76268,0.763156,0.7653,0.763215,0.763749,0.766892,0.767644,0.770595,0.774041,0.774521,0.779621,0.785458,0.79201,0.802483,0.80629,0.811056,0.816911,0.822498,0.828265,0.829331,0.82998,0.833321,0.835716,0.836411,0.837412,0.837178,0.841984,0.840064,0.835587,0.832757,0.838736,0.842594,0.841533,0.841206,0.844462,0.845656,0.850027,0.851405,0.853319,0.85966,0.866858,0.865668,0.869963,0.881106,0.88661,0.888667,0.889289,0.892358,0.8995,0.904962,0.910228,0.912043,0.918575,0.927387,0.933557,0.93449,0.937326,0.937265,0.930044,0.935043,0.933792,0.934327,0.936706,0.933803,0.933979,0.935579,0.939466,0.941143,0.945597,0.950212,0.95858,0.96375,0.97056,0.975835,0.975635,0.97772,0.978511,0.972965,0.97166,0.972683,0.973635,0.96841,0.96296,0.956224,0.949825,0.942607,0.941467,0.940853,0.938272,0.938121,0.932262,0.929371,0.931051,0.931052,0.932652,0.933509,0.928944,0.930107,0.92695,0.929295,0.930657,0.922595,0.915146,0.919956,0.914781,0.914034,0.919278,0.925307,0.921141,0.913558,0.911247,0.913781,0.910592,0.906498,0.899504,0.896283,0.890697,0.893317,0.89118,0.891545,0.885852,0.883574,0.893082,0.892073,0.888073,0.88945,0.883086,0.879804,0.873246,0.871561,0.874706,0.889563,0.886616,0.889527,0.885596,0.883486,0.879637,0.871896,0.869819,0.877485,0.885851,0.888524,0.889912,0.891601,0.899537,0.903271,0.892652,0.89374,0.908695,0.921009,0.921645,0.924977,0.926656,0.926419,0.914142,0.906662,0.905505,0.907408,0.908779,0.903521,0.902753,0.905051,0.902363,0.888296,0.876626,0.881245,0.880231,0.892156,0.890766,0.89105,0.89332,0.896336,0.899876,0.901899,0.907002,0.910158,0.910612,0.916364,0.922833,0.927995,0.937717,0.941024,0.936491,0.943673,0.955268,0.963159,0.968429,0.967446,0.969241,0.975483,0.97719,0.990003,0.990115,0.992237,1.008019,1.00501,1.005198,1.008527,1.013254,1.01709,1.01932,1.021598,1.023042,1.024344,1.0249,1.030133,1.027779,1.031274,1.0402,1.029065,1.032465,1.033776,1.042991,1.044496,1.044566,1.041715,1.041876,1.045536,1.050954,1.053937,1.05277,1.050754,1.051271,1.039423,1.037436,1.039128,1.046564,1.041621,1.042852,1.04375,1.048414,1.052314,1.05456,1.04713,1.04551,1.052211,1.051795,1.049989,1.040815,1.059037,1.059268,1.053189,1.045777,1.050327,1.046697,1.046505,1.049574,1.05043,1.056193,1.061019,1.05609,1.061007,1.057534,1.055305,1.043876,1.042253,1.037095,1.037864,1.025039,1.019873,1.01789,1.01649,1.019411,1.011858,1.002056,1.003583,1.012884,1.010474,1.001837,0.98803,0.977718,0.975554,0.967392,0.961925,0.96243,0.952568,0.937745,0.921128,0.91388,0.905057,0.890035,0.863634,0.862676,0.861755,0.860278,0.857697,0.852893,0.844837,0.841034,0.833175,0.833842,0.844704,0.846152,0.843736,0.838883,0.836269,0.830689,0.819965,0.814055,0.811576,0.809184,0.804638,0.804376,0.806724,0.808533,0.803223,0.79514,0.78842,0.784309,0.780999,0.775864,0.775496,0.775349,0.775169,0.774578,0.77238,0.77038,0.765709,0.761469,0.754013,0.749183,0.738925,0.738864,0.737256,0.73419,0.7339,0.730869,0.728301,0.722055,0.71924,0.718643,0.717442,0.71716,0.718475,0.720824,0.721684,0.720302,0.721282,0.720694,0.720589,0.72077,0.724684,0.724509,0.725558,0.726813,0.72829,0.730186,0.731762,0.732566,0.730227,0.731556,0.734638,0.73592,0.74254,0.749735,0.753903,0.75608,0.759448,0.762226,0.762616,0.760496,0.760614,0.762326,0.759805,0.763989,0.76268,0.763156,0.7653,0.763215,0.763749,0.766892,0.767644,0.770595,0.774041,0.774521,0.779621,0.785458,0.79201,0.802483,0.80629,0.811056,0.816911,0.822498,0.828265,0.829331,0.82998,0.833321,0.835716,0.836411,0.837412,0.837178,0.841984,0.840064,0.835587,0.832757,0.838736,0.842594,0.841533,0.841206,0.844462,0.845656,0.850027,0.851405,0.853319,0.85966,0.866858,0.865668,0.869963,0.881106,0.88661,0.888667,0.889289,0.892358,0.8995,0.904962,0.910228,0.912043,0.918575,0.927387,0.933557,0.93449,0.937326,0.937265,0.930044,0.935043,0.933792,0.934327,0.936706,0.933803,0.933979,0.935579,0.939466,0.941143,0.945597,0.950212,0.95858,0.96375,0.97056,0.975835,0.975635,0.97772,0.978511,0.972965,0.97166,0.972683,0.973635,0.96841,0.96296,0.956224,0.949825,0.942607,0.941467,0.940853,0.938272,0.938121,0.932262,0.929371,0.931051,0.931052,0.932652,0.933509,0.928944,0.930107,0.92695,0.929295,0.930657,0.922595,0.915146,0.919956,0.914781,0.914034,0.919278,0.925307,0.921141,0.913558,0.911247,0.913781,0.910592,0.906498,0.899504,0.896283,0.890697,0.893317,0.89118,0.891545,0.885852,0.883574,0.893082,0.892073,0.888073,0.88945,0.883086,0.879804,0.873246,0.871561,0.874706,0.889563,0.886616,0.889527,0.885596,0.883486,0.879637,0.871896,0.869819,0.877485,0.885851,0.888524,0.889912,0.891601,0.899537,0.903271,0.892652,0.89374,0.908695,0.921009,0.921645,0.924977,0.926656,0.926419,0.914142,0.906662,0.905505,0.907408,0.908779,0.903521,0.902753,0.905051,0.902363,0.888296,0.876626,0.881245,0.880231,0.892156,0.890766,0.89105,0.89332,0.896336,0.899876,0.901899,0.907002,0.910158,0.910612,0.916364,0.922833,0.927995,0.937717,0.941024,0.936491,0.943673,0.955268,0.963159,0.968429,0.967446,0.969241,0.975483,0.97719,0.990003,0.990115,0.992237,1.008019,1.00501,1.005198,1.008527,1.013254,1.01709,1.01932,1.021598,1.023042,1.024344,1.0249,1.030133,1.027779,1.031274,1.0402,1.029065,1.032465,1.033776,1.042991,1.044496,1.044566,1.041715,1.041876,1.045536,1.050954,1.053937,1.05277,1.050754,1.051271,1.039423,1.037436,1.039128,1.046564,1.041621,1.042852,1.04375,1.048414,1.052314,1.05456,1.04713,1.04551,1.052211,1.051795,1.049989,1.040815,1.059037,1.059268,1.053189,1.045777,1.050327,1.046697,1.046505,1.049574,1.05043,1.056193,1.061019,1.05609,1.061007,1.057534,1.055305,1.043876,1.042253,1.037095,1.037864,1.025039,1.019873,1.01789,1.01649,1.019411,1.011858,1.002056,1.003583,1.012884,1.010474,1.001837,0.98803,0.977718,0.975554,0.967392,0.961925,0.96243,0.952568,0.937745,0.921128,0.91388,0.905057
CRW,Singapore,0.980816,0.009784139999999998,0.973741,0.967572,0.975824,0.974821,0.976872,0.989617,0.990894,0.990677,0.99586,0.993455,0.997107,0.999805,0.998918,0.992261,0.986288,0.993889,0.992927,0.982424,0.982135,0.978938,0.969558,0.971828,0.976496,0.972604,0.970111,0.966881,0.963789,0.966405,0.981236,0.982473,0.977916,0.979458,0.975046,0.971744,0.964871,0.959572,0.956418,0.953484,0.950427,0.953973,0.96103,0.965344,0.960614,0.95136,0.951019,0.949631,0.952686,0.955881,0.965682,0.969121,0.971821,0.989292,1.001125,1.003696,1.002225,0.999546,0.998072,0.997533,0.996734,0.998051,0.995484,0.989709,0.985733,0.972373,0.969005,0.970036,0.957842,0.946741,0.947329,0.950008,0.953354,0.960273,0.967566,0.970985,0.966971,0.971776,0.975344,0.98345,0.995278,1.002248,1.000492,0.999431,1.002768,1.002373,1.005054,1.004178,1.003785,1.00431,1.001995,1.004849,1.005812,1.009994,1.011054,1.009785,1.012422,1.015053,1.022913,1.028017,1.034734,1.037897,1.042154,1.047963,1.051031,1.05666,1.057147,1.058327,1.056363,1.058823,1.074204,1.090245,1.102086,1.115387,1.116781,1.119007,1.118488,1.1192,1.122733,1.126921,1.127734,1.135306,1.148477,1.154926,1.166089,1.164499,1.153891,1.147606,1.134968,1.13956,1.145325,1.155824,1.161903,1.163882,1.160474,1.18052,1.180972,1.173551,1.169334,1.163045,1.162982,1.168975,1.170623,1.169978,1.174817,1.174482,1.174433,1.181282,1.182589,1.186813,1.179342,1.184583,1.193284,1.202253,1.202181,1.19339,1.189643,1.189907,1.191944,1.185841,1.187835,1.178329,1.164774,1.153531,1.145883,1.133158,1.114178,1.094681,1.07344,1.062791,1.053043,1.037121,1.029388,1.023774,1.015862,1.002699,0.995762,0.991861,0.986216,0.974624,0.968271,0.972921,0.972433,0.97621,0.972913,0.975688,0.973676,0.97095,0.977814,0.975763,0.974077,0.974642,0.970058,0.967324,0.965606,0.964074,0.958593,0.954363,0.942603,0.938794,0.934011,0.925245,0.910624,0.907251,0.907175,0.91079,0.907492,0.906744,0.903303,0.90322,0.895952,0.894983,0.896485,0.89556,0.888316,0.885012,0.881051,0.876667,0.872288,0.868735,0.861731,0.863,0.856835,0.854799,0.84988,0.851372,0.852195,0.851758,0.851077,0.850089,0.85114,0.852434,0.855766,0.857101,0.870207,0.869366,0.864501,0.863277,0.86201,0.86071,0.861178,0.859705,0.854703,0.85323,0.860074,0.865662,0.866388,0.868495,0.866613,0.85323,0.855746,0.857921,0.860566,0.860971,0.860215,0.859346,0.858741,0.858784,0.857913,0.849805,0.846472,0.844077,0.837561,0.83631,0.835637,0.838339,0.8453,0.846862,0.84889,0.849408,0.853612,0.852984,0.853949,0.856495,0.85915,0.858856,0.862363,0.865167,0.869773,0.874451,0.869416,0.86372,0.861474,0.863211,0.865292,0.867519,0.871277,0.87803,0.880753,0.886526,0.891499,0.896178,0.904597,0.905152,0.904223,0.908485,0.909663,0.914561,0.918784,0.918613,0.913928,0.917396,0.915558,0.914797,0.91503,0.919102,0.922129,0.923982,0.934927,0.946645,0.950029,0.956013,0.956098,0.964025,0.973728,0.978218,0.982733,0.991224,0.998408,1.003982,1.007496,1.012478,1.016755,1.017505,1.00908,1.014789,1.021622,1.043037,1.051423,1.074406,1.127834,1.136628,1.129709,1.130351,1.131585,1.136021,1.146403,1.151056,1.163544,1.171983,1.172202,1.166997,1.15251,1.154612,1.134076,1.07928,1.069278,1.070714,1.064165,1.060133,1.055388,1.053483,1.049742,1.041214,1.031456,1.027225,1.023268,1.014941,1.001377,0.994154,0.994958,0.99411,0.985858,0.983643,0.983016,0.980816,0.978414,0.973741,0.967572,0.975824,0.974821,0.976872,0.989617,0.990894,0.990677,0.99586,0.993455,0.997107,0.999805,0.998918,0.992261,0.986288,0.993889,0.992927,0.982424,0.982135,0.978938,0.969558,0.971828,0.976496,0.972604,0.970111,0.966881,0.963789,0.966405,0.981236,0.982473,0.977916,0.979458,0.975046,0.971744,0.964871,0.959572,0.956418,0.953484,0.950427,0.953973,0.96103,0.965344,0.960614,0.95136,0.951019,0.949631,0.952686,0.955881,0.965682,0.969121,0.971821,0.989292,1.001125,1.003696,1.002225,0.999546,0.998072,0.997533,0.996734,0.998051,0.995484,0.989709,0.985733,0.972373,0.969005,0.970036,0.957842,0.946741,0.947329,0.950008,0.953354,0.960273,0.967566,0.970985,0.966971,0.971776,0.975344,0.98345,0.995278,1.002248,1.000492,0.999431,1.002768,1.002373,1.005054,1.004178,1.003785,1.00431,1.001995,1.004849,1.005812,1.009994,1.011054,1.009785,1.012422,1.015053,1.022913,1.028017,1.034734,1.037897,1.042154,1.047963,1.051031,1.05666,1.057147,1.058327,1.056363,1.058823,1.074204,1.090245,1.102086,1.115387,1.116781,1.119007,1.118488,1.1192,1.122733,1.126921,1.127734,1.135306,1.148477,1.154926,1.166089,1.164499,1.153891,1.147606,1.134968,1.13956,1.145325,1.155824,1.161903,1.163882,1.160474,1.18052,1.180972,1.173551,1.169334,1.163045,1.162982,1.168975,1.170623,1.169978,1.174817,1.174482,1.174433,1.181282,1.182589,1.186813,1.179342,1.184583,1.193284,1.202253,1.202181,1.19339,1.189643,1.189907,1.191944,1.185841,1.187835,1.178329,1.164774,1.153531,1.145883,1.133158,1.114178,1.094681,1.07344,1.062791,1.053043,1.037121,1.029388,1.023774,1.015862,1.002699,0.995762,0.991861,0.986216,0.974624,0.968271,0.972921,0.972433,0.97621,0.972913,0.975688,0.973676,0.97095,0.977814,0.975763,0.974077,0.974642,0.970058,0.967324,0.965606,0.964074,0.958593,0.954363,0.942603,0.938794,0.934011,0.925245,0.910624,0.907251,0.907175,0.91079,0.907492,0.906744,0.903303,0.90322,0.895952,0.894983,0.896485,0.89556,0.888316,0.885012,0.881051,0.876667,0.872288,0.868735,0.861731,0.863,0.856835,0.854799,0.84988,0.851372,0.852195,0.851758,0.851077,0.850089,0.85114,0.852434,0.855766,0.857101,0.870207,0.869366,0.864501,0.863277,0.86201,0.86071,0.861178,0.859705,0.854703,0.85323,0.860074,0.865662,0.866388,0.868495,0.866613,0.85323,0.855746,0.857921,0.860566,0.860971,0.860215,0.859346,0.858741,0.858784,0.857913,0.849805,0.846472,0.844077,0.837561,0.83631,0.835637,0.838339,0.8453,0.846862,0.84889,0.849408,0.853612,0.852984,0.853949,0.856495,0.85915,0.858856,0.862363,0.865167,0.869773,0.874451,0.869416,0.86372,0.861474,0.863211,0.865292,0.867519,0.871277,0.87803,0.880753,0.886526,0.891499,0.896178,0.904597,0.905152,0.904223,0.908485,0.909663,0.914561,0.918784,0.918613,0.913928,0.917396,0.915558,0.914797,0.91503,0.919102,0.922129,0.923982,0.934927,0.946645,0.950029,0.956013,0.956098,0.964025,0.973728,0.978218,0.982733,0.991224,0.998408,1.003982,1.007496,1.012478,1.016755,1.017505,1.00908,1.014789,1.021622,1.043037,1.051423,1.074406,1.127834,1.136628,1.129709,1.130351,1.131585,1.136021,1.146403,1.151056,1.163544,1.171983,1.172202,1.166997,1.15251,1.154612,1.134076,1.07928,1.069278,1.070714,1.064165,1.060133,1.055388,1.053483,1.049742,1.041214,1.031456,1.027225,1.023268,1.014941,1.001377,0.994154,0.994958,0.99411,0.985858,0.983643,0.983016
CRW,Slovakia,0.892332,0.00894098,0.893336,0.894137,0.897071,0.896618,0.900296,0.904533,0.908758,0.914039,0.922195,0.926361,0.935169,0.955072,0.963048,0.966108,0.968563,0.968898,0.973114,0.979026,0.98125,0.985473,0.988391,0.986454,0.984543,0.981352,0.982396,0.985337,0.987484,0.98964,0.993757,0.994097,0.996279,0.996021,0.990012,0.99212,0.987084,0.975905,0.975418,0.982462,0.986514,0.991255,0.997688,1.002137,1.009009,1.00806,1.010755,1.012009,1.011373,1.016299,1.019595,1.025104,1.038353,1.041602,1.037553,1.034189,1.032357,1.0251,1.020945,1.016448,1.011356,1.006238,1.012979,1.019629,1.017174,1.017096,1.020675,1.024187,1.030352,1.036495,1.039823,1.043737,1.050295,1.054159,1.056837,1.067257,1.076016,1.071964,1.068388,1.068928,1.065001,1.061859,1.051346,1.042756,1.037912,1.037142,1.033073,1.032347,1.031403,1.026219,1.012372,1.010533,1.011095,1.010301,1.008287,1.00739,1.003454,1.001239,1.006765,1.008893,1.00756,1.011174,1.003023,1.0074,1.014603,1.017851,1.019394,1.018549,1.016763,1.015347,1.016059,1.015954,1.016588,1.018879,1.017721,1.016347,1.015095,1.018594,1.015127,1.008392,0.997108,0.989752,0.989462,0.98563,0.990117,0.990549,0.985578,0.982282,0.977467,0.981411,0.978882,0.977138,0.973727,0.972507,0.972474,0.967559,0.965063,0.960755,0.958775,0.951831,0.946586,0.947322,0.944425,0.942684,0.938653,0.942007,0.944572,0.943913,0.940696,0.932894,0.931522,0.942053,0.946958,0.952751,0.95891,0.963701,0.964631,0.965959,0.967432,0.964217,0.96341,0.960992,0.959852,0.960655,0.960428,0.959824,0.938406,0.935447,0.92546,0.916143,0.906819,0.901779,0.898461,0.893986,0.892519,0.888293,0.885967,0.885956,0.885386,0.886129,0.886424,0.88904,0.885492,0.891284,0.895192,0.899901,0.896967,0.896774,0.896609,0.897306,0.893596,0.889829,0.886905,0.883515,0.8811,0.877159,0.876726,0.876595,0.874319,0.870694,0.870991,0.870196,0.872785,0.873444,0.882547,0.883766,0.882025,0.881451,0.880585,0.880275,0.878185,0.872835,0.871577,0.87089,0.875005,0.875706,0.875572,0.872426,0.866458,0.858681,0.862866,0.864538,0.866914,0.868746,0.868979,0.868363,0.870286,0.870475,0.870221,0.868986,0.870656,0.870882,0.871339,0.874078,0.874423,0.869253,0.868347,0.868629,0.865661,0.867158,0.867016,0.866591,0.869967,0.876385,0.875755,0.872523,0.87166,0.870931,0.873612,0.873876,0.875564,0.876001,0.875143,0.87484,0.874058,0.875326,0.877141,0.875147,0.865887,0.864186,0.864587,0.865282,0.867203,0.863139,0.864439,0.865966,0.865898,0.866152,0.866941,0.868345,0.867309,0.868203,0.86833,0.86627,0.863172,0.860857,0.858157,0.858502,0.859012,0.859433,0.857921,0.855932,0.854642,0.852819,0.852244,0.851323,0.849498,0.848059,0.84811,0.849306,0.849683,0.849917,0.849292,0.848272,0.84652,0.84699,0.851742,0.850693,0.851218,0.851091,0.850576,0.851056,0.851898,0.852781,0.852189,0.855084,0.856873,0.857498,0.858344,0.860119,0.860203,0.853185,0.852836,0.852568,0.852251,0.856295,0.860487,0.860234,0.857442,0.858229,0.855191,0.853232,0.865615,0.86575,0.866517,0.868468,0.87045,0.873899,0.876129,0.878112,0.877695,0.875626,0.878229,0.883264,0.886111,0.889858,0.892385,0.865539,0.869745,0.870044,0.867354,0.868006,0.867346,0.872146,0.872671,0.871856,0.875835,0.874368,0.882354,0.883564,0.885654,0.887537,0.890911,0.892564,0.895753,0.902859,0.906143,0.907834,0.908031,0.910847,0.912705,0.90965,0.910819,0.896546,0.89436,0.892332,0.894098,0.893336,0.894137,0.897071,0.896618,0.900296,0.904533,0.908758,0.914039,0.922195,0.926361,0.935169,0.955072,0.963048,0.966108,0.968563,0.968898,0.973114,0.979026,0.98125,0.985473,0.988391,0.986454,0.984543,0.981352,0.982396,0.985337,0.987484,0.98964,0.993757,0.994097,0.996279,0.996021,0.990012,0.99212,0.987084,0.975905,0.975418,0.982462,0.986514,0.991255,0.997688,1.002137,1.009009,1.00806,1.010755,1.012009,1.011373,1.016299,1.019595,1.025104,1.038353,1.041602,1.037553,1.034189,1.032357,1.0251,1.020945,1.016448,1.011356,1.006238,1.012979,1.019629,1.017174,1.017096,1.020675,1.024187,1.030352,1.036495,1.039823,1.043737,1.050295,1.054159,1.056837,1.067257,1.076016,1.071964,1.068388,1.068928,1.065001,1.061859,1.051346,1.042756,1.037912,1.037142,1.033073,1.032347,1.031403,1.026219,1.012372,1.010533,1.011095,1.010301,1.008287,1.00739,1.003454,1.001239,1.006765,1.008893,1.00756,1.011174,1.003023,1.0074,1.014603,1.017851,1.019394,1.018549,1.016763,1.015347,1.016059,1.015954,1.016588,1.018879,1.017721,1.016347,1.015095,1.018594,1.015127,1.008392,0.997108,0.989752,0.989462,0.98563,0.990117,0.990549,0.985578,0.982282,0.977467,0.981411,0.978882,0.977138,0.973727,0.972507,0.972474,0.967559,0.965063,0.960755,0.958775,0.951831,0.946586,0.947322,0.944425,0.942684,0.938653,0.942007,0.944572,0.943913,0.940696,0.932894,0.931522,0.942053,0.946958,0.952751,0.95891,0.963701,0.964631,0.965959,0.967432,0.964217,0.96341,0.960992,0.959852,0.960655,0.960428,0.959824,0.938406,0.935447,0.92546,0.916143,0.906819,0.901779,0.898461,0.893986,0.892519,0.888293,0.885967,0.885956,0.885386,0.886129,0.886424,0.88904,0.885492,0.891284,0.895192,0.899901,0.896967,0.896774,0.896609,0.897306,0.893596,0.889829,0.886905,0.883515,0.8811,0.877159,0.876726,0.876595,0.874319,0.870694,0.870991,0.870196,0.872785,0.873444,0.882547,0.883766,0.882025,0.881451,0.880585,0.880275,0.878185,0.872835,0.871577,0.87089,0.875005,0.875706,0.875572,0.872426,0.866458,0.858681,0.862866,0.864538,0.866914,0.868746,0.868979,0.868363,0.870286,0.870475,0.870221,0.868986,0.870656,0.870882,0.871339,0.874078,0.874423,0.869253,0.868347,0.868629,0.865661,0.867158,0.867016,0.866591,0.869967,0.876385,0.875755,0.872523,0.87166,0.870931,0.873612,0.873876,0.875564,0.876001,0.875143,0.87484,0.874058,0.875326,0.877141,0.875147,0.865887,0.864186,0.864587,0.865282,0.867203,0.863139,0.864439,0.865966,0.865898,0.866152,0.866941,0.868345,0.867309,0.868203,0.86833,0.86627,0.863172,0.860857,0.858157,0.858502,0.859012,0.859433,0.857921,0.855932,0.854642,0.852819,0.852244,0.851323,0.849498,0.848059,0.84811,0.849306,0.849683,0.849917,0.849292,0.848272,0.84652,0.84699,0.851742,0.850693,0.851218,0.851091,0.850576,0.851056,0.851898,0.852781,0.852189,0.855084,0.856873,0.857498,0.858344,0.860119,0.860203,0.853185,0.852836,0.852568,0.852251,0.856295,0.860487,0.860234,0.857442,0.858229,0.855191,0.853232,0.865615,0.86575,0.866517,0.868468,0.87045,0.873899,0.876129,0.878112,0.877695,0.875626,0.878229,0.883264,0.886111,0.889858,0.892385,0.865539,0.869745,0.870044,0.867354,0.868006,0.867346,0.872146,0.872671,0.871856,0.875835,0.874368,0.882354,0.883564,0.885654,0.887537,0.890911,0.892564,0.895753,0.902859,0.906143,0.907834,0.908031,0.910847,0.912705,0.90965,0.910819,0.896546,0.89436
CRW,Slovenia,0.893088,0.008955330000000001,0.896607,0.880569,0.884558,0.885773,0.888045,0.903058,0.906086,0.911079,0.914809,0.917347,0.919862,0.923391,0.938329,0.938126,0.938241,0.93747,0.940057,0.938603,0.939998,0.94516,0.947203,0.949576,0.949015,0.952544,0.955167,0.960936,0.966129,0.965659,0.96985,0.972913,0.975416,0.97353,0.975928,0.974459,0.965091,0.966238,0.964812,0.969148,0.964855,0.978876,0.976918,0.979898,0.981159,0.986812,0.990531,0.995612,1.013195,1.0195,1.025511,1.03492,1.04046,1.047692,1.050462,1.053631,1.040968,1.040153,1.037867,1.034315,1.03638,1.040954,1.037975,1.027377,1.025527,1.026488,1.026593,1.027075,1.028766,1.033692,1.038635,1.040515,1.044577,1.04828,1.049024,1.043869,1.013489,1.017194,1.018426,1.017994,1.0174,1.017011,1.012672,1.006754,1.001252,0.994176,0.99177,0.987522,0.986499,0.987526,0.989262,0.99038,0.990853,0.990845,0.992363,0.989862,0.986944,0.983514,0.992184,0.992874,0.990673,0.98965,0.989553,0.987685,0.984143,0.983453,0.98473,0.984985,0.98383,0.982608,0.985242,0.987177,0.985184,0.97847,0.97321,0.974484,0.975678,0.974725,0.973534,0.980602,0.976004,0.96988,0.963716,0.961796,0.957522,0.951002,0.9446,0.968812,0.970336,0.972003,0.971401,0.97016,0.967809,0.965215,0.963648,0.961954,0.956489,0.953309,0.949887,0.947749,0.947757,0.945784,0.928846,0.924687,0.920851,0.917867,0.913493,0.911772,0.907761,0.903396,0.901345,0.903103,0.90669,0.912441,0.918361,0.926597,0.932504,0.933331,0.931463,0.936718,0.942832,0.944922,0.94125,0.937656,0.935787,0.933353,0.932645,0.925078,0.915759,0.909458,0.900618,0.893071,0.89389,0.891714,0.886988,0.879502,0.875926,0.876351,0.877323,0.879466,0.882311,0.881575,0.883742,0.884453,0.879122,0.877242,0.877353,0.861014,0.864706,0.866541,0.866046,0.864492,0.862375,0.861673,0.861152,0.858586,0.863208,0.863088,0.86823,0.869569,0.869256,0.869595,0.87212,0.877109,0.879645,0.883766,0.881913,0.880328,0.879882,0.881038,0.875925,0.875489,0.873415,0.872669,0.872738,0.871984,0.870978,0.86688,0.860569,0.864578,0.864348,0.867953,0.871125,0.871688,0.871484,0.87172,0.870827,0.870836,0.871264,0.87244,0.873577,0.874147,0.874899,0.875502,0.862778,0.856491,0.853986,0.851854,0.850998,0.853828,0.854536,0.852139,0.857309,0.868084,0.866648,0.86577,0.864796,0.864837,0.864595,0.863817,0.862724,0.8649,0.867961,0.874252,0.877925,0.878015,0.878616,0.877662,0.874447,0.874656,0.872041,0.871413,0.871542,0.870265,0.868125,0.866122,0.863827,0.861716,0.85524,0.851285,0.851084,0.850836,0.855368,0.852069,0.852,0.853981,0.85395,0.85385,0.853758,0.864392,0.865024,0.865299,0.866969,0.866604,0.868487,0.866768,0.864383,0.860914,0.859685,0.858647,0.854662,0.854172,0.854215,0.851179,0.844265,0.845485,0.847693,0.844771,0.844219,0.839108,0.839786,0.840489,0.840997,0.840327,0.840715,0.843737,0.846483,0.850254,0.855008,0.855796,0.85282,0.849349,0.849133,0.84851,0.847071,0.848621,0.847796,0.848608,0.850643,0.850275,0.848922,0.84585,0.842758,0.839796,0.840449,0.843352,0.844932,0.844453,0.845367,0.84572,0.843345,0.848361,0.849365,0.852601,0.853764,0.856855,0.860736,0.860196,0.866551,0.868073,0.866498,0.866489,0.867804,0.868294,0.867923,0.873489,0.873677,0.874356,0.872797,0.871654,0.870939,0.873405,0.877486,0.87886,0.879679,0.884393,0.886219,0.888289,0.891589,0.894653,0.887325,0.885761,0.887488,0.889553,0.891185,0.893088,0.895533,0.896607,0.880569,0.884558,0.885773,0.888045,0.903058,0.906086,0.911079,0.914809,0.917347,0.919862,0.923391,0.938329,0.938126,0.938241,0.93747,0.940057,0.938603,0.939998,0.94516,0.947203,0.949576,0.949015,0.952544,0.955167,0.960936,0.966129,0.965659,0.96985,0.972913,0.975416,0.97353,0.975928,0.974459,0.965091,0.966238,0.964812,0.969148,0.964855,0.978876,0.976918,0.979898,0.981159,0.986812,0.990531,0.995612,1.013195,1.0195,1.025511,1.03492,1.04046,1.047692,1.050462,1.053631,1.040968,1.040153,1.037867,1.034315,1.03638,1.040954,1.037975,1.027377,1.025527,1.026488,1.026593,1.027075,1.028766,1.033692,1.038635,1.040515,1.044577,1.04828,1.049024,1.043869,1.013489,1.017194,1.018426,1.017994,1.0174,1.017011,1.012672,1.006754,1.001252,0.994176,0.99177,0.987522,0.986499,0.987526,0.989262,0.99038,0.990853,0.990845,0.992363,0.989862,0.986944,0.983514,0.992184,0.992874,0.990673,0.98965,0.989553,0.987685,0.984143,0.983453,0.98473,0.984985,0.98383,0.982608,0.985242,0.987177,0.985184,0.97847,0.97321,0.974484,0.975678,0.974725,0.973534,0.980602,0.976004,0.96988,0.963716,0.961796,0.957522,0.951002,0.9446,0.968812,0.970336,0.972003,0.971401,0.97016,0.967809,0.965215,0.963648,0.961954,0.956489,0.953309,0.949887,0.947749,0.947757,0.945784,0.928846,0.924687,0.920851,0.917867,0.913493,0.911772,0.907761,0.903396,0.901345,0.903103,0.90669,0.912441,0.918361,0.926597,0.932504,0.933331,0.931463,0.936718,0.942832,0.944922,0.94125,0.937656,0.935787,0.933353,0.932645,0.925078,0.915759,0.909458,0.900618,0.893071,0.89389,0.891714,0.886988,0.879502,0.875926,0.876351,0.877323,0.879466,0.882311,0.881575,0.883742,0.884453,0.879122,0.877242,0.877353,0.861014,0.864706,0.866541,0.866046,0.864492,0.862375,0.861673,0.861152,0.858586,0.863208,0.863088,0.86823,0.869569,0.869256,0.869595,0.87212,0.877109,0.879645,0.883766,0.881913,0.880328,0.879882,0.881038,0.875925,0.875489,0.873415,0.872669,0.872738,0.871984,0.870978,0.86688,0.860569,0.864578,0.864348,0.867953,0.871125,0.871688,0.871484,0.87172,0.870827,0.870836,0.871264,0.87244,0.873577,0.874147,0.874899,0.875502,0.862778,0.856491,0.853986,0.851854,0.850998,0.853828,0.854536,0.852139,0.857309,0.868084,0.866648,0.86577,0.864796,0.864837,0.864595,0.863817,0.862724,0.8649,0.867961,0.874252,0.877925,0.878015,0.878616,0.877662,0.874447,0.874656,0.872041,0.871413,0.871542,0.870265,0.868125,0.866122,0.863827,0.861716,0.85524,0.851285,0.851084,0.850836,0.855368,0.852069,0.852,0.853981,0.85395,0.85385,0.853758,0.864392,0.865024,0.865299,0.866969,0.866604,0.868487,0.866768,0.864383,0.860914,0.859685,0.858647,0.854662,0.854172,0.854215,0.851179,0.844265,0.845485,0.847693,0.844771,0.844219,0.839108,0.839786,0.840489,0.840997,0.840327,0.840715,0.843737,0.846483,0.850254,0.855008,0.855796,0.85282,0.849349,0.849133,0.84851,0.847071,0.848621,0.847796,0.848608,0.850643,0.850275,0.848922,0.84585,0.842758,0.839796,0.840449,0.843352,0.844932,0.844453,0.845367,0.84572,0.843345,0.848361,0.849365,0.852601,0.853764,0.856855,0.860736,0.860196,0.866551,0.868073,0.866498,0.866489,0.867804,0.868294,0.867923,0.873489,0.873677,0.874356,0.872797,0.871654,0.870939,0.873405,0.877486,0.87886,0.879679,0.884393,0.886219,0.888289,0.891589,0.894653,0.887325,0.885761,0.887488,0.889553,0.891185
CRW,Somalia,0.995641,0.0099315,0.984471,0.981685,0.977358,0.974894,0.973366,0.971825,0.968692,0.966367,0.96187,0.95425,0.952795,0.946647,0.946577,0.940996,0.941268,0.938415,0.93367,0.933505,0.935658,0.933866,0.931981,0.927594,0.923836,0.923652,0.923602,0.921261,0.918393,0.915715,0.919592,0.914269,0.917572,0.926936,0.935663,0.93647,0.940449,0.942015,0.9454,0.949125,0.948125,0.946974,0.946684,0.94721,0.945328,0.937884,0.938361,0.93333,0.916403,0.897061,0.884694,0.880633,0.877307,0.875449,0.872274,0.87379,0.872381,0.87229,0.874749,0.8769,0.881174,0.882538,0.884865,0.891131,0.897269,0.902027,0.903985,0.905995,0.907713,0.909757,0.904121,0.905353,0.904531,0.900944,0.900086,0.898468,0.895694,0.891073,0.890249,0.886723,0.883015,0.880718,0.881957,0.890422,0.892375,0.895452,0.901216,0.911764,0.91871,0.922471,0.929002,0.937077,0.94383,0.946004,0.950706,0.955413,0.960196,0.965237,0.959758,0.962805,0.966588,0.969696,0.971987,0.976441,0.981661,0.98633,0.989351,0.991993,0.99731,0.999922,1.004918,1.007407,1.011014,1.012299,1.01736,1.019751,1.024721,1.030386,1.032455,1.034136,1.030049,1.025553,1.021348,1.016886,1.013435,1.013899,1.013417,1.013435,1.012618,1.009879,1.007141,1.005476,1.004153,1.005758,1.006337,1.006121,1.007107,1.008,1.01012,1.016782,1.013948,1.01788,1.016968,1.018448,1.019179,1.020389,1.019207,1.016827,1.020408,1.016923,1.015811,1.018093,1.033029,1.032251,1.032415,1.037204,1.03544,1.032841,1.032978,1.030835,1.028568,1.02554,1.020955,1.015754,1.011021,1.006092,0.997493,0.98538,0.982502,0.976726,0.968347,0.963578,0.957993,0.945073,0.932487,0.928303,0.922799,0.923096,0.918093,0.914431,0.911459,0.911899,0.910773,0.912609,0.913494,0.92007,0.915821,0.916189,0.914464,0.913226,0.905535,0.899203,0.895479,0.893341,0.890213,0.890346,0.883712,0.882064,0.878922,0.867845,0.865037,0.857761,0.856062,0.85221,0.851723,0.848476,0.845886,0.842398,0.840893,0.84159,0.847612,0.847923,0.851244,0.849672,0.84768,0.844791,0.844133,0.844287,0.846712,0.846787,0.850159,0.852948,0.855302,0.858766,0.860204,0.856788,0.856417,0.851893,0.846967,0.850887,0.855251,0.86113,0.866284,0.868304,0.869232,0.872593,0.877749,0.880813,0.880671,0.878716,0.882571,0.882775,0.883504,0.886338,0.888379,0.885808,0.88269,0.878584,0.876698,0.879367,0.878924,0.871011,0.866218,0.862505,0.861051,0.859801,0.860918,0.860625,0.858879,0.856571,0.856529,0.855054,0.858046,0.861414,0.86176,0.868484,0.872284,0.878278,0.889035,0.893651,0.895776,0.898992,0.902527,0.90818,0.912942,0.918824,0.929207,0.934943,0.940776,0.946492,0.945298,0.949296,0.950609,0.944688,0.943244,0.948047,0.952211,0.955124,0.953686,0.954822,0.954616,0.950736,0.951998,0.95634,0.959923,0.965456,0.969515,0.976831,0.98498,0.992303,0.995694,0.998935,1.000384,1.005108,1.01117,1.012532,1.018639,1.021476,1.017338,1.01575,1.013201,1.013156,1.008997,1.007299,1.005849,1.001813,0.998647,1.000949,1.001877,1.001668,1.004693,1.006232,1.008605,1.012621,1.024739,1.029923,1.034245,1.038535,1.033897,1.033347,1.039739,1.048116,1.053116,1.058271,1.061822,1.065212,1.061496,1.061369,1.058264,1.047737,1.043777,1.044334,1.047052,1.049839,1.051288,1.054195,1.047494,1.04764,1.045809,1.041225,1.037832,1.035864,1.039554,1.036012,1.031627,1.028332,1.019208,1.010925,1.010608,1.008104,1.005,1.009706,1.003489,1.00158,0.997472,0.995641,0.99315,0.984471,0.981685,0.977358,0.974894,0.973366,0.971825,0.968692,0.966367,0.96187,0.95425,0.952795,0.946647,0.946577,0.940996,0.941268,0.938415,0.93367,0.933505,0.935658,0.933866,0.931981,0.927594,0.923836,0.923652,0.923602,0.921261,0.918393,0.915715,0.919592,0.914269,0.917572,0.926936,0.935663,0.93647,0.940449,0.942015,0.9454,0.949125,0.948125,0.946974,0.946684,0.94721,0.945328,0.937884,0.938361,0.93333,0.916403,0.897061,0.884694,0.880633,0.877307,0.875449,0.872274,0.87379,0.872381,0.87229,0.874749,0.8769,0.881174,0.882538,0.884865,0.891131,0.897269,0.902027,0.903985,0.905995,0.907713,0.909757,0.904121,0.905353,0.904531,0.900944,0.900086,0.898468,0.895694,0.891073,0.890249,0.886723,0.883015,0.880718,0.881957,0.890422,0.892375,0.895452,0.901216,0.911764,0.91871,0.922471,0.929002,0.937077,0.94383,0.946004,0.950706,0.955413,0.960196,0.965237,0.959758,0.962805,0.966588,0.969696,0.971987,0.976441,0.981661,0.98633,0.989351,0.991993,0.99731,0.999922,1.004918,1.007407,1.011014,1.012299,1.01736,1.019751,1.024721,1.030386,1.032455,1.034136,1.030049,1.025553,1.021348,1.016886,1.013435,1.013899,1.013417,1.013435,1.012618,1.009879,1.007141,1.005476,1.004153,1.005758,1.006337,1.006121,1.007107,1.008,1.01012,1.016782,1.013948,1.01788,1.016968,1.018448,1.019179,1.020389,1.019207,1.016827,1.020408,1.016923,1.015811,1.018093,1.033029,1.032251,1.032415,1.037204,1.03544,1.032841,1.032978,1.030835,1.028568,1.02554,1.020955,1.015754,1.011021,1.006092,0.997493,0.98538,0.982502,0.976726,0.968347,0.963578,0.957993,0.945073,0.932487,0.928303,0.922799,0.923096,0.918093,0.914431,0.911459,0.911899,0.910773,0.912609,0.913494,0.92007,0.915821,0.916189,0.914464,0.913226,0.905535,0.899203,0.895479,0.893341,0.890213,0.890346,0.883712,0.882064,0.878922,0.867845,0.865037,0.857761,0.856062,0.85221,0.851723,0.848476,0.845886,0.842398,0.840893,0.84159,0.847612,0.847923,0.851244,0.849672,0.84768,0.844791,0.844133,0.844287,0.846712,0.846787,0.850159,0.852948,0.855302,0.858766,0.860204,0.856788,0.856417,0.851893,0.846967,0.850887,0.855251,0.86113,0.866284,0.868304,0.869232,0.872593,0.877749,0.880813,0.880671,0.878716,0.882571,0.882775,0.883504,0.886338,0.888379,0.885808,0.88269,0.878584,0.876698,0.879367,0.878924,0.871011,0.866218,0.862505,0.861051,0.859801,0.860918,0.860625,0.858879,0.856571,0.856529,0.855054,0.858046,0.861414,0.86176,0.868484,0.872284,0.878278,0.889035,0.893651,0.895776,0.898992,0.902527,0.90818,0.912942,0.918824,0.929207,0.934943,0.940776,0.946492,0.945298,0.949296,0.950609,0.944688,0.943244,0.948047,0.952211,0.955124,0.953686,0.954822,0.954616,0.950736,0.951998,0.95634,0.959923,0.965456,0.969515,0.976831,0.98498,0.992303,0.995694,0.998935,1.000384,1.005108,1.01117,1.012532,1.018639,1.021476,1.017338,1.01575,1.013201,1.013156,1.008997,1.007299,1.005849,1.001813,0.998647,1.000949,1.001877,1.001668,1.004693,1.006232,1.008605,1.012621,1.024739,1.029923,1.034245,1.038535,1.033897,1.033347,1.039739,1.048116,1.053116,1.058271,1.061822,1.065212,1.061496,1.061369,1.058264,1.047737,1.043777,1.044334,1.047052,1.049839,1.051288,1.054195,1.047494,1.04764,1.045809,1.041225,1.037832,1.035864,1.039554,1.036012,1.031627,1.028332,1.019208,1.010925,1.010608,1.008104,1.005,1.009706,1.003489,1.00158,0.997472
CRW,SouthAfrica,0.987301,0.00991721,0.993221,1.004802,1.010301,1.014098,1.017527,1.027059,1.026361,1.026279,1.035449,1.041908,1.042712,1.0447,1.049037,1.045532,1.047781,1.05218,1.051785,1.06156,1.074372,1.080598,1.076662,1.076727,1.081929,1.079064,1.076871,1.076531,1.081645,1.094943,1.104703,1.111539,1.122764,1.129111,1.133295,1.138583,1.145075,1.159564,1.170912,1.177074,1.185414,1.198482,1.211847,1.224439,1.220161,1.225782,1.238656,1.235418,1.248325,1.258488,1.250346,1.250306,1.249888,1.25396,1.25551,1.257296,1.253493,1.247798,1.242529,1.239898,1.237648,1.235171,1.236311,1.233569,1.21982,1.226623,1.23235,1.234625,1.23373,1.230691,1.226154,1.23119,1.241072,1.241439,1.247112,1.243989,1.244893,1.246482,1.25026,1.266555,1.2748,1.278929,1.275099,1.278133,1.280445,1.284536,1.288551,1.287792,1.290024,1.286738,1.286742,1.284364,1.274437,1.262156,1.245106,1.240688,1.227731,1.227182,1.214783,1.208217,1.203416,1.200713,1.19802,1.196828,1.183887,1.174689,1.169794,1.170997,1.170608,1.176952,1.169685,1.171084,1.166931,1.169644,1.166791,1.165511,1.157477,1.154274,1.143744,1.144948,1.149536,1.144904,1.138382,1.134531,1.125693,1.1225,1.114351,1.108416,1.097434,1.09923,1.095672,1.088299,1.080048,1.077026,1.071229,1.060775,1.056552,1.054561,1.044437,1.030412,1.02087,1.015336,1.013636,1.01165,1.00062,0.993617,0.994173,0.992375,0.989036,0.981021,0.973733,0.966105,0.95937,0.955806,0.950507,0.94393,0.938929,0.931577,0.927454,0.923028,0.916726,0.907633,0.899587,0.89834,0.897898,0.897562,0.902733,0.905088,0.904025,0.901332,0.900858,0.89906,0.896722,0.893154,0.89103,0.889537,0.888779,0.886681,0.882978,0.881245,0.879577,0.873814,0.872067,0.881464,0.883541,0.883978,0.88564,0.885037,0.88644,0.88743,0.888037,0.888266,0.888497,0.888157,0.887064,0.887136,0.887111,0.883424,0.864238,0.86183,0.859084,0.860589,0.861815,0.862574,0.862139,0.862531,0.862749,0.863024,0.863128,0.865472,0.876464,0.877322,0.877338,0.876093,0.877124,0.877645,0.877626,0.878601,0.881277,0.882961,0.883803,0.884609,0.886248,0.888414,0.887993,0.883896,0.887759,0.891753,0.894787,0.896651,0.899268,0.902281,0.902741,0.903624,0.906647,0.910423,0.914058,0.9162,0.918614,0.921057,0.917908,0.917671,0.917717,0.91955,0.918349,0.916974,0.91815,0.919182,0.919024,0.919616,0.916504,0.916679,0.919062,0.92086,0.921764,0.922257,0.922221,0.92221,0.921987,0.923542,0.931095,0.935862,0.941587,0.942269,0.942565,0.943443,0.943531,0.941501,0.939682,0.941424,0.943681,0.944962,0.94789,0.949129,0.957382,0.95722,0.955575,0.953863,0.955861,0.956865,0.959047,0.961668,0.961294,0.96094,0.957726,0.953814,0.949133,0.942358,0.936694,0.928546,0.924742,0.924447,0.921788,0.919702,0.916543,0.912871,0.910337,0.909535,0.908096,0.910073,0.909909,0.911155,0.912939,0.919682,0.921414,0.924017,0.923828,0.924288,0.921533,0.919955,0.921996,0.92066,0.91879,0.918362,0.918663,0.919946,0.9206,0.919637,0.918609,0.927957,0.930122,0.930606,0.930531,0.929143,0.928665,0.929348,0.930171,0.929991,0.928839,0.927299,0.925857,0.92546,0.928146,0.927016,0.916207,0.912234,0.911723,0.913976,0.923122,0.934092,0.937787,0.939179,0.942372,0.945749,0.949321,0.953471,0.956078,0.954843,0.957091,0.958826,0.959843,0.95939,0.95994,0.958903,0.952563,0.948385,0.948226,0.949508,0.955038,0.958421,0.960144,0.963202,0.968632,0.971523,0.973679,0.987301,0.991721,0.993221,1.004802,1.010301,1.014098,1.017527,1.027059,1.026361,1.026279,1.035449,1.041908,1.042712,1.0447,1.049037,1.045532,1.047781,1.05218,1.051785,1.06156,1.074372,1.080598,1.076662,1.076727,1.081929,1.079064,1.076871,1.076531,1.081645,1.094943,1.104703,1.111539,1.122764,1.129111,1.133295,1.138583,1.145075,1.159564,1.170912,1.177074,1.185414,1.198482,1.211847,1.224439,1.220161,1.225782,1.238656,1.235418,1.248325,1.258488,1.250346,1.250306,1.249888,1.25396,1.25551,1.257296,1.253493,1.247798,1.242529,1.239898,1.237648,1.235171,1.236311,1.233569,1.21982,1.226623,1.23235,1.234625,1.23373,1.230691,1.226154,1.23119,1.241072,1.241439,1.247112,1.243989,1.244893,1.246482,1.25026,1.266555,1.2748,1.278929,1.275099,1.278133,1.280445,1.284536,1.288551,1.287792,1.290024,1.286738,1.286742,1.284364,1.274437,1.262156,1.245106,1.240688,1.227731,1.227182,1.214783,1.208217,1.203416,1.200713,1.19802,1.196828,1.183887,1.174689,1.169794,1.170997,1.170608,1.176952,1.169685,1.171084,1.166931,1.169644,1.166791,1.165511,1.157477,1.154274,1.143744,1.144948,1.149536,1.144904,1.138382,1.134531,1.125693,1.1225,1.114351,1.108416,1.097434,1.09923,1.095672,1.088299,1.080048,1.077026,1.071229,1.060775,1.056552,1.054561,1.044437,1.030412,1.02087,1.015336,1.013636,1.01165,1.00062,0.993617,0.994173,0.992375,0.989036,0.981021,0.973733,0.966105,0.95937,0.955806,0.950507,0.94393,0.938929,0.931577,0.927454,0.923028,0.916726,0.907633,0.899587,0.89834,0.897898,0.897562,0.902733,0.905088,0.904025,0.901332,0.900858,0.89906,0.896722,0.893154,0.89103,0.889537,0.888779,0.886681,0.882978,0.881245,0.879577,0.873814,0.872067,0.881464,0.883541,0.883978,0.88564,0.885037,0.88644,0.88743,0.888037,0.888266,0.888497,0.888157,0.887064,0.887136,0.887111,0.883424,0.864238,0.86183,0.859084,0.860589,0.861815,0.862574,0.862139,0.862531,0.862749,0.863024,0.863128,0.865472,0.876464,0.877322,0.877338,0.876093,0.877124,0.877645,0.877626,0.878601,0.881277,0.882961,0.883803,0.884609,0.886248,0.888414,0.887993,0.883896,0.887759,0.891753,0.894787,0.896651,0.899268,0.902281,0.902741,0.903624,0.906647,0.910423,0.914058,0.9162,0.918614,0.921057,0.917908,0.917671,0.917717,0.91955,0.918349,0.916974,0.91815,0.919182,0.919024,0.919616,0.916504,0.916679,0.919062,0.92086,0.921764,0.922257,0.922221,0.92221,0.921987,0.923542,0.931095,0.935862,0.941587,0.942269,0.942565,0.943443,0.943531,0.941501,0.939682,0.941424,0.943681,0.944962,0.94789,0.949129,0.957382,0.95722,0.955575,0.953863,0.955861,0.956865,0.959047,0.961668,0.961294,0.96094,0.957726,0.953814,0.949133,0.942358,0.936694,0.928546,0.924742,0.924447,0.921788,0.919702,0.916543,0.912871,0.910337,0.909535,0.908096,0.910073,0.909909,0.911155,0.912939,0.919682,0.921414,0.924017,0.923828,0.924288,0.921533,0.919955,0.921996,0.92066,0.91879,0.918362,0.918663,0.919946,0.9206,0.919637,0.918609,0.927957,0.930122,0.930606,0.930531,0.929143,0.928665,0.929348,0.930171,0.929991,0.928839,0.927299,0.925857,0.92546,0.928146,0.927016,0.916207,0.912234,0.911723,0.913976,0.923122,0.934092,0.937787,0.939179,0.942372,0.945749,0.949321,0.953471,0.956078,0.954843,0.957091,0.958826,0.959843,0.95939,0.95994,0.958903,0.952563,0.948385,0.948226,0.949508,0.955038,0.958421,0.960144,0.963202,0.968632,0.971523,0.973679
CRW,SouthKorea,0.872701,0.008734200000000001,0.875249,0.877184,0.879579,0.881654,0.886219,0.888034,0.888201,0.888744,0.890378,0.886318,0.889876,0.892812,0.893908,0.896333,0.898417,0.897889,0.900888,0.911449,0.919374,0.922796,0.931198,0.938952,0.948345,0.95036,0.967446,0.98099,0.987314,0.998504,1.00679,1.011244,1.013945,1.014364,1.01752,1.015608,1.015035,1.015729,1.015973,1.018577,1.019398,1.014727,1.007308,1.006162,1.013153,1.01737,1.019247,1.026202,1.02938,1.028429,1.035208,1.042191,1.042187,1.045722,1.047913,1.041595,1.03217,1.026368,1.029619,1.021831,1.020524,1.01778,1.018477,1.02131,1.023362,1.026209,1.028744,1.032442,1.028147,1.032232,1.044473,1.049809,1.049452,1.047027,1.043475,1.03985,1.04412,1.064765,1.066334,1.061103,1.058253,1.048392,1.045342,1.047699,1.046127,1.041754,1.039287,1.040544,1.040899,1.040278,1.044658,1.044846,1.021578,1.010352,1.0081,1.009508,1.010204,1.020724,1.021996,1.017155,1.0106,1.006742,1.002855,0.999007,1.001651,1.000016,1.004001,1.006345,1.006056,1.006418,1.00635,1.003575,0.989999,0.991536,0.98787,0.986281,0.986032,1.000868,1.003616,1.000453,0.996698,0.990605,0.986562,0.984872,0.983836,0.977967,0.987214,0.984171,0.981677,0.982426,0.98017,0.974568,0.962936,0.955863,0.952934,0.956007,0.95121,0.948433,0.941726,0.936948,0.940919,0.932574,0.934774,0.935445,0.936442,0.93974,0.941135,0.939468,0.936484,0.936948,0.935298,0.934045,0.931304,0.92997,0.928485,0.912,0.91249,0.913374,0.91187,0.911025,0.90921,0.90622,0.907342,0.910136,0.910126,0.909741,0.909983,0.908795,0.907849,0.908972,0.914369,0.92495,0.922487,0.91974,0.91908,0.920259,0.922071,0.91836,0.913818,0.909553,0.907346,0.904565,0.905967,0.906316,0.904168,0.901983,0.894115,0.895605,0.897276,0.898188,0.905732,0.906531,0.90623,0.907733,0.906078,0.906976,0.907093,0.908116,0.908394,0.905695,0.900209,0.897508,0.896771,0.895861,0.876497,0.874239,0.871804,0.872029,0.893088,0.904819,0.90512,0.904837,0.904263,0.90227,0.902942,0.902631,0.904691,0.91482,0.917523,0.920333,0.924772,0.927792,0.927934,0.920166,0.909992,0.908494,0.90654,0.911502,0.927468,0.925736,0.922728,0.918055,0.904789,0.898381,0.89476,0.890975,0.888174,0.887518,0.888078,0.887771,0.887484,0.88685,0.882331,0.862156,0.860917,0.859141,0.858202,0.865944,0.874919,0.876445,0.887938,0.88947,0.891352,0.888482,0.885525,0.883917,0.883113,0.885173,0.882372,0.882454,0.882833,0.893417,0.891535,0.886105,0.88661,0.871138,0.873077,0.872608,0.874828,0.882088,0.887554,0.907035,0.911699,0.912236,0.916273,0.918543,0.915989,0.915532,0.909745,0.906137,0.904582,0.901125,0.90144,0.899618,0.888639,0.881582,0.857125,0.83782,0.829007,0.827125,0.821577,0.805086,0.785608,0.782004,0.777667,0.771267,0.76189,0.764506,0.760861,0.765209,0.771065,0.774075,0.780481,0.785072,0.787921,0.790347,0.799307,0.808621,0.811363,0.819012,0.830537,0.844247,0.839041,0.842287,0.84224,0.85125,0.858731,0.878425,0.880482,0.875933,0.877791,0.87574,0.870841,0.875874,0.873774,0.878945,0.878678,0.883218,0.880509,0.883456,0.888648,0.890623,0.885759,0.886251,0.888585,0.89787,0.90213,0.90418,0.9015,0.894464,0.892688,0.891746,0.889876,0.891686,0.890619,0.893493,0.899395,0.897267,0.89716,0.898274,0.888406,0.888428,0.892709,0.892629,0.893317,0.896892,0.900182,0.905599,0.909207,0.910985,0.904175,0.890281,0.89329,0.893744,0.891536,0.872701,0.87342,0.875249,0.877184,0.879579,0.881654,0.886219,0.888034,0.888201,0.888744,0.890378,0.886318,0.889876,0.892812,0.893908,0.896333,0.898417,0.897889,0.900888,0.911449,0.919374,0.922796,0.931198,0.938952,0.948345,0.95036,0.967446,0.98099,0.987314,0.998504,1.00679,1.011244,1.013945,1.014364,1.01752,1.015608,1.015035,1.015729,1.015973,1.018577,1.019398,1.014727,1.007308,1.006162,1.013153,1.01737,1.019247,1.026202,1.02938,1.028429,1.035208,1.042191,1.042187,1.045722,1.047913,1.041595,1.03217,1.026368,1.029619,1.021831,1.020524,1.01778,1.018477,1.02131,1.023362,1.026209,1.028744,1.032442,1.028147,1.032232,1.044473,1.049809,1.049452,1.047027,1.043475,1.03985,1.04412,1.064765,1.066334,1.061103,1.058253,1.048392,1.045342,1.047699,1.046127,1.041754,1.039287,1.040544,1.040899,1.040278,1.044658,1.044846,1.021578,1.010352,1.0081,1.009508,1.010204,1.020724,1.021996,1.017155,1.0106,1.006742,1.002855,0.999007,1.001651,1.000016,1.004001,1.006345,1.006056,1.006418,1.00635,1.003575,0.989999,0.991536,0.98787,0.986281,0.986032,1.000868,1.003616,1.000453,0.996698,0.990605,0.986562,0.984872,0.983836,0.977967,0.987214,0.984171,0.981677,0.982426,0.98017,0.974568,0.962936,0.955863,0.952934,0.956007,0.95121,0.948433,0.941726,0.936948,0.940919,0.932574,0.934774,0.935445,0.936442,0.93974,0.941135,0.939468,0.936484,0.936948,0.935298,0.934045,0.931304,0.92997,0.928485,0.912,0.91249,0.913374,0.91187,0.911025,0.90921,0.90622,0.907342,0.910136,0.910126,0.909741,0.909983,0.908795,0.907849,0.908972,0.914369,0.92495,0.922487,0.91974,0.91908,0.920259,0.922071,0.91836,0.913818,0.909553,0.907346,0.904565,0.905967,0.906316,0.904168,0.901983,0.894115,0.895605,0.897276,0.898188,0.905732,0.906531,0.90623,0.907733,0.906078,0.906976,0.907093,0.908116,0.908394,0.905695,0.900209,0.897508,0.896771,0.895861,0.876497,0.874239,0.871804,0.872029,0.893088,0.904819,0.90512,0.904837,0.904263,0.90227,0.902942,0.902631,0.904691,0.91482,0.917523,0.920333,0.924772,0.927792,0.927934,0.920166,0.909992,0.908494,0.90654,0.911502,0.927468,0.925736,0.922728,0.918055,0.904789,0.898381,0.89476,0.890975,0.888174,0.887518,0.888078,0.887771,0.887484,0.88685,0.882331,0.862156,0.860917,0.859141,0.858202,0.865944,0.874919,0.876445,0.887938,0.88947,0.891352,0.888482,0.885525,0.883917,0.883113,0.885173,0.882372,0.882454,0.882833,0.893417,0.891535,0.886105,0.88661,0.871138,0.873077,0.872608,0.874828,0.882088,0.887554,0.907035,0.911699,0.912236,0.916273,0.918543,0.915989,0.915532,0.909745,0.906137,0.904582,0.901125,0.90144,0.899618,0.888639,0.881582,0.857125,0.83782,0.829007,0.827125,0.821577,0.805086,0.785608,0.782004,0.777667,0.771267,0.76189,0.764506,0.760861,0.765209,0.771065,0.774075,0.780481,0.785072,0.787921,0.790347,0.799307,0.808621,0.811363,0.819012,0.830537,0.844247,0.839041,0.842287,0.84224,0.85125,0.858731,0.878425,0.880482,0.875933,0.877791,0.87574,0.870841,0.875874,0.873774,0.878945,0.878678,0.883218,0.880509,0.883456,0.888648,0.890623,0.885759,0.886251,0.888585,0.89787,0.90213,0.90418,0.9015,0.894464,0.892688,0.891746,0.889876,0.891686,0.890619,0.893493,0.899395,0.897267,0.89716,0.898274,0.888406,0.888428,0.892709,0.892629,0.893317,0.896892,0.900182,0.905599,0.909207,0.910985,0.904175,0.890281,0.89329,0.893744,0.891536
CRW,SouthSudan,0.981915,0.009808180000000001,0.984366,0.970708,0.962441,0.961083,0.953294,0.94166,0.939385,0.935426,0.927495,0.921975,0.915096,0.898629,0.892429,0.880971,0.867432,0.856461,0.849856,0.842333,0.831342,0.824182,0.823447,0.815434,0.810704,0.799494,0.792223,0.787502,0.783515,0.781356,0.775532,0.774083,0.791995,0.801999,0.810201,0.82708,0.824605,0.818112,0.817053,0.812906,0.81309,0.814546,0.819557,0.820201,0.817294,0.818827,0.81289,0.785601,0.775301,0.776376,0.758056,0.781189,0.780964,0.781511,0.783102,0.785903,0.785394,0.781977,0.780274,0.780855,0.778479,0.7787,0.780445,0.779245,0.769635,0.767719,0.74758,0.750795,0.752288,0.751205,0.745595,0.745364,0.744858,0.746109,0.748681,0.753745,0.756551,0.760605,0.765791,0.778177,0.787229,0.792132,0.797696,0.798405,0.80257,0.803965,0.802941,0.801099,0.802324,0.804355,0.809313,0.816009,0.82063,0.825463,0.821939,0.821311,0.822359,0.819322,0.818551,0.823123,0.830984,0.838666,0.847962,0.853166,0.855666,0.854637,0.848988,0.844602,0.840316,0.838026,0.831633,0.831708,0.83722,0.845862,0.843792,0.842421,0.840421,0.839595,0.837468,0.83834,0.837485,0.842106,0.841334,0.837789,0.840122,0.842444,0.839078,0.833349,0.823961,0.825441,0.821501,0.819926,0.81512,0.816705,0.813674,0.812445,0.809194,0.803483,0.800051,0.796663,0.798298,0.799037,0.802293,0.808762,0.827413,0.83903,0.850412,0.861761,0.864532,0.869839,0.872517,0.875349,0.890438,0.901384,0.908982,0.918587,0.920034,0.913857,0.910401,0.892538,0.889709,0.883067,0.874749,0.868136,0.865451,0.859116,0.85265,0.843309,0.849325,0.844694,0.838876,0.841308,0.853659,0.855879,0.861081,0.855802,0.854512,0.852228,0.86148,0.865006,0.874897,0.877451,0.877454,0.866035,0.861617,0.862559,0.863041,0.856715,0.855663,0.849,0.844621,0.842389,0.854642,0.8481,0.844704,0.838743,0.832616,0.833139,0.831985,0.839067,0.837921,0.834817,0.836221,0.841535,0.843214,0.851282,0.84278,0.844757,0.846684,0.848663,0.862838,0.864991,0.866919,0.870025,0.876146,0.878728,0.882049,0.876307,0.869883,0.867158,0.861653,0.856978,0.855843,0.85275,0.851187,0.848661,0.85266,0.858318,0.864579,0.851603,0.858646,0.863134,0.869548,0.874429,0.881675,0.888684,0.902727,0.913054,0.919431,0.92512,0.923033,0.921043,0.914791,0.914265,0.917025,0.906697,0.907232,0.907383,0.903351,0.903399,0.894587,0.882014,0.874737,0.874296,0.874025,0.871879,0.871138,0.874733,0.867284,0.865024,0.866158,0.860905,0.861354,0.87169,0.869706,0.871873,0.87378,0.876186,0.874453,0.874307,0.874742,0.874437,0.877642,0.885454,0.88749,0.892295,0.894114,0.89009,0.887861,0.898931,0.905484,0.921156,0.923621,0.927494,0.924359,0.924023,0.926963,0.927895,0.922951,0.921873,0.920507,0.932306,0.94228,0.945161,0.944008,0.947117,0.94223,0.941831,0.944323,0.952832,0.957984,0.961459,0.963544,0.972486,0.985059,0.993534,0.988743,0.984849,0.99286,0.995363,0.992917,0.991398,0.991783,0.995817,0.998429,1.000152,1.006238,1.012284,1.019528,1.018926,1.023463,1.032445,1.048396,1.049261,1.054543,1.060996,1.072416,1.084321,1.083589,1.081162,1.095991,1.103473,1.103646,1.099665,1.102226,1.091111,1.081066,1.065157,1.057199,1.066975,1.092776,1.091536,1.087203,1.091591,1.097335,1.086656,1.075149,1.075422,1.074584,1.077111,1.082461,1.082618,1.073603,1.076322,1.059639,1.026368,1.024222,1.02588,1.016578,1.007896,1.009689,1.006205,0.996303,0.997116,0.985832,0.981915,0.980818,0.984366,0.970708,0.962441,0.961083,0.953294,0.94166,0.939385,0.935426,0.927495,0.921975,0.915096,0.898629,0.892429,0.880971,0.867432,0.856461,0.849856,0.842333,0.831342,0.824182,0.823447,0.815434,0.810704,0.799494,0.792223,0.787502,0.783515,0.781356,0.775532,0.774083,0.791995,0.801999,0.810201,0.82708,0.824605,0.818112,0.817053,0.812906,0.81309,0.814546,0.819557,0.820201,0.817294,0.818827,0.81289,0.785601,0.775301,0.776376,0.758056,0.781189,0.780964,0.781511,0.783102,0.785903,0.785394,0.781977,0.780274,0.780855,0.778479,0.7787,0.780445,0.779245,0.769635,0.767719,0.74758,0.750795,0.752288,0.751205,0.745595,0.745364,0.744858,0.746109,0.748681,0.753745,0.756551,0.760605,0.765791,0.778177,0.787229,0.792132,0.797696,0.798405,0.80257,0.803965,0.802941,0.801099,0.802324,0.804355,0.809313,0.816009,0.82063,0.825463,0.821939,0.821311,0.822359,0.819322,0.818551,0.823123,0.830984,0.838666,0.847962,0.853166,0.855666,0.854637,0.848988,0.844602,0.840316,0.838026,0.831633,0.831708,0.83722,0.845862,0.843792,0.842421,0.840421,0.839595,0.837468,0.83834,0.837485,0.842106,0.841334,0.837789,0.840122,0.842444,0.839078,0.833349,0.823961,0.825441,0.821501,0.819926,0.81512,0.816705,0.813674,0.812445,0.809194,0.803483,0.800051,0.796663,0.798298,0.799037,0.802293,0.808762,0.827413,0.83903,0.850412,0.861761,0.864532,0.869839,0.872517,0.875349,0.890438,0.901384,0.908982,0.918587,0.920034,0.913857,0.910401,0.892538,0.889709,0.883067,0.874749,0.868136,0.865451,0.859116,0.85265,0.843309,0.849325,0.844694,0.838876,0.841308,0.853659,0.855879,0.861081,0.855802,0.854512,0.852228,0.86148,0.865006,0.874897,0.877451,0.877454,0.866035,0.861617,0.862559,0.863041,0.856715,0.855663,0.849,0.844621,0.842389,0.854642,0.8481,0.844704,0.838743,0.832616,0.833139,0.831985,0.839067,0.837921,0.834817,0.836221,0.841535,0.843214,0.851282,0.84278,0.844757,0.846684,0.848663,0.862838,0.864991,0.866919,0.870025,0.876146,0.878728,0.882049,0.876307,0.869883,0.867158,0.861653,0.856978,0.855843,0.85275,0.851187,0.848661,0.85266,0.858318,0.864579,0.851603,0.858646,0.863134,0.869548,0.874429,0.881675,0.888684,0.902727,0.913054,0.919431,0.92512,0.923033,0.921043,0.914791,0.914265,0.917025,0.906697,0.907232,0.907383,0.903351,0.903399,0.894587,0.882014,0.874737,0.874296,0.874025,0.871879,0.871138,0.874733,0.867284,0.865024,0.866158,0.860905,0.861354,0.87169,0.869706,0.871873,0.87378,0.876186,0.874453,0.874307,0.874742,0.874437,0.877642,0.885454,0.88749,0.892295,0.894114,0.89009,0.887861,0.898931,0.905484,0.921156,0.923621,0.927494,0.924359,0.924023,0.926963,0.927895,0.922951,0.921873,0.920507,0.932306,0.94228,0.945161,0.944008,0.947117,0.94223,0.941831,0.944323,0.952832,0.957984,0.961459,0.963544,0.972486,0.985059,0.993534,0.988743,0.984849,0.99286,0.995363,0.992917,0.991398,0.991783,0.995817,0.998429,1.000152,1.006238,1.012284,1.019528,1.018926,1.023463,1.032445,1.048396,1.049261,1.054543,1.060996,1.072416,1.084321,1.083589,1.081162,1.095991,1.103473,1.103646,1.099665,1.102226,1.091111,1.081066,1.065157,1.057199,1.066975,1.092776,1.091536,1.087203,1.091591,1.097335,1.086656,1.075149,1.075422,1.074584,1.077111,1.082461,1.082618,1.073603,1.076322,1.059639,1.026368,1.024222,1.02588,1.016578,1.007896,1.009689,1.006205,0.996303,0.997116,0.985832
CRW,Spain,0.855464,0.008611790000000001,0.865015,0.868193,0.871963,0.875982,0.878561,0.878943,0.879687,0.879617,0.880179,0.881705,0.884241,0.88424,0.887477,0.870481,0.867345,0.872568,0.876963,0.884013,0.887266,0.891989,0.897281,0.902842,0.908337,0.914559,0.92179,0.926113,0.92996,0.931924,0.933235,0.937803,0.938653,0.938077,0.934237,0.932498,0.931446,0.930711,0.927584,0.926234,0.925505,0.926449,0.927201,0.934908,0.940496,0.942919,0.943972,0.944159,0.945843,0.950043,0.954416,0.959547,0.961732,0.963344,0.964413,0.964154,0.962825,0.962074,0.956183,0.954938,0.955689,0.95541,0.954963,0.954733,0.953451,0.953413,0.952398,0.954065,0.955864,0.957868,0.960152,0.961277,0.963405,0.961519,0.94715,0.94161,0.938609,0.939634,0.940774,0.942486,0.948566,0.949875,0.94927,0.949121,0.949165,0.949126,0.948501,0.950052,0.951915,0.958989,0.977215,1.000337,1.004494,1.005191,1.003991,1.001576,0.998668,0.997773,0.996693,0.99356,0.990744,0.988043,0.98364,0.979871,0.972115,0.960356,0.939097,0.926454,0.917801,0.913038,0.903679,0.899485,0.894342,0.890415,0.888916,0.886812,0.885642,0.884444,0.88461,0.886203,0.887322,0.886389,0.885296,0.88533,0.885384,0.883664,0.884135,0.886329,0.887799,0.886624,0.886849,0.8866,0.892405,0.89288,0.888475,0.884274,0.884792,0.884302,0.882059,0.881484,0.879935,0.876652,0.872926,0.869221,0.86744,0.865189,0.873915,0.872661,0.869951,0.869649,0.868851,0.868202,0.86757,0.870725,0.870987,0.871838,0.873889,0.876456,0.87807,0.878268,0.881236,0.882542,0.879619,0.879055,0.879674,0.879781,0.878606,0.879057,0.876324,0.873962,0.874316,0.873604,0.873496,0.873558,0.873651,0.870082,0.860982,0.86051,0.860029,0.864545,0.869411,0.871876,0.87022,0.86869,0.866851,0.869163,0.869473,0.870194,0.870065,0.869648,0.869603,0.869522,0.869572,0.869414,0.866801,0.862333,0.859901,0.860476,0.860823,0.852439,0.850068,0.849571,0.849954,0.850725,0.852145,0.852875,0.852497,0.856929,0.856193,0.856633,0.856146,0.856245,0.857936,0.858932,0.860763,0.862877,0.863985,0.861078,0.859773,0.859861,0.860487,0.861923,0.859699,0.859109,0.860071,0.860788,0.862416,0.862271,0.862837,0.862017,0.859158,0.858373,0.865795,0.865583,0.864711,0.865988,0.866045,0.866724,0.867337,0.867734,0.868237,0.866558,0.866035,0.865957,0.864973,0.86545,0.867375,0.862918,0.868142,0.871509,0.873337,0.866339,0.856369,0.851119,0.846587,0.837926,0.830675,0.822949,0.819871,0.820805,0.822705,0.819409,0.8143,0.810785,0.811654,0.816675,0.819515,0.819731,0.818038,0.816333,0.813578,0.810162,0.807338,0.800741,0.79073,0.779539,0.773848,0.777121,0.788072,0.793721,0.791624,0.789681,0.790212,0.792813,0.79091,0.790227,0.788292,0.785182,0.784229,0.787323,0.791,0.792384,0.791159,0.783361,0.781162,0.786449,0.789141,0.786668,0.782563,0.779379,0.77743,0.783172,0.790765,0.797693,0.79834,0.79676,0.796745,0.795236,0.797997,0.801221,0.795703,0.790711,0.788393,0.78637,0.78776,0.797523,0.797445,0.793747,0.795978,0.804202,0.81342,0.820897,0.826031,0.839539,0.842209,0.844943,0.848358,0.849197,0.852912,0.853179,0.852637,0.851851,0.850655,0.849381,0.850178,0.848668,0.848796,0.849103,0.841554,0.837166,0.833625,0.828517,0.825882,0.81822,0.817877,0.817872,0.818147,0.818325,0.817962,0.809429,0.809277,0.808905,0.80915,0.810359,0.810331,0.811075,0.811101,0.81409,0.817232,0.819573,0.82011,0.820887,0.824557,0.832484,0.835508,0.855464,0.861179,0.865015,0.868193,0.871963,0.875982,0.878561,0.878943,0.879687,0.879617,0.880179,0.881705,0.884241,0.88424,0.887477,0.870481,0.867345,0.872568,0.876963,0.884013,0.887266,0.891989,0.897281,0.902842,0.908337,0.914559,0.92179,0.926113,0.92996,0.931924,0.933235,0.937803,0.938653,0.938077,0.934237,0.932498,0.931446,0.930711,0.927584,0.926234,0.925505,0.926449,0.927201,0.934908,0.940496,0.942919,0.943972,0.944159,0.945843,0.950043,0.954416,0.959547,0.961732,0.963344,0.964413,0.964154,0.962825,0.962074,0.956183,0.954938,0.955689,0.95541,0.954963,0.954733,0.953451,0.953413,0.952398,0.954065,0.955864,0.957868,0.960152,0.961277,0.963405,0.961519,0.94715,0.94161,0.938609,0.939634,0.940774,0.942486,0.948566,0.949875,0.94927,0.949121,0.949165,0.949126,0.948501,0.950052,0.951915,0.958989,0.977215,1.000337,1.004494,1.005191,1.003991,1.001576,0.998668,0.997773,0.996693,0.99356,0.990744,0.988043,0.98364,0.979871,0.972115,0.960356,0.939097,0.926454,0.917801,0.913038,0.903679,0.899485,0.894342,0.890415,0.888916,0.886812,0.885642,0.884444,0.88461,0.886203,0.887322,0.886389,0.885296,0.88533,0.885384,0.883664,0.884135,0.886329,0.887799,0.886624,0.886849,0.8866,0.892405,0.89288,0.888475,0.884274,0.884792,0.884302,0.882059,0.881484,0.879935,0.876652,0.872926,0.869221,0.86744,0.865189,0.873915,0.872661,0.869951,0.869649,0.868851,0.868202,0.86757,0.870725,0.870987,0.871838,0.873889,0.876456,0.87807,0.878268,0.881236,0.882542,0.879619,0.879055,0.879674,0.879781,0.878606,0.879057,0.876324,0.873962,0.874316,0.873604,0.873496,0.873558,0.873651,0.870082,0.860982,0.86051,0.860029,0.864545,0.869411,0.871876,0.87022,0.86869,0.866851,0.869163,0.869473,0.870194,0.870065,0.869648,0.869603,0.869522,0.869572,0.869414,0.866801,0.862333,0.859901,0.860476,0.860823,0.852439,0.850068,0.849571,0.849954,0.850725,0.852145,0.852875,0.852497,0.856929,0.856193,0.856633,0.856146,0.856245,0.857936,0.858932,0.860763,0.862877,0.863985,0.861078,0.859773,0.859861,0.860487,0.861923,0.859699,0.859109,0.860071,0.860788,0.862416,0.862271,0.862837,0.862017,0.859158,0.858373,0.865795,0.865583,0.864711,0.865988,0.866045,0.866724,0.867337,0.867734,0.868237,0.866558,0.866035,0.865957,0.864973,0.86545,0.867375,0.862918,0.868142,0.871509,0.873337,0.866339,0.856369,0.851119,0.846587,0.837926,0.830675,0.822949,0.819871,0.820805,0.822705,0.819409,0.8143,0.810785,0.811654,0.816675,0.819515,0.819731,0.818038,0.816333,0.813578,0.810162,0.807338,0.800741,0.79073,0.779539,0.773848,0.777121,0.788072,0.793721,0.791624,0.789681,0.790212,0.792813,0.79091,0.790227,0.788292,0.785182,0.784229,0.787323,0.791,0.792384,0.791159,0.783361,0.781162,0.786449,0.789141,0.786668,0.782563,0.779379,0.77743,0.783172,0.790765,0.797693,0.79834,0.79676,0.796745,0.795236,0.797997,0.801221,0.795703,0.790711,0.788393,0.78637,0.78776,0.797523,0.797445,0.793747,0.795978,0.804202,0.81342,0.820897,0.826031,0.839539,0.842209,0.844943,0.848358,0.849197,0.852912,0.853179,0.852637,0.851851,0.850655,0.849381,0.850178,0.848668,0.848796,0.849103,0.841554,0.837166,0.833625,0.828517,0.825882,0.81822,0.817877,0.817872,0.818147,0.818325,0.817962,0.809429,0.809277,0.808905,0.80915,0.810359,0.810331,0.811075,0.811101,0.81409,0.817232,0.819573,0.82011,0.820887,0.824557,0.832484,0.835508
CRW,SriLanka,1.00081,0.00992676,0.994672,0.992983,1.001367,1.002374,1.007099,1.000122,1.002156,0.994367,0.988594,0.981867,0.973727,0.970336,0.962852,0.96234,0.959774,0.944331,0.941232,0.936696,0.930773,0.922685,0.918408,0.909312,0.903735,0.905057,0.905468,0.899963,0.895013,0.892062,0.887643,0.89169,0.890753,0.888658,0.876216,0.886749,0.881044,0.879169,0.876839,0.884764,0.897418,0.895944,0.896781,0.897793,0.901608,0.904979,0.904826,0.905329,0.903914,0.904644,0.893204,0.895022,0.905562,0.905597,0.901419,0.880885,0.878976,0.875453,0.872159,0.879587,0.884026,0.883404,0.883102,0.883022,0.884287,0.884829,0.88313,0.876409,0.878988,0.880296,0.886676,0.889799,0.894759,0.898329,0.881821,0.868676,0.863086,0.85636,0.85817,0.860549,0.862311,0.86723,0.87115,0.877873,0.881784,0.883765,0.879089,0.878524,0.879642,0.883951,0.89006,0.896827,0.904734,0.905468,0.904854,0.908319,0.91242,0.911947,0.911677,0.913352,0.915619,0.920516,0.921417,0.924697,0.925482,0.924394,0.928301,0.925185,0.928785,0.934757,0.940885,0.945898,0.950531,0.953642,0.956534,0.978653,0.977214,0.982483,0.985627,0.994304,1.0041,1.008686,1.013051,1.015814,1.019575,1.014399,1.012618,1.009597,1.008801,1.008875,0.99088,0.992363,0.993891,0.997071,0.991594,0.989444,0.990965,0.989246,0.99067,0.994448,0.999336,1.006591,1.020742,1.035736,1.039354,1.042267,1.059587,1.061401,1.074478,1.084112,1.091718,1.091652,1.09662,1.097916,1.092463,1.097811,1.088474,1.08414,1.067183,1.073086,1.066081,1.062089,1.055235,1.031509,1.027713,1.017882,1.009134,0.99834,0.994221,0.986558,0.970363,0.967094,0.962234,0.964576,0.954017,0.950755,0.94867,0.953429,0.961571,0.961328,0.963004,0.964472,0.972188,0.975436,0.977463,0.985237,0.991294,0.992505,0.985051,0.987436,0.993194,0.998004,1.00326,1.007254,1.008326,1.006976,1.003834,0.999781,0.987994,0.977279,0.972343,0.967157,0.970413,0.967739,0.962139,0.948134,0.936426,0.927771,0.912833,0.908537,0.902239,0.894681,0.895369,0.897415,0.899993,0.898339,0.894323,0.890455,0.883328,0.877651,0.878813,0.874283,0.871045,0.869683,0.869585,0.87782,0.884698,0.887859,0.892819,0.892283,0.896489,0.900195,0.898362,0.90162,0.905166,0.90501,0.902586,0.901227,0.904185,0.905862,0.905327,0.905392,0.899652,0.892119,0.890448,0.888278,0.885449,0.884777,0.880832,0.875125,0.872126,0.871067,0.868866,0.866589,0.864018,0.862353,0.860815,0.859589,0.855137,0.849705,0.841871,0.836561,0.843436,0.843979,0.843354,0.844159,0.852709,0.859618,0.864423,0.87711,0.890185,0.890784,0.898688,0.903984,0.903726,0.908756,0.914011,0.914745,0.920644,0.929138,0.93636,0.938356,0.93863,0.940724,0.92984,0.915401,0.916836,0.916183,0.918293,0.934691,0.962957,0.966212,0.971896,0.982413,0.996901,1.014809,1.016092,1.018742,1.026669,1.033115,1.040653,1.040783,1.046032,1.050168,1.048256,1.036461,1.038193,1.044081,1.057187,1.045264,1.032921,1.04368,1.051262,1.050828,1.052698,1.055329,1.063763,1.063067,1.061723,1.064361,1.065391,1.063767,1.057187,1.043164,1.04776,1.0493,1.042339,1.039012,1.036703,1.042099,1.052321,1.054886,1.063151,1.07188,1.073345,1.092316,1.101895,1.110672,1.125599,1.124725,1.130156,1.135546,1.131866,1.136502,1.12722,1.122465,1.122207,1.11255,1.10654,1.097312,1.070692,1.062766,1.052726,1.027254,1.024051,1.012434,1.00421,1.006118,0.997362,1.004372,1.000024,0.996049,0.999495,0.997995,1.00307,1.00081,0.992676,0.994672,0.992983,1.001367,1.002374,1.007099,1.000122,1.002156,0.994367,0.988594,0.981867,0.973727,0.970336,0.962852,0.96234,0.959774,0.944331,0.941232,0.936696,0.930773,0.922685,0.918408,0.909312,0.903735,0.905057,0.905468,0.899963,0.895013,0.892062,0.887643,0.89169,0.890753,0.888658,0.876216,0.886749,0.881044,0.879169,0.876839,0.884764,0.897418,0.895944,0.896781,0.897793,0.901608,0.904979,0.904826,0.905329,0.903914,0.904644,0.893204,0.895022,0.905562,0.905597,0.901419,0.880885,0.878976,0.875453,0.872159,0.879587,0.884026,0.883404,0.883102,0.883022,0.884287,0.884829,0.88313,0.876409,0.878988,0.880296,0.886676,0.889799,0.894759,0.898329,0.881821,0.868676,0.863086,0.85636,0.85817,0.860549,0.862311,0.86723,0.87115,0.877873,0.881784,0.883765,0.879089,0.878524,0.879642,0.883951,0.89006,0.896827,0.904734,0.905468,0.904854,0.908319,0.91242,0.911947,0.911677,0.913352,0.915619,0.920516,0.921417,0.924697,0.925482,0.924394,0.928301,0.925185,0.928785,0.934757,0.940885,0.945898,0.950531,0.953642,0.956534,0.978653,0.977214,0.982483,0.985627,0.994304,1.0041,1.008686,1.013051,1.015814,1.019575,1.014399,1.012618,1.009597,1.008801,1.008875,0.99088,0.992363,0.993891,0.997071,0.991594,0.989444,0.990965,0.989246,0.99067,0.994448,0.999336,1.006591,1.020742,1.035736,1.039354,1.042267,1.059587,1.061401,1.074478,1.084112,1.091718,1.091652,1.09662,1.097916,1.092463,1.097811,1.088474,1.08414,1.067183,1.073086,1.066081,1.062089,1.055235,1.031509,1.027713,1.017882,1.009134,0.99834,0.994221,0.986558,0.970363,0.967094,0.962234,0.964576,0.954017,0.950755,0.94867,0.953429,0.961571,0.961328,0.963004,0.964472,0.972188,0.975436,0.977463,0.985237,0.991294,0.992505,0.985051,0.987436,0.993194,0.998004,1.00326,1.007254,1.008326,1.006976,1.003834,0.999781,0.987994,0.977279,0.972343,0.967157,0.970413,0.967739,0.962139,0.948134,0.936426,0.927771,0.912833,0.908537,0.902239,0.894681,0.895369,0.897415,0.899993,0.898339,0.894323,0.890455,0.883328,0.877651,0.878813,0.874283,0.871045,0.869683,0.869585,0.87782,0.884698,0.887859,0.892819,0.892283,0.896489,0.900195,0.898362,0.90162,0.905166,0.90501,0.902586,0.901227,0.904185,0.905862,0.905327,0.905392,0.899652,0.892119,0.890448,0.888278,0.885449,0.884777,0.880832,0.875125,0.872126,0.871067,0.868866,0.866589,0.864018,0.862353,0.860815,0.859589,0.855137,0.849705,0.841871,0.836561,0.843436,0.843979,0.843354,0.844159,0.852709,0.859618,0.864423,0.87711,0.890185,0.890784,0.898688,0.903984,0.903726,0.908756,0.914011,0.914745,0.920644,0.929138,0.93636,0.938356,0.93863,0.940724,0.92984,0.915401,0.916836,0.916183,0.918293,0.934691,0.962957,0.966212,0.971896,0.982413,0.996901,1.014809,1.016092,1.018742,1.026669,1.033115,1.040653,1.040783,1.046032,1.050168,1.048256,1.036461,1.038193,1.044081,1.057187,1.045264,1.032921,1.04368,1.051262,1.050828,1.052698,1.055329,1.063763,1.063067,1.061723,1.064361,1.065391,1.063767,1.057187,1.043164,1.04776,1.0493,1.042339,1.039012,1.036703,1.042099,1.052321,1.054886,1.063151,1.07188,1.073345,1.092316,1.101895,1.110672,1.125599,1.124725,1.130156,1.135546,1.131866,1.136502,1.12722,1.122465,1.122207,1.11255,1.10654,1.097312,1.070692,1.062766,1.052726,1.027254,1.024051,1.012434,1.00421,1.006118,0.997362,1.004372,1.000024,0.996049,0.999495,0.997995,1.00307
CRW,Sudan,0.686118,0.00681615,0.681522,0.685052,0.688083,0.69277,0.695265,0.695583,0.681352,0.677858,0.676962,0.674661,0.678749,0.681537,0.683083,0.684544,0.685751,0.68758,0.690635,0.693276,0.694028,0.692962,0.690408,0.691161,0.691666,0.69034,0.691079,0.696229,0.701315,0.707411,0.712944,0.720235,0.724034,0.72706,0.728801,0.728608,0.730123,0.734162,0.738689,0.748659,0.76018,0.767941,0.77146,0.774959,0.779711,0.782376,0.78169,0.788055,0.794091,0.797706,0.798888,0.799782,0.802187,0.803614,0.803424,0.80851,0.816443,0.823517,0.828918,0.832541,0.836838,0.84023,0.838674,0.836927,0.83856,0.849267,0.856778,0.857758,0.859009,0.859728,0.859814,0.858458,0.8572,0.858152,0.858685,0.860436,0.862981,0.864491,0.866191,0.86712,0.868938,0.869065,0.870216,0.869518,0.868607,0.866932,0.865061,0.864109,0.863319,0.863713,0.865101,0.866694,0.868895,0.871387,0.873288,0.875005,0.876997,0.878485,0.881112,0.884667,0.890264,0.898175,0.905362,0.910158,0.912597,0.913659,0.914077,0.915415,0.915689,0.917762,0.920459,0.923732,0.927632,0.931895,0.934052,0.933332,0.932201,0.930703,0.93081,0.933939,0.937337,0.943498,0.946825,0.948328,0.949618,0.948458,0.9498,0.951142,0.94411,0.932244,0.934064,0.938218,0.945811,0.94327,0.938783,0.930577,0.912648,0.89641,0.8863,0.878791,0.868751,0.845382,0.822893,0.825893,0.834157,0.836751,0.83838,0.839576,0.845065,0.851824,0.864314,0.876868,0.891355,0.903808,0.910312,0.912895,0.918851,0.92126,0.905787,0.896434,0.889189,0.878458,0.882585,0.887796,0.885646,0.880471,0.877634,0.871117,0.863624,0.856418,0.850605,0.852476,0.86199,0.868544,0.870854,0.871111,0.87568,0.858932,0.843912,0.840577,0.838613,0.837945,0.84348,0.853527,0.867155,0.879711,0.886722,0.886845,0.882937,0.87621,0.870263,0.865624,0.862223,0.851475,0.834948,0.819727,0.807396,0.794483,0.755472,0.74887,0.741378,0.737176,0.738863,0.740481,0.742689,0.736795,0.736237,0.738497,0.73813,0.736388,0.736704,0.735348,0.734881,0.736197,0.7253,0.717462,0.711434,0.701943,0.691712,0.690372,0.68896,0.687159,0.68455,0.683069,0.682058,0.679816,0.681199,0.680591,0.674411,0.67245,0.672719,0.667895,0.677381,0.678796,0.669678,0.671607,0.672583,0.675533,0.678255,0.68344,0.685864,0.680842,0.679796,0.684165,0.696478,0.705243,0.709869,0.697913,0.698344,0.701157,0.704859,0.708714,0.7086,0.713747,0.711397,0.710649,0.710352,0.712676,0.715509,0.716115,0.711208,0.713808,0.719124,0.726523,0.732667,0.732815,0.735059,0.736587,0.740819,0.749498,0.753499,0.754588,0.759284,0.766595,0.767371,0.767066,0.766025,0.763411,0.759595,0.756795,0.759682,0.758626,0.763748,0.76793,0.766279,0.766332,0.775978,0.797178,0.799931,0.803024,0.808853,0.826604,0.84956,0.860328,0.87584,0.890353,0.901444,0.904586,0.897769,0.913085,0.938932,0.946926,0.928897,0.921731,0.92633,0.930255,0.926215,0.913687,0.903789,0.899707,0.886014,0.877462,0.87107,0.867156,0.853612,0.827989,0.815304,0.805783,0.808512,0.789954,0.7771,0.771158,0.769216,0.773304,0.769042,0.765336,0.762851,0.763748,0.767068,0.769412,0.778284,0.782224,0.790316,0.783539,0.779716,0.779425,0.783024,0.775074,0.763755,0.753233,0.753551,0.755269,0.747239,0.740264,0.751022,0.747173,0.741211,0.737546,0.737523,0.741337,0.739327,0.733916,0.733751,0.731156,0.732072,0.728313,0.72237,0.726645,0.734135,0.716634,0.7087,0.709905,0.702085,0.696967,0.68978,0.686118,0.681615,0.681522,0.685052,0.688083,0.69277,0.695265,0.695583,0.681352,0.677858,0.676962,0.674661,0.678749,0.681537,0.683083,0.684544,0.685751,0.68758,0.690635,0.693276,0.694028,0.692962,0.690408,0.691161,0.691666,0.69034,0.691079,0.696229,0.701315,0.707411,0.712944,0.720235,0.724034,0.72706,0.728801,0.728608,0.730123,0.734162,0.738689,0.748659,0.76018,0.767941,0.77146,0.774959,0.779711,0.782376,0.78169,0.788055,0.794091,0.797706,0.798888,0.799782,0.802187,0.803614,0.803424,0.80851,0.816443,0.823517,0.828918,0.832541,0.836838,0.84023,0.838674,0.836927,0.83856,0.849267,0.856778,0.857758,0.859009,0.859728,0.859814,0.858458,0.8572,0.858152,0.858685,0.860436,0.862981,0.864491,0.866191,0.86712,0.868938,0.869065,0.870216,0.869518,0.868607,0.866932,0.865061,0.864109,0.863319,0.863713,0.865101,0.866694,0.868895,0.871387,0.873288,0.875005,0.876997,0.878485,0.881112,0.884667,0.890264,0.898175,0.905362,0.910158,0.912597,0.913659,0.914077,0.915415,0.915689,0.917762,0.920459,0.923732,0.927632,0.931895,0.934052,0.933332,0.932201,0.930703,0.93081,0.933939,0.937337,0.943498,0.946825,0.948328,0.949618,0.948458,0.9498,0.951142,0.94411,0.932244,0.934064,0.938218,0.945811,0.94327,0.938783,0.930577,0.912648,0.89641,0.8863,0.878791,0.868751,0.845382,0.822893,0.825893,0.834157,0.836751,0.83838,0.839576,0.845065,0.851824,0.864314,0.876868,0.891355,0.903808,0.910312,0.912895,0.918851,0.92126,0.905787,0.896434,0.889189,0.878458,0.882585,0.887796,0.885646,0.880471,0.877634,0.871117,0.863624,0.856418,0.850605,0.852476,0.86199,0.868544,0.870854,0.871111,0.87568,0.858932,0.843912,0.840577,0.838613,0.837945,0.84348,0.853527,0.867155,0.879711,0.886722,0.886845,0.882937,0.87621,0.870263,0.865624,0.862223,0.851475,0.834948,0.819727,0.807396,0.794483,0.755472,0.74887,0.741378,0.737176,0.738863,0.740481,0.742689,0.736795,0.736237,0.738497,0.73813,0.736388,0.736704,0.735348,0.734881,0.736197,0.7253,0.717462,0.711434,0.701943,0.691712,0.690372,0.68896,0.687159,0.68455,0.683069,0.682058,0.679816,0.681199,0.680591,0.674411,0.67245,0.672719,0.667895,0.677381,0.678796,0.669678,0.671607,0.672583,0.675533,0.678255,0.68344,0.685864,0.680842,0.679796,0.684165,0.696478,0.705243,0.709869,0.697913,0.698344,0.701157,0.704859,0.708714,0.7086,0.713747,0.711397,0.710649,0.710352,0.712676,0.715509,0.716115,0.711208,0.713808,0.719124,0.726523,0.732667,0.732815,0.735059,0.736587,0.740819,0.749498,0.753499,0.754588,0.759284,0.766595,0.767371,0.767066,0.766025,0.763411,0.759595,0.756795,0.759682,0.758626,0.763748,0.76793,0.766279,0.766332,0.775978,0.797178,0.799931,0.803024,0.808853,0.826604,0.84956,0.860328,0.87584,0.890353,0.901444,0.904586,0.897769,0.913085,0.938932,0.946926,0.928897,0.921731,0.92633,0.930255,0.926215,0.913687,0.903789,0.899707,0.886014,0.877462,0.87107,0.867156,0.853612,0.827989,0.815304,0.805783,0.808512,0.789954,0.7771,0.771158,0.769216,0.773304,0.769042,0.765336,0.762851,0.763748,0.767068,0.769412,0.778284,0.782224,0.790316,0.783539,0.779716,0.779425,0.783024,0.775074,0.763755,0.753233,0.753551,0.755269,0.747239,0.740264,0.751022,0.747173,0.741211,0.737546,0.737523,0.741337,0.739327,0.733916,0.733751,0.731156,0.732072,0.728313,0.72237,0.726645,0.734135,0.716634,0.7087,0.709905,0.702085,0.696967,0.68978
CRW,Suriname,0.88657,0.00886841,0.885614,0.88652,0.890907,0.886387,0.880495,0.876471,0.875006,0.876572,0.868035,0.866752,0.867667,0.867806,0.859647,0.853884,0.856326,0.851441,0.846502,0.839198,0.839503,0.842162,0.842991,0.840819,0.838349,0.843911,0.845255,0.850213,0.848387,0.85096,0.854001,0.851943,0.857996,0.859828,0.857987,0.8558,0.85304,0.850083,0.846239,0.842213,0.83151,0.826443,0.822927,0.82265,0.824777,0.819554,0.815883,0.80921,0.80684,0.813438,0.817625,0.8185,0.820117,0.827368,0.831716,0.840919,0.848561,0.848606,0.85537,0.858817,0.874926,0.881275,0.884911,0.889757,0.889743,0.89274,0.894697,0.896335,0.902535,0.909835,0.90995,0.912052,0.915591,0.915386,0.918591,0.913436,0.910304,0.911088,0.910113,0.914384,0.915007,0.919227,0.923113,0.92242,0.91328,0.918695,0.916813,0.915477,0.917383,0.917833,0.912503,0.918746,0.920349,0.92647,0.929488,0.925714,0.921145,0.922651,0.924478,0.927821,0.930679,0.940287,0.948013,0.950335,0.953695,0.961652,0.960523,0.968402,0.969044,0.972293,0.984747,0.990063,0.993235,1.000089,1.002836,1.005391,1.005035,1.007945,1.013876,1.023515,1.033502,1.040491,1.039856,1.037392,1.038846,1.039428,1.050807,1.052184,1.053557,1.063875,1.064535,1.063628,1.062294,1.070515,1.068705,1.071195,1.069167,1.078958,1.09357,1.105489,1.103405,1.102123,1.10451,1.100625,1.095086,1.092442,1.099264,1.11049,1.105473,1.103918,1.104741,1.104781,1.100536,1.097037,1.081016,1.079765,1.07298,1.077594,1.085882,1.111823,1.12809,1.12522,1.119973,1.114543,1.111351,1.105887,1.106437,1.108397,1.108474,1.113682,1.113054,1.127652,1.12996,1.130621,1.113747,1.096181,1.092686,1.105406,1.105484,1.106763,1.111601,1.108934,1.099119,1.087855,1.081812,1.081141,1.069189,1.06237,1.056004,1.05739,1.059785,1.058369,1.05282,1.052815,1.053364,1.039449,1.035388,1.037492,1.039636,1.034219,1.033636,1.029447,1.027477,1.017967,1.015188,1.011068,1.001002,0.994646,0.985834,0.985549,0.977989,0.973613,0.967515,0.966613,0.957014,0.949958,0.94304,0.93493,0.933048,0.927701,0.923692,0.922775,0.916526,0.914917,0.914889,0.919975,0.913658,0.910164,0.907244,0.908385,0.906794,0.912675,0.913765,0.91119,0.907289,0.903246,0.899554,0.896961,0.894865,0.892389,0.885096,0.886639,0.888246,0.889255,0.888671,0.888722,0.884781,0.885519,0.886551,0.887513,0.88842,0.884059,0.887488,0.892491,0.894004,0.89517,0.894815,0.890955,0.884605,0.88161,0.879455,0.879312,0.880416,0.882258,0.88062,0.877935,0.878371,0.876546,0.87024,0.877362,0.878886,0.881763,0.883819,0.887672,0.888916,0.889066,0.888363,0.896222,0.894523,0.898284,0.90386,0.905264,0.906945,0.910724,0.905268,0.899378,0.896782,0.89305,0.900288,0.905957,0.913414,0.917222,0.908446,0.908945,0.909104,0.906964,0.911043,0.91419,0.914844,0.913839,0.924919,0.927447,0.933496,0.927701,0.926776,0.919771,0.917052,0.916391,0.918209,0.916792,0.919143,0.913288,0.91119,0.907555,0.906871,0.901777,0.897957,0.892618,0.895565,0.893718,0.89695,0.897733,0.899086,0.899152,0.899311,0.896822,0.901637,0.904545,0.908692,0.920451,0.926072,0.93225,0.935485,0.929437,0.933057,0.932687,0.934598,0.937955,0.938905,0.94917,0.953379,0.958807,0.955019,0.955487,0.948163,0.941376,0.936805,0.933605,0.940987,0.943912,0.940621,0.935724,0.931886,0.925965,0.914596,0.907778,0.898205,0.892579,0.889343,0.88752,0.896632,0.894941,0.892825,0.888837,0.88436,0.88657,0.886841,0.885614,0.88652,0.890907,0.886387,0.880495,0.876471,0.875006,0.876572,0.868035,0.866752,0.867667,0.867806,0.859647,0.853884,0.856326,0.851441,0.846502,0.839198,0.839503,0.842162,0.842991,0.840819,0.838349,0.843911,0.845255,0.850213,0.848387,0.85096,0.854001,0.851943,0.857996,0.859828,0.857987,0.8558,0.85304,0.850083,0.846239,0.842213,0.83151,0.826443,0.822927,0.82265,0.824777,0.819554,0.815883,0.80921,0.80684,0.813438,0.817625,0.8185,0.820117,0.827368,0.831716,0.840919,0.848561,0.848606,0.85537,0.858817,0.874926,0.881275,0.884911,0.889757,0.889743,0.89274,0.894697,0.896335,0.902535,0.909835,0.90995,0.912052,0.915591,0.915386,0.918591,0.913436,0.910304,0.911088,0.910113,0.914384,0.915007,0.919227,0.923113,0.92242,0.91328,0.918695,0.916813,0.915477,0.917383,0.917833,0.912503,0.918746,0.920349,0.92647,0.929488,0.925714,0.921145,0.922651,0.924478,0.927821,0.930679,0.940287,0.948013,0.950335,0.953695,0.961652,0.960523,0.968402,0.969044,0.972293,0.984747,0.990063,0.993235,1.000089,1.002836,1.005391,1.005035,1.007945,1.013876,1.023515,1.033502,1.040491,1.039856,1.037392,1.038846,1.039428,1.050807,1.052184,1.053557,1.063875,1.064535,1.063628,1.062294,1.070515,1.068705,1.071195,1.069167,1.078958,1.09357,1.105489,1.103405,1.102123,1.10451,1.100625,1.095086,1.092442,1.099264,1.11049,1.105473,1.103918,1.104741,1.104781,1.100536,1.097037,1.081016,1.079765,1.07298,1.077594,1.085882,1.111823,1.12809,1.12522,1.119973,1.114543,1.111351,1.105887,1.106437,1.108397,1.108474,1.113682,1.113054,1.127652,1.12996,1.130621,1.113747,1.096181,1.092686,1.105406,1.105484,1.106763,1.111601,1.108934,1.099119,1.087855,1.081812,1.081141,1.069189,1.06237,1.056004,1.05739,1.059785,1.058369,1.05282,1.052815,1.053364,1.039449,1.035388,1.037492,1.039636,1.034219,1.033636,1.029447,1.027477,1.017967,1.015188,1.011068,1.001002,0.994646,0.985834,0.985549,0.977989,0.973613,0.967515,0.966613,0.957014,0.949958,0.94304,0.93493,0.933048,0.927701,0.923692,0.922775,0.916526,0.914917,0.914889,0.919975,0.913658,0.910164,0.907244,0.908385,0.906794,0.912675,0.913765,0.91119,0.907289,0.903246,0.899554,0.896961,0.894865,0.892389,0.885096,0.886639,0.888246,0.889255,0.888671,0.888722,0.884781,0.885519,0.886551,0.887513,0.88842,0.884059,0.887488,0.892491,0.894004,0.89517,0.894815,0.890955,0.884605,0.88161,0.879455,0.879312,0.880416,0.882258,0.88062,0.877935,0.878371,0.876546,0.87024,0.877362,0.878886,0.881763,0.883819,0.887672,0.888916,0.889066,0.888363,0.896222,0.894523,0.898284,0.90386,0.905264,0.906945,0.910724,0.905268,0.899378,0.896782,0.89305,0.900288,0.905957,0.913414,0.917222,0.908446,0.908945,0.909104,0.906964,0.911043,0.91419,0.914844,0.913839,0.924919,0.927447,0.933496,0.927701,0.926776,0.919771,0.917052,0.916391,0.918209,0.916792,0.919143,0.913288,0.91119,0.907555,0.906871,0.901777,0.897957,0.892618,0.895565,0.893718,0.89695,0.897733,0.899086,0.899152,0.899311,0.896822,0.901637,0.904545,0.908692,0.920451,0.926072,0.93225,0.935485,0.929437,0.933057,0.932687,0.934598,0.937955,0.938905,0.94917,0.953379,0.958807,0.955019,0.955487,0.948163,0.941376,0.936805,0.933605,0.940987,0.943912,0.940621,0.935724,0.931886,0.925965,0.914596,0.907778,0.898205,0.892579,0.889343,0.88752,0.896632,0.894941,0.892825,0.888837,0.88436
CRW,Sweden,0.981045,0.00982117,0.983815,0.987336,0.992454,0.995137,0.998783,0.999235,1.003667,1.009432,1.013993,1.012931,1.012126,1.009132,1.011922,1.013895,1.018124,1.026329,1.031831,1.030009,1.031506,1.034995,1.036368,1.033183,1.032949,1.038854,1.045051,1.04644,1.049101,1.051204,1.051182,1.052453,1.053627,1.05419,1.05428,1.051861,1.044434,1.042084,1.050096,1.053478,1.051643,1.05238,1.056908,1.056367,1.055938,1.056784,1.060107,1.058883,1.055871,1.061996,1.063232,1.06996,1.073363,1.06708,1.063603,1.062253,1.060559,1.061017,1.06167,1.060357,1.056477,1.049883,1.048919,1.050488,1.043601,1.041743,1.046578,1.054118,1.059185,1.059179,1.060139,1.061423,1.049505,1.048347,1.051249,1.062627,1.063154,1.06001,1.055024,1.053527,1.055803,1.051125,1.040418,1.034496,1.037724,1.036862,1.033706,1.031836,1.033213,1.032812,1.030785,1.033944,1.040093,1.041468,1.037068,1.033114,1.026732,1.023317,1.021022,1.015245,1.006642,1.004114,1.001904,0.996873,0.99275,0.988659,0.987389,0.981417,0.98115,0.984229,0.990118,0.988555,0.98509,0.985295,0.98614,0.988569,0.991166,0.998317,1.00177,1.002086,1.000005,0.998806,0.999128,0.999234,0.995446,0.990467,0.993024,0.998158,1.001313,1.000803,0.999115,0.996422,0.990629,0.988001,0.993439,0.991433,0.98711,0.984353,0.98064,0.978342,0.978498,0.974467,0.975549,0.974066,0.977233,0.979713,0.981097,0.982714,0.983493,0.978803,0.982281,0.987668,0.992564,0.995779,1.000002,1.000612,1.004642,0.99615,0.995077,0.994567,0.99263,0.98746,0.987277,0.977779,0.977286,0.973299,0.967528,0.961508,0.955002,0.950196,0.94949,0.949407,0.950167,0.949696,0.946769,0.945775,0.944922,0.943113,0.939665,0.936561,0.935184,0.932352,0.928108,0.926184,0.924004,0.919217,0.913158,0.906019,0.902996,0.901857,0.899128,0.896053,0.889686,0.898054,0.89739,0.895852,0.896136,0.898088,0.90072,0.90121,0.899601,0.89928,0.900352,0.900229,0.899349,0.8995,0.901304,0.894894,0.892702,0.895369,0.891041,0.887238,0.88142,0.876037,0.873021,0.871388,0.872177,0.8678,0.863299,0.861131,0.861291,0.859681,0.85684,0.855176,0.85483,0.854653,0.854525,0.854262,0.853351,0.851326,0.853988,0.852072,0.852976,0.854984,0.857008,0.852661,0.85086,0.848539,0.847986,0.844439,0.843468,0.841627,0.841384,0.843139,0.844163,0.843372,0.84337,0.845973,0.843528,0.837012,0.83511,0.833516,0.834062,0.834382,0.837851,0.841574,0.847019,0.847088,0.845938,0.843338,0.841575,0.84185,0.840958,0.842738,0.843475,0.847205,0.857717,0.857215,0.857894,0.857321,0.856719,0.85281,0.855863,0.856408,0.855735,0.855229,0.854257,0.853643,0.85338,0.85239,0.850956,0.841185,0.842814,0.843012,0.842459,0.840104,0.840322,0.837473,0.839458,0.844595,0.847583,0.849314,0.85257,0.855975,0.858898,0.860029,0.861198,0.862756,0.863355,0.864527,0.866359,0.868243,0.870215,0.872439,0.874779,0.875616,0.876627,0.87686,0.875068,0.875531,0.879521,0.880028,0.879939,0.880802,0.881848,0.880598,0.881276,0.881982,0.881018,0.881161,0.884047,0.88541,0.888595,0.889567,0.892801,0.892742,0.896055,0.90098,0.90605,0.908595,0.912582,0.914416,0.918714,0.922755,0.923839,0.923451,0.926983,0.925861,0.926847,0.922579,0.926565,0.929811,0.927254,0.922855,0.925307,0.93044,0.933093,0.934746,0.939252,0.944758,0.949818,0.951261,0.953915,0.955153,0.957479,0.959314,0.960574,0.97082,0.97822,0.977926,0.97662,0.978701,0.980671,0.981756,0.980069,0.981045,0.982117,0.983815,0.987336,0.992454,0.995137,0.998783,0.999235,1.003667,1.009432,1.013993,1.012931,1.012126,1.009132,1.011922,1.013895,1.018124,1.026329,1.031831,1.030009,1.031506,1.034995,1.036368,1.033183,1.032949,1.038854,1.045051,1.04644,1.049101,1.051204,1.051182,1.052453,1.053627,1.05419,1.05428,1.051861,1.044434,1.042084,1.050096,1.053478,1.051643,1.05238,1.056908,1.056367,1.055938,1.056784,1.060107,1.058883,1.055871,1.061996,1.063232,1.06996,1.073363,1.06708,1.063603,1.062253,1.060559,1.061017,1.06167,1.060357,1.056477,1.049883,1.048919,1.050488,1.043601,1.041743,1.046578,1.054118,1.059185,1.059179,1.060139,1.061423,1.049505,1.048347,1.051249,1.062627,1.063154,1.06001,1.055024,1.053527,1.055803,1.051125,1.040418,1.034496,1.037724,1.036862,1.033706,1.031836,1.033213,1.032812,1.030785,1.033944,1.040093,1.041468,1.037068,1.033114,1.026732,1.023317,1.021022,1.015245,1.006642,1.004114,1.001904,0.996873,0.99275,0.988659,0.987389,0.981417,0.98115,0.984229,0.990118,0.988555,0.98509,0.985295,0.98614,0.988569,0.991166,0.998317,1.00177,1.002086,1.000005,0.998806,0.999128,0.999234,0.995446,0.990467,0.993024,0.998158,1.001313,1.000803,0.999115,0.996422,0.990629,0.988001,0.993439,0.991433,0.98711,0.984353,0.98064,0.978342,0.978498,0.974467,0.975549,0.974066,0.977233,0.979713,0.981097,0.982714,0.983493,0.978803,0.982281,0.987668,0.992564,0.995779,1.000002,1.000612,1.004642,0.99615,0.995077,0.994567,0.99263,0.98746,0.987277,0.977779,0.977286,0.973299,0.967528,0.961508,0.955002,0.950196,0.94949,0.949407,0.950167,0.949696,0.946769,0.945775,0.944922,0.943113,0.939665,0.936561,0.935184,0.932352,0.928108,0.926184,0.924004,0.919217,0.913158,0.906019,0.902996,0.901857,0.899128,0.896053,0.889686,0.898054,0.89739,0.895852,0.896136,0.898088,0.90072,0.90121,0.899601,0.89928,0.900352,0.900229,0.899349,0.8995,0.901304,0.894894,0.892702,0.895369,0.891041,0.887238,0.88142,0.876037,0.873021,0.871388,0.872177,0.8678,0.863299,0.861131,0.861291,0.859681,0.85684,0.855176,0.85483,0.854653,0.854525,0.854262,0.853351,0.851326,0.853988,0.852072,0.852976,0.854984,0.857008,0.852661,0.85086,0.848539,0.847986,0.844439,0.843468,0.841627,0.841384,0.843139,0.844163,0.843372,0.84337,0.845973,0.843528,0.837012,0.83511,0.833516,0.834062,0.834382,0.837851,0.841574,0.847019,0.847088,0.845938,0.843338,0.841575,0.84185,0.840958,0.842738,0.843475,0.847205,0.857717,0.857215,0.857894,0.857321,0.856719,0.85281,0.855863,0.856408,0.855735,0.855229,0.854257,0.853643,0.85338,0.85239,0.850956,0.841185,0.842814,0.843012,0.842459,0.840104,0.840322,0.837473,0.839458,0.844595,0.847583,0.849314,0.85257,0.855975,0.858898,0.860029,0.861198,0.862756,0.863355,0.864527,0.866359,0.868243,0.870215,0.872439,0.874779,0.875616,0.876627,0.87686,0.875068,0.875531,0.879521,0.880028,0.879939,0.880802,0.881848,0.880598,0.881276,0.881982,0.881018,0.881161,0.884047,0.88541,0.888595,0.889567,0.892801,0.892742,0.896055,0.90098,0.90605,0.908595,0.912582,0.914416,0.918714,0.922755,0.923839,0.923451,0.926983,0.925861,0.926847,0.922579,0.926565,0.929811,0.927254,0.922855,0.925307,0.93044,0.933093,0.934746,0.939252,0.944758,0.949818,0.951261,0.953915,0.955153,0.957479,0.959314,0.960574,0.97082,0.97822,0.977926,0.97662,0.978701,0.980671,0.981756,0.980069
CRW,Switzerland,0.905497,0.009066540000000001,0.902274,0.902477,0.903379,0.904065,0.907074,0.911175,0.908653,0.908421,0.910552,0.914517,0.918594,0.924762,0.927147,0.929008,0.933219,0.934599,0.93725,0.940783,0.945704,0.95024,0.952017,0.955202,0.958409,0.96,0.962741,0.960706,0.959313,0.959917,0.961043,0.960075,0.95893,0.959166,0.957591,0.955206,0.955656,0.967581,0.97792,0.979258,0.982645,0.983253,0.985904,0.987852,0.992986,0.999726,1.003818,1.008927,1.019929,1.025484,1.033164,1.036043,1.039206,1.038265,1.039221,1.036048,1.032952,1.02921,1.026366,1.02304,1.017953,1.017853,1.0201,1.016233,1.016229,1.013374,1.018807,1.017553,1.018119,1.024136,1.03203,1.034927,1.038554,1.041366,1.043375,1.045322,1.041156,1.034741,1.029782,1.025459,1.027797,1.006352,1.000931,0.996162,0.989313,0.980356,0.980013,0.985717,0.986787,0.989587,0.993715,0.995735,0.996576,0.997069,0.99561,0.988743,0.987101,0.988936,1.00701,1.012453,1.012272,1.010604,1.007496,1.006335,1.001439,0.999673,0.997392,0.997126,0.994595,0.994243,0.994991,0.997888,0.999927,0.994612,0.991823,0.991198,0.991631,0.990042,0.992191,0.992094,0.990718,0.987226,0.984598,0.983576,0.981501,0.977675,0.974495,0.972872,0.973671,0.970835,0.96876,0.967893,0.967424,0.96223,0.959202,0.956435,0.954095,0.951743,0.949754,0.949786,0.949828,0.944524,0.93755,0.932463,0.929393,0.927244,0.924479,0.921477,0.917656,0.914093,0.9062,0.901568,0.901555,0.904914,0.903344,0.899311,0.900829,0.898707,0.895446,0.899252,0.904343,0.907859,0.906254,0.904725,0.908883,0.910846,0.908807,0.904907,0.896757,0.889228,0.882575,0.877986,0.876332,0.875831,0.872567,0.867495,0.863177,0.862305,0.862575,0.859179,0.852056,0.853592,0.852537,0.850476,0.847167,0.847655,0.846282,0.851823,0.855289,0.857357,0.85711,0.855199,0.854529,0.854391,0.853069,0.852934,0.854022,0.856344,0.863469,0.867388,0.867206,0.86633,0.866438,0.868843,0.87054,0.872724,0.87257,0.870681,0.868851,0.867275,0.871638,0.86917,0.867415,0.867995,0.865954,0.865723,0.862987,0.859547,0.854415,0.850362,0.848404,0.849518,0.850706,0.852166,0.852806,0.842603,0.842609,0.843136,0.844577,0.846381,0.847209,0.852623,0.854829,0.856023,0.855383,0.85488,0.855572,0.856937,0.857962,0.857668,0.858233,0.85752,0.857981,0.855501,0.853121,0.851462,0.848407,0.846402,0.84506,0.846153,0.845065,0.84064,0.838308,0.842963,0.844948,0.8455,0.845311,0.848004,0.84972,0.850208,0.850817,0.852555,0.853268,0.856712,0.856934,0.857995,0.857628,0.857218,0.854804,0.853151,0.852304,0.852283,0.8537,0.851208,0.851505,0.850063,0.848779,0.847728,0.846538,0.848945,0.845497,0.844475,0.843157,0.841953,0.84163,0.841358,0.840728,0.837124,0.838936,0.840625,0.839016,0.838541,0.842046,0.842941,0.841391,0.842284,0.842445,0.843508,0.842889,0.843408,0.844738,0.845332,0.849503,0.851451,0.850751,0.852422,0.852233,0.849708,0.848358,0.845977,0.846199,0.846944,0.846129,0.845605,0.845206,0.843831,0.843579,0.832715,0.829456,0.829807,0.829736,0.832752,0.833172,0.834464,0.837027,0.838363,0.835543,0.835007,0.836415,0.834801,0.834892,0.837202,0.840159,0.842955,0.844074,0.847226,0.852264,0.852829,0.853476,0.855797,0.855755,0.857644,0.861394,0.862326,0.867421,0.873502,0.873338,0.873535,0.871077,0.870655,0.872329,0.871217,0.878472,0.881692,0.885263,0.88818,0.889155,0.888327,0.894397,0.89575,0.894834,0.897269,0.899989,0.902096,0.904268,0.905497,0.906654,0.902274,0.902477,0.903379,0.904065,0.907074,0.911175,0.908653,0.908421,0.910552,0.914517,0.918594,0.924762,0.927147,0.929008,0.933219,0.934599,0.93725,0.940783,0.945704,0.95024,0.952017,0.955202,0.958409,0.96,0.962741,0.960706,0.959313,0.959917,0.961043,0.960075,0.95893,0.959166,0.957591,0.955206,0.955656,0.967581,0.97792,0.979258,0.982645,0.983253,0.985904,0.987852,0.992986,0.999726,1.003818,1.008927,1.019929,1.025484,1.033164,1.036043,1.039206,1.038265,1.039221,1.036048,1.032952,1.02921,1.026366,1.02304,1.017953,1.017853,1.0201,1.016233,1.016229,1.013374,1.018807,1.017553,1.018119,1.024136,1.03203,1.034927,1.038554,1.041366,1.043375,1.045322,1.041156,1.034741,1.029782,1.025459,1.027797,1.006352,1.000931,0.996162,0.989313,0.980356,0.980013,0.985717,0.986787,0.989587,0.993715,0.995735,0.996576,0.997069,0.99561,0.988743,0.987101,0.988936,1.00701,1.012453,1.012272,1.010604,1.007496,1.006335,1.001439,0.999673,0.997392,0.997126,0.994595,0.994243,0.994991,0.997888,0.999927,0.994612,0.991823,0.991198,0.991631,0.990042,0.992191,0.992094,0.990718,0.987226,0.984598,0.983576,0.981501,0.977675,0.974495,0.972872,0.973671,0.970835,0.96876,0.967893,0.967424,0.96223,0.959202,0.956435,0.954095,0.951743,0.949754,0.949786,0.949828,0.944524,0.93755,0.932463,0.929393,0.927244,0.924479,0.921477,0.917656,0.914093,0.9062,0.901568,0.901555,0.904914,0.903344,0.899311,0.900829,0.898707,0.895446,0.899252,0.904343,0.907859,0.906254,0.904725,0.908883,0.910846,0.908807,0.904907,0.896757,0.889228,0.882575,0.877986,0.876332,0.875831,0.872567,0.867495,0.863177,0.862305,0.862575,0.859179,0.852056,0.853592,0.852537,0.850476,0.847167,0.847655,0.846282,0.851823,0.855289,0.857357,0.85711,0.855199,0.854529,0.854391,0.853069,0.852934,0.854022,0.856344,0.863469,0.867388,0.867206,0.86633,0.866438,0.868843,0.87054,0.872724,0.87257,0.870681,0.868851,0.867275,0.871638,0.86917,0.867415,0.867995,0.865954,0.865723,0.862987,0.859547,0.854415,0.850362,0.848404,0.849518,0.850706,0.852166,0.852806,0.842603,0.842609,0.843136,0.844577,0.846381,0.847209,0.852623,0.854829,0.856023,0.855383,0.85488,0.855572,0.856937,0.857962,0.857668,0.858233,0.85752,0.857981,0.855501,0.853121,0.851462,0.848407,0.846402,0.84506,0.846153,0.845065,0.84064,0.838308,0.842963,0.844948,0.8455,0.845311,0.848004,0.84972,0.850208,0.850817,0.852555,0.853268,0.856712,0.856934,0.857995,0.857628,0.857218,0.854804,0.853151,0.852304,0.852283,0.8537,0.851208,0.851505,0.850063,0.848779,0.847728,0.846538,0.848945,0.845497,0.844475,0.843157,0.841953,0.84163,0.841358,0.840728,0.837124,0.838936,0.840625,0.839016,0.838541,0.842046,0.842941,0.841391,0.842284,0.842445,0.843508,0.842889,0.843408,0.844738,0.845332,0.849503,0.851451,0.850751,0.852422,0.852233,0.849708,0.848358,0.845977,0.846199,0.846944,0.846129,0.845605,0.845206,0.843831,0.843579,0.832715,0.829456,0.829807,0.829736,0.832752,0.833172,0.834464,0.837027,0.838363,0.835543,0.835007,0.836415,0.834801,0.834892,0.837202,0.840159,0.842955,0.844074,0.847226,0.852264,0.852829,0.853476,0.855797,0.855755,0.857644,0.861394,0.862326,0.867421,0.873502,0.873338,0.873535,0.871077,0.870655,0.872329,0.871217,0.878472,0.881692,0.885263,0.88818,0.889155,0.888327,0.894397,0.89575,0.894834,0.897269,0.899989,0.902096,0.904268
CRW,Syria,0.848867,0.00849758,0.851276,0.851906,0.851118,0.850906,0.851731,0.851691,0.852684,0.852942,0.85496,0.856763,0.858322,0.861965,0.865366,0.865067,0.86653,0.86606,0.867199,0.870483,0.872532,0.872743,0.8727,0.876095,0.882822,0.885178,0.889662,0.893316,0.895226,0.897366,0.901617,0.90519,0.911924,0.91803,0.923464,0.92709,0.928732,0.929837,0.929725,0.926982,0.927719,0.928506,0.927584,0.92799,0.943372,0.944892,0.946058,0.944763,0.945276,0.942833,0.941895,0.946061,0.950025,0.960086,0.962818,0.96564,0.968736,0.972831,0.975725,0.970121,0.969346,0.969579,0.97038,0.970367,0.9753,0.98665,0.985818,0.98641,0.986137,0.989142,0.989951,0.989103,0.987932,0.988776,0.990361,0.990087,0.990309,0.990736,0.992866,0.991294,0.984404,0.983903,0.983876,0.978907,0.975844,0.975689,0.977996,0.978321,0.973499,0.975436,0.976287,0.977902,0.977312,0.975297,0.982698,0.984515,0.98479,0.981503,0.978521,0.977329,0.976681,0.978066,0.976322,0.975413,0.968047,0.962917,0.955571,0.95099,0.948645,0.944608,0.94562,0.947878,0.950697,0.952052,0.952677,0.951032,0.946679,0.945733,0.94493,0.944397,0.943429,0.942316,0.941834,0.937128,0.927962,0.921342,0.914618,0.910226,0.902515,0.893575,0.894576,0.893095,0.889641,0.887218,0.884215,0.881223,0.879605,0.877735,0.87454,0.871971,0.869408,0.867569,0.867519,0.875473,0.875891,0.870084,0.863995,0.867524,0.87021,0.873122,0.875375,0.877251,0.878137,0.877335,0.877244,0.878264,0.877613,0.875611,0.872467,0.875029,0.877118,0.878573,0.877245,0.87495,0.870764,0.868387,0.868273,0.866138,0.865881,0.868269,0.867681,0.868947,0.869394,0.867031,0.866187,0.865616,0.865596,0.868208,0.869232,0.870482,0.872344,0.873584,0.87867,0.880498,0.88014,0.882286,0.882986,0.882663,0.882233,0.881483,0.88007,0.881138,0.876562,0.875072,0.875514,0.876653,0.876086,0.869034,0.870893,0.869543,0.870901,0.873502,0.876163,0.877668,0.878704,0.877803,0.877886,0.877632,0.878629,0.877599,0.877014,0.874837,0.874884,0.87206,0.846613,0.830713,0.823295,0.819023,0.810443,0.807517,0.804848,0.802186,0.800223,0.790562,0.782629,0.778695,0.779617,0.779999,0.782357,0.784896,0.778896,0.771553,0.770643,0.777535,0.785825,0.796924,0.804577,0.812113,0.817913,0.823308,0.831459,0.836985,0.843458,0.850283,0.86063,0.863759,0.861103,0.855535,0.851893,0.849361,0.847565,0.851019,0.852924,0.850844,0.850118,0.842816,0.836881,0.831135,0.826662,0.821451,0.817989,0.817598,0.819697,0.820145,0.822289,0.823463,0.825836,0.826872,0.826026,0.825821,0.82951,0.833414,0.834613,0.836941,0.83898,0.846818,0.855241,0.860016,0.863756,0.860738,0.856005,0.850661,0.845671,0.844911,0.842582,0.837309,0.831277,0.824971,0.819904,0.817312,0.813077,0.809518,0.808047,0.805225,0.802208,0.799366,0.796019,0.7981,0.799441,0.796419,0.795915,0.796691,0.800081,0.803405,0.803829,0.801672,0.79411,0.787716,0.78367,0.782483,0.780905,0.778655,0.774015,0.769185,0.766094,0.764049,0.762202,0.761328,0.758849,0.75772,0.759643,0.764972,0.769733,0.773654,0.775695,0.780531,0.786041,0.786743,0.791638,0.795079,0.798206,0.800249,0.797287,0.794299,0.797554,0.803371,0.808634,0.814517,0.818035,0.820955,0.821754,0.822189,0.825723,0.82459,0.825647,0.823957,0.827145,0.834887,0.83568,0.835181,0.834332,0.833458,0.833269,0.833137,0.834013,0.835085,0.836192,0.838882,0.840227,0.839651,0.842686,0.842105,0.844471,0.845143,0.844927,0.848867,0.849758,0.851276,0.851906,0.851118,0.850906,0.851731,0.851691,0.852684,0.852942,0.85496,0.856763,0.858322,0.861965,0.865366,0.865067,0.86653,0.86606,0.867199,0.870483,0.872532,0.872743,0.8727,0.876095,0.882822,0.885178,0.889662,0.893316,0.895226,0.897366,0.901617,0.90519,0.911924,0.91803,0.923464,0.92709,0.928732,0.929837,0.929725,0.926982,0.927719,0.928506,0.927584,0.92799,0.943372,0.944892,0.946058,0.944763,0.945276,0.942833,0.941895,0.946061,0.950025,0.960086,0.962818,0.96564,0.968736,0.972831,0.975725,0.970121,0.969346,0.969579,0.97038,0.970367,0.9753,0.98665,0.985818,0.98641,0.986137,0.989142,0.989951,0.989103,0.987932,0.988776,0.990361,0.990087,0.990309,0.990736,0.992866,0.991294,0.984404,0.983903,0.983876,0.978907,0.975844,0.975689,0.977996,0.978321,0.973499,0.975436,0.976287,0.977902,0.977312,0.975297,0.982698,0.984515,0.98479,0.981503,0.978521,0.977329,0.976681,0.978066,0.976322,0.975413,0.968047,0.962917,0.955571,0.95099,0.948645,0.944608,0.94562,0.947878,0.950697,0.952052,0.952677,0.951032,0.946679,0.945733,0.94493,0.944397,0.943429,0.942316,0.941834,0.937128,0.927962,0.921342,0.914618,0.910226,0.902515,0.893575,0.894576,0.893095,0.889641,0.887218,0.884215,0.881223,0.879605,0.877735,0.87454,0.871971,0.869408,0.867569,0.867519,0.875473,0.875891,0.870084,0.863995,0.867524,0.87021,0.873122,0.875375,0.877251,0.878137,0.877335,0.877244,0.878264,0.877613,0.875611,0.872467,0.875029,0.877118,0.878573,0.877245,0.87495,0.870764,0.868387,0.868273,0.866138,0.865881,0.868269,0.867681,0.868947,0.869394,0.867031,0.866187,0.865616,0.865596,0.868208,0.869232,0.870482,0.872344,0.873584,0.87867,0.880498,0.88014,0.882286,0.882986,0.882663,0.882233,0.881483,0.88007,0.881138,0.876562,0.875072,0.875514,0.876653,0.876086,0.869034,0.870893,0.869543,0.870901,0.873502,0.876163,0.877668,0.878704,0.877803,0.877886,0.877632,0.878629,0.877599,0.877014,0.874837,0.874884,0.87206,0.846613,0.830713,0.823295,0.819023,0.810443,0.807517,0.804848,0.802186,0.800223,0.790562,0.782629,0.778695,0.779617,0.779999,0.782357,0.784896,0.778896,0.771553,0.770643,0.777535,0.785825,0.796924,0.804577,0.812113,0.817913,0.823308,0.831459,0.836985,0.843458,0.850283,0.86063,0.863759,0.861103,0.855535,0.851893,0.849361,0.847565,0.851019,0.852924,0.850844,0.850118,0.842816,0.836881,0.831135,0.826662,0.821451,0.817989,0.817598,0.819697,0.820145,0.822289,0.823463,0.825836,0.826872,0.826026,0.825821,0.82951,0.833414,0.834613,0.836941,0.83898,0.846818,0.855241,0.860016,0.863756,0.860738,0.856005,0.850661,0.845671,0.844911,0.842582,0.837309,0.831277,0.824971,0.819904,0.817312,0.813077,0.809518,0.808047,0.805225,0.802208,0.799366,0.796019,0.7981,0.799441,0.796419,0.795915,0.796691,0.800081,0.803405,0.803829,0.801672,0.79411,0.787716,0.78367,0.782483,0.780905,0.778655,0.774015,0.769185,0.766094,0.764049,0.762202,0.761328,0.758849,0.75772,0.759643,0.764972,0.769733,0.773654,0.775695,0.780531,0.786041,0.786743,0.791638,0.795079,0.798206,0.800249,0.797287,0.794299,0.797554,0.803371,0.808634,0.814517,0.818035,0.820955,0.821754,0.822189,0.825723,0.82459,0.825647,0.823957,0.827145,0.834887,0.83568,0.835181,0.834332,0.833458,0.833269,0.833137,0.834013,0.835085,0.836192,0.838882,0.840227,0.839651,0.842686,0.842105,0.844471,0.845143,0.844927
CRW,Taiwan,0.888982,0.008865209999999998,0.883108,0.883372,0.883194,0.884265,0.884892,0.885399,0.885928,0.887672,0.883748,0.88194,0.88099,0.88189,0.884348,0.884396,0.885838,0.887969,0.888536,0.888307,0.888121,0.888182,0.886103,0.884336,0.879848,0.880174,0.878733,0.880701,0.881427,0.882269,0.88681,0.889514,0.884725,0.884242,0.887238,0.88906,0.889221,0.892765,0.893208,0.894336,0.893599,0.899737,0.900659,0.90071,0.906766,0.91643,0.919972,0.925102,0.926244,0.923859,0.923613,0.925532,0.924879,0.926547,0.927948,0.927944,0.923113,0.921852,0.920421,0.913716,0.897748,0.888558,0.885346,0.881557,0.881864,0.879423,0.880349,0.880785,0.880407,0.881189,0.889763,0.893576,0.891281,0.889245,0.886084,0.883891,0.88392,0.881534,0.885229,0.883685,0.880193,0.87383,0.87343,0.874541,0.874249,0.868446,0.865706,0.869347,0.872281,0.874313,0.876497,0.878127,0.879765,0.877332,0.878424,0.881898,0.887488,0.886077,0.885378,0.886332,0.887154,0.891675,0.891527,0.890763,0.890716,0.892146,0.895679,0.898138,0.901916,0.903864,0.904062,0.899537,0.897912,0.895846,0.893213,0.889022,0.884709,0.891534,0.895519,0.898038,0.898088,0.8973,0.896749,0.89822,0.899051,0.897732,0.896473,0.898466,0.903314,0.902628,0.902484,0.904366,0.897403,0.895382,0.902758,0.913283,0.912151,0.911788,0.910257,0.910596,0.925812,0.934203,0.940281,0.944836,0.956194,0.964245,0.971611,0.975362,0.976582,0.973993,0.96907,0.969491,0.970522,0.973713,0.975647,0.962009,0.957207,0.959845,0.961457,0.95411,0.953223,0.95059,0.959846,0.966465,0.973513,0.981859,0.99275,1.00212,1.006743,1.008208,1.008959,1.014019,1.01361,1.014934,1.019477,1.02235,1.029651,1.024716,1.021691,1.018048,1.022683,1.024913,1.028741,1.030401,1.03073,1.036205,1.029702,1.023011,1.016748,1.011419,1.005334,0.992068,1.008929,1.023077,1.034132,1.039972,1.048349,1.066046,1.117058,1.120935,1.123572,1.122998,1.117364,1.118762,1.120739,1.118187,1.11116,1.103566,1.081745,1.061903,1.055173,1.041819,1.015887,0.997859,0.985784,0.978422,0.968887,0.968873,0.979582,0.994575,0.997874,0.99919,1.001831,1.004384,1.007255,0.998599,0.983735,0.969497,0.956382,0.947612,0.936549,0.943516,0.971554,0.974674,0.964367,0.969818,0.968432,0.971216,0.975081,0.97633,0.972219,0.973134,0.977245,0.985588,1.003601,1.020837,1.023828,0.997601,0.977378,0.964383,0.946366,0.939398,0.9316,0.934001,0.93979,0.943535,0.943771,0.94464,0.941713,0.924656,0.90731,0.894603,0.89662,0.899623,0.900514,0.899661,0.900137,0.896423,0.89067,0.883973,0.88245,0.885001,0.88618,0.886236,0.884567,0.891357,0.8963,0.88603,0.880509,0.880934,0.882286,0.883443,0.883133,0.880869,0.880521,0.876008,0.869198,0.867244,0.863776,0.868193,0.877411,0.893829,0.898201,0.899806,0.897898,0.896919,0.892203,0.895222,0.899576,0.900374,0.911235,0.92405,0.933562,0.941239,0.941324,0.935521,0.931961,0.937468,0.944348,0.947498,0.948871,0.952569,0.954988,0.950363,0.944617,0.931582,0.920975,0.909316,0.901757,0.904744,0.904851,0.892209,0.883265,0.87942,0.876671,0.874748,0.876489,0.874631,0.874953,0.888853,0.927074,0.931004,0.93532,0.946866,0.965996,0.970187,0.975504,0.98386,0.987881,0.987598,0.988096,0.987029,0.985252,0.998741,0.99435,0.977032,0.968988,0.96002,0.942511,0.922,0.915954,0.908518,0.903685,0.898194,0.891115,0.885138,0.883555,0.888568,0.868353,0.868864,0.883136,0.891221,0.89454,0.894091,0.89182,0.888982,0.886521,0.883108,0.883372,0.883194,0.884265,0.884892,0.885399,0.885928,0.887672,0.883748,0.88194,0.88099,0.88189,0.884348,0.884396,0.885838,0.887969,0.888536,0.888307,0.888121,0.888182,0.886103,0.884336,0.879848,0.880174,0.878733,0.880701,0.881427,0.882269,0.88681,0.889514,0.884725,0.884242,0.887238,0.88906,0.889221,0.892765,0.893208,0.894336,0.893599,0.899737,0.900659,0.90071,0.906766,0.91643,0.919972,0.925102,0.926244,0.923859,0.923613,0.925532,0.924879,0.926547,0.927948,0.927944,0.923113,0.921852,0.920421,0.913716,0.897748,0.888558,0.885346,0.881557,0.881864,0.879423,0.880349,0.880785,0.880407,0.881189,0.889763,0.893576,0.891281,0.889245,0.886084,0.883891,0.88392,0.881534,0.885229,0.883685,0.880193,0.87383,0.87343,0.874541,0.874249,0.868446,0.865706,0.869347,0.872281,0.874313,0.876497,0.878127,0.879765,0.877332,0.878424,0.881898,0.887488,0.886077,0.885378,0.886332,0.887154,0.891675,0.891527,0.890763,0.890716,0.892146,0.895679,0.898138,0.901916,0.903864,0.904062,0.899537,0.897912,0.895846,0.893213,0.889022,0.884709,0.891534,0.895519,0.898038,0.898088,0.8973,0.896749,0.89822,0.899051,0.897732,0.896473,0.898466,0.903314,0.902628,0.902484,0.904366,0.897403,0.895382,0.902758,0.913283,0.912151,0.911788,0.910257,0.910596,0.925812,0.934203,0.940281,0.944836,0.956194,0.964245,0.971611,0.975362,0.976582,0.973993,0.96907,0.969491,0.970522,0.973713,0.975647,0.962009,0.957207,0.959845,0.961457,0.95411,0.953223,0.95059,0.959846,0.966465,0.973513,0.981859,0.99275,1.00212,1.006743,1.008208,1.008959,1.014019,1.01361,1.014934,1.019477,1.02235,1.029651,1.024716,1.021691,1.018048,1.022683,1.024913,1.028741,1.030401,1.03073,1.036205,1.029702,1.023011,1.016748,1.011419,1.005334,0.992068,1.008929,1.023077,1.034132,1.039972,1.048349,1.066046,1.117058,1.120935,1.123572,1.122998,1.117364,1.118762,1.120739,1.118187,1.11116,1.103566,1.081745,1.061903,1.055173,1.041819,1.015887,0.997859,0.985784,0.978422,0.968887,0.968873,0.979582,0.994575,0.997874,0.99919,1.001831,1.004384,1.007255,0.998599,0.983735,0.969497,0.956382,0.947612,0.936549,0.943516,0.971554,0.974674,0.964367,0.969818,0.968432,0.971216,0.975081,0.97633,0.972219,0.973134,0.977245,0.985588,1.003601,1.020837,1.023828,0.997601,0.977378,0.964383,0.946366,0.939398,0.9316,0.934001,0.93979,0.943535,0.943771,0.94464,0.941713,0.924656,0.90731,0.894603,0.89662,0.899623,0.900514,0.899661,0.900137,0.896423,0.89067,0.883973,0.88245,0.885001,0.88618,0.886236,0.884567,0.891357,0.8963,0.88603,0.880509,0.880934,0.882286,0.883443,0.883133,0.880869,0.880521,0.876008,0.869198,0.867244,0.863776,0.868193,0.877411,0.893829,0.898201,0.899806,0.897898,0.896919,0.892203,0.895222,0.899576,0.900374,0.911235,0.92405,0.933562,0.941239,0.941324,0.935521,0.931961,0.937468,0.944348,0.947498,0.948871,0.952569,0.954988,0.950363,0.944617,0.931582,0.920975,0.909316,0.901757,0.904744,0.904851,0.892209,0.883265,0.87942,0.876671,0.874748,0.876489,0.874631,0.874953,0.888853,0.927074,0.931004,0.93532,0.946866,0.965996,0.970187,0.975504,0.98386,0.987881,0.987598,0.988096,0.987029,0.985252,0.998741,0.99435,0.977032,0.968988,0.96002,0.942511,0.922,0.915954,0.908518,0.903685,0.898194,0.891115,0.885138,0.883555,0.888568,0.868353,0.868864,0.883136,0.891221,0.89454,0.894091,0.89182
CRW,Tanzania,1.091713,0.01090168,1.076572,1.072782,1.068207,1.065125,1.065153,1.06725,1.070721,1.065723,1.053117,1.04303,1.039836,1.02882,1.022392,1.027436,1.023981,1.021158,1.019586,1.018596,1.011328,1.002357,0.999161,0.992094,0.995565,0.992033,0.98661,0.983588,0.977914,0.981626,0.977332,0.975975,0.972268,0.975441,0.975966,0.979826,0.985913,0.993061,0.999823,0.99872,1.001543,1.003301,1.005282,1.007194,1.012208,1.003434,0.99704,0.993684,0.992659,0.985784,0.985078,0.983465,0.97864,0.973021,0.971557,0.967363,0.975845,0.976492,0.978147,0.972048,1.002736,1.00799,1.011377,1.010522,1.017722,1.019981,1.021035,1.027672,1.033749,1.037992,1.041602,1.034098,1.035777,1.037373,1.039234,1.007963,1.001103,0.993169,0.994271,0.989172,0.987328,0.982786,0.977651,0.967585,0.962878,0.963422,0.980348,0.988044,0.99372,0.998792,1.010096,1.01715,1.025148,1.027629,1.032971,1.038139,1.048349,1.050346,1.064951,1.073189,1.086164,1.080889,1.085436,1.096872,1.106379,1.108512,1.11479,1.124928,1.122888,1.121097,1.127349,1.1267,1.122446,1.131736,1.133904,1.133925,1.129586,1.117112,1.102397,1.088699,1.079297,1.07626,1.065115,1.060935,1.056913,1.055924,1.059585,1.060478,1.041564,1.028036,1.009669,1.007102,1.018836,1.03347,1.042032,1.061272,1.06296,1.070156,1.074249,1.077319,1.068442,1.063984,1.066866,1.069522,1.070235,1.075844,1.079006,1.078601,1.068548,1.057492,1.030221,1.02385,1.017922,1.01415,1.016163,1.020863,1.014465,1.005643,0.999788,0.994163,0.989276,0.97659,0.968401,0.966131,0.971704,0.984619,0.980881,0.973234,0.963398,0.959699,0.958344,0.967485,0.968565,0.968855,0.972023,0.965976,0.965286,0.955954,0.944586,0.931948,0.915497,0.912497,0.909074,0.913561,0.907357,0.893715,0.877319,0.868979,0.861023,0.851813,0.850574,0.853051,0.857498,0.863811,0.870216,0.87182,0.875485,0.879455,0.877764,0.88154,0.886219,0.890452,0.893306,0.896951,0.897926,0.893697,0.892091,0.888598,0.881587,0.878843,0.873526,0.869802,0.869762,0.865018,0.862134,0.856505,0.850836,0.844583,0.839201,0.837004,0.834237,0.82959,0.823525,0.822136,0.817637,0.812005,0.808655,0.799274,0.790585,0.788652,0.785493,0.785353,0.788794,0.790131,0.78969,0.793051,0.797132,0.801907,0.802979,0.805041,0.805513,0.808309,0.810577,0.813334,0.813085,0.814609,0.813713,0.81464,0.818598,0.821168,0.820465,0.821514,0.815834,0.814418,0.811159,0.812197,0.812862,0.81154,0.808916,0.808828,0.808476,0.810626,0.812353,0.814538,0.817559,0.821647,0.81945,0.826246,0.831141,0.838478,0.839279,0.839944,0.841789,0.84756,0.854646,0.861293,0.868001,0.872014,0.876807,0.87967,0.88021,0.884701,0.886756,0.887112,0.885404,0.888214,0.890878,0.892826,0.893172,0.890647,0.889552,0.888354,0.889309,0.886613,0.884368,0.886422,0.887713,0.889303,0.894168,0.898783,0.903967,0.90764,0.911825,0.917648,0.918338,0.921022,0.940297,0.943376,0.947784,0.950178,0.952221,0.956911,0.961431,0.962592,0.966733,0.967115,0.971913,0.977766,0.982334,0.993808,0.998192,0.987147,0.998873,1.004312,1.009071,1.017922,1.023735,1.029715,1.034664,1.038859,1.041524,1.045164,1.046687,1.05209,1.051256,1.056416,1.058188,1.049373,1.051535,1.05524,1.060181,1.062774,1.058154,1.061002,1.060863,1.066326,1.06692,1.073559,1.08539,1.085208,1.083168,1.089061,1.108152,1.10768,1.109291,1.101476,1.096603,1.094672,1.088593,1.086365,1.09349,1.101208,1.096654,1.093751,1.091834,1.091713,1.090168,1.076572,1.072782,1.068207,1.065125,1.065153,1.06725,1.070721,1.065723,1.053117,1.04303,1.039836,1.02882,1.022392,1.027436,1.023981,1.021158,1.019586,1.018596,1.011328,1.002357,0.999161,0.992094,0.995565,0.992033,0.98661,0.983588,0.977914,0.981626,0.977332,0.975975,0.972268,0.975441,0.975966,0.979826,0.985913,0.993061,0.999823,0.99872,1.001543,1.003301,1.005282,1.007194,1.012208,1.003434,0.99704,0.993684,0.992659,0.985784,0.985078,0.983465,0.97864,0.973021,0.971557,0.967363,0.975845,0.976492,0.978147,0.972048,1.002736,1.00799,1.011377,1.010522,1.017722,1.019981,1.021035,1.027672,1.033749,1.037992,1.041602,1.034098,1.035777,1.037373,1.039234,1.007963,1.001103,0.993169,0.994271,0.989172,0.987328,0.982786,0.977651,0.967585,0.962878,0.963422,0.980348,0.988044,0.99372,0.998792,1.010096,1.01715,1.025148,1.027629,1.032971,1.038139,1.048349,1.050346,1.064951,1.073189,1.086164,1.080889,1.085436,1.096872,1.106379,1.108512,1.11479,1.124928,1.122888,1.121097,1.127349,1.1267,1.122446,1.131736,1.133904,1.133925,1.129586,1.117112,1.102397,1.088699,1.079297,1.07626,1.065115,1.060935,1.056913,1.055924,1.059585,1.060478,1.041564,1.028036,1.009669,1.007102,1.018836,1.03347,1.042032,1.061272,1.06296,1.070156,1.074249,1.077319,1.068442,1.063984,1.066866,1.069522,1.070235,1.075844,1.079006,1.078601,1.068548,1.057492,1.030221,1.02385,1.017922,1.01415,1.016163,1.020863,1.014465,1.005643,0.999788,0.994163,0.989276,0.97659,0.968401,0.966131,0.971704,0.984619,0.980881,0.973234,0.963398,0.959699,0.958344,0.967485,0.968565,0.968855,0.972023,0.965976,0.965286,0.955954,0.944586,0.931948,0.915497,0.912497,0.909074,0.913561,0.907357,0.893715,0.877319,0.868979,0.861023,0.851813,0.850574,0.853051,0.857498,0.863811,0.870216,0.87182,0.875485,0.879455,0.877764,0.88154,0.886219,0.890452,0.893306,0.896951,0.897926,0.893697,0.892091,0.888598,0.881587,0.878843,0.873526,0.869802,0.869762,0.865018,0.862134,0.856505,0.850836,0.844583,0.839201,0.837004,0.834237,0.82959,0.823525,0.822136,0.817637,0.812005,0.808655,0.799274,0.790585,0.788652,0.785493,0.785353,0.788794,0.790131,0.78969,0.793051,0.797132,0.801907,0.802979,0.805041,0.805513,0.808309,0.810577,0.813334,0.813085,0.814609,0.813713,0.81464,0.818598,0.821168,0.820465,0.821514,0.815834,0.814418,0.811159,0.812197,0.812862,0.81154,0.808916,0.808828,0.808476,0.810626,0.812353,0.814538,0.817559,0.821647,0.81945,0.826246,0.831141,0.838478,0.839279,0.839944,0.841789,0.84756,0.854646,0.861293,0.868001,0.872014,0.876807,0.87967,0.88021,0.884701,0.886756,0.887112,0.885404,0.888214,0.890878,0.892826,0.893172,0.890647,0.889552,0.888354,0.889309,0.886613,0.884368,0.886422,0.887713,0.889303,0.894168,0.898783,0.903967,0.90764,0.911825,0.917648,0.918338,0.921022,0.940297,0.943376,0.947784,0.950178,0.952221,0.956911,0.961431,0.962592,0.966733,0.967115,0.971913,0.977766,0.982334,0.993808,0.998192,0.987147,0.998873,1.004312,1.009071,1.017922,1.023735,1.029715,1.034664,1.038859,1.041524,1.045164,1.046687,1.05209,1.051256,1.056416,1.058188,1.049373,1.051535,1.05524,1.060181,1.062774,1.058154,1.061002,1.060863,1.066326,1.06692,1.073559,1.08539,1.085208,1.083168,1.089061,1.108152,1.10768,1.109291,1.101476,1.096603,1.094672,1.088593,1.086365,1.09349,1.101208,1.096654,1.093751,1.091834
CRW,Thailand,0.841176,0.00831255,0.821273,0.813808,0.805605,0.807932,0.807759,0.804131,0.798012,0.796897,0.804199,0.812006,0.818677,0.82192,0.816659,0.810503,0.817045,0.819788,0.820001,0.823543,0.823608,0.815797,0.81191,0.817567,0.814038,0.802449,0.788521,0.777117,0.768399,0.766574,0.768429,0.759049,0.762029,0.761519,0.758077,0.753612,0.753159,0.748339,0.741432,0.738362,0.734154,0.733804,0.741008,0.748452,0.758131,0.767482,0.778812,0.785775,0.794478,0.808297,0.815239,0.819,0.826793,0.831786,0.834781,0.830706,0.829792,0.824757,0.821937,0.812279,0.80043,0.783849,0.766137,0.752536,0.740355,0.731986,0.728779,0.725359,0.723497,0.720521,0.723477,0.726888,0.726016,0.722747,0.717349,0.716026,0.713636,0.711754,0.711005,0.707366,0.704391,0.697814,0.690589,0.682615,0.679221,0.679096,0.678046,0.677789,0.676728,0.679223,0.68099,0.683444,0.687687,0.690107,0.694137,0.70113,0.706918,0.710518,0.71499,0.717737,0.719662,0.72015,0.721774,0.727773,0.731679,0.741324,0.748671,0.754823,0.757553,0.759703,0.761411,0.76379,0.765529,0.762975,0.766919,0.767019,0.766851,0.766694,0.765718,0.77017,0.764822,0.759443,0.757656,0.759397,0.761967,0.758755,0.758253,0.764168,0.76827,0.767901,0.771152,0.776498,0.780276,0.784275,0.782623,0.785142,0.793467,0.799993,0.803058,0.802355,0.809966,0.811798,0.810951,0.811028,0.81097,0.813809,0.813454,0.814578,0.816913,0.820218,0.823773,0.831493,0.835138,0.837338,0.839125,0.841333,0.844082,0.843891,0.843436,0.845539,0.838925,0.835856,0.840029,0.840938,0.845563,0.846057,0.835344,0.832865,0.834443,0.84136,0.832972,0.830327,0.828226,0.828723,0.827308,0.831145,0.839132,0.836082,0.832845,0.826269,0.825308,0.828612,0.820205,0.81382,0.80253,0.798811,0.794707,0.791048,0.786875,0.782957,0.776541,0.763319,0.755957,0.747293,0.73965,0.732193,0.725012,0.725181,0.725656,0.726647,0.72643,0.729059,0.729628,0.73075,0.732784,0.738061,0.746068,0.751467,0.755603,0.756401,0.754288,0.755662,0.756999,0.758636,0.761002,0.761057,0.757058,0.757144,0.752567,0.749814,0.747073,0.74,0.738427,0.735279,0.731494,0.735435,0.730858,0.732334,0.729526,0.727096,0.727402,0.728477,0.732575,0.738607,0.740176,0.743805,0.755721,0.754902,0.763256,0.781964,0.787936,0.795592,0.795648,0.794098,0.796777,0.80398,0.808386,0.804698,0.804067,0.810956,0.81152,0.804723,0.807903,0.806313,0.809832,0.818325,0.827483,0.828754,0.848783,0.852558,0.851242,0.859004,0.867282,0.870491,0.867986,0.874188,0.876575,0.876298,0.876164,0.863403,0.859659,0.857078,0.86864,0.857786,0.856022,0.863553,0.861708,0.869563,0.873477,0.871381,0.870724,0.869316,0.877565,0.887427,0.897503,0.901893,0.90199,0.902378,0.906291,0.913382,0.91162,0.911494,0.908232,0.902295,0.908638,0.911004,0.918042,0.912344,0.901869,0.895076,0.886759,0.882405,0.874498,0.867386,0.8669,0.866729,0.870014,0.870619,0.88165,0.892716,0.8943,0.908486,0.933843,0.963713,0.966195,0.979751,0.992605,1.008029,1.021532,1.024688,1.032524,1.032267,1.030249,1.01338,1.021006,1.019853,1.005032,0.989978,0.980799,0.998625,1.036689,1.036312,1.028889,1.033778,1.044734,1.056545,1.072205,1.075697,1.071239,1.067542,1.065807,1.061428,1.056918,1.049908,1.027994,0.97793,0.968539,0.963017,0.946877,0.9346,0.922249,0.904618,0.894792,0.895652,0.891056,0.884755,0.883777,0.879227,0.872655,0.87414,0.869398,0.866837,0.859302,0.853138,0.850622,0.841176,0.831255,0.821273,0.813808,0.805605,0.807932,0.807759,0.804131,0.798012,0.796897,0.804199,0.812006,0.818677,0.82192,0.816659,0.810503,0.817045,0.819788,0.820001,0.823543,0.823608,0.815797,0.81191,0.817567,0.814038,0.802449,0.788521,0.777117,0.768399,0.766574,0.768429,0.759049,0.762029,0.761519,0.758077,0.753612,0.753159,0.748339,0.741432,0.738362,0.734154,0.733804,0.741008,0.748452,0.758131,0.767482,0.778812,0.785775,0.794478,0.808297,0.815239,0.819,0.826793,0.831786,0.834781,0.830706,0.829792,0.824757,0.821937,0.812279,0.80043,0.783849,0.766137,0.752536,0.740355,0.731986,0.728779,0.725359,0.723497,0.720521,0.723477,0.726888,0.726016,0.722747,0.717349,0.716026,0.713636,0.711754,0.711005,0.707366,0.704391,0.697814,0.690589,0.682615,0.679221,0.679096,0.678046,0.677789,0.676728,0.679223,0.68099,0.683444,0.687687,0.690107,0.694137,0.70113,0.706918,0.710518,0.71499,0.717737,0.719662,0.72015,0.721774,0.727773,0.731679,0.741324,0.748671,0.754823,0.757553,0.759703,0.761411,0.76379,0.765529,0.762975,0.766919,0.767019,0.766851,0.766694,0.765718,0.77017,0.764822,0.759443,0.757656,0.759397,0.761967,0.758755,0.758253,0.764168,0.76827,0.767901,0.771152,0.776498,0.780276,0.784275,0.782623,0.785142,0.793467,0.799993,0.803058,0.802355,0.809966,0.811798,0.810951,0.811028,0.81097,0.813809,0.813454,0.814578,0.816913,0.820218,0.823773,0.831493,0.835138,0.837338,0.839125,0.841333,0.844082,0.843891,0.843436,0.845539,0.838925,0.835856,0.840029,0.840938,0.845563,0.846057,0.835344,0.832865,0.834443,0.84136,0.832972,0.830327,0.828226,0.828723,0.827308,0.831145,0.839132,0.836082,0.832845,0.826269,0.825308,0.828612,0.820205,0.81382,0.80253,0.798811,0.794707,0.791048,0.786875,0.782957,0.776541,0.763319,0.755957,0.747293,0.73965,0.732193,0.725012,0.725181,0.725656,0.726647,0.72643,0.729059,0.729628,0.73075,0.732784,0.738061,0.746068,0.751467,0.755603,0.756401,0.754288,0.755662,0.756999,0.758636,0.761002,0.761057,0.757058,0.757144,0.752567,0.749814,0.747073,0.74,0.738427,0.735279,0.731494,0.735435,0.730858,0.732334,0.729526,0.727096,0.727402,0.728477,0.732575,0.738607,0.740176,0.743805,0.755721,0.754902,0.763256,0.781964,0.787936,0.795592,0.795648,0.794098,0.796777,0.80398,0.808386,0.804698,0.804067,0.810956,0.81152,0.804723,0.807903,0.806313,0.809832,0.818325,0.827483,0.828754,0.848783,0.852558,0.851242,0.859004,0.867282,0.870491,0.867986,0.874188,0.876575,0.876298,0.876164,0.863403,0.859659,0.857078,0.86864,0.857786,0.856022,0.863553,0.861708,0.869563,0.873477,0.871381,0.870724,0.869316,0.877565,0.887427,0.897503,0.901893,0.90199,0.902378,0.906291,0.913382,0.91162,0.911494,0.908232,0.902295,0.908638,0.911004,0.918042,0.912344,0.901869,0.895076,0.886759,0.882405,0.874498,0.867386,0.8669,0.866729,0.870014,0.870619,0.88165,0.892716,0.8943,0.908486,0.933843,0.963713,0.966195,0.979751,0.992605,1.008029,1.021532,1.024688,1.032524,1.032267,1.030249,1.01338,1.021006,1.019853,1.005032,0.989978,0.980799,0.998625,1.036689,1.036312,1.028889,1.033778,1.044734,1.056545,1.072205,1.075697,1.071239,1.067542,1.065807,1.061428,1.056918,1.049908,1.027994,0.97793,0.968539,0.963017,0.946877,0.9346,0.922249,0.904618,0.894792,0.895652,0.891056,0.884755,0.883777,0.879227,0.872655,0.87414,0.869398,0.866837,0.859302,0.853138,0.850622
CRW,Timor,1.162442,0.011561410000000001,1.158232,1.151483,1.142865,1.139632,1.141651,1.138663,1.144355,1.148624,1.149802,1.144641,1.137396,1.14016,1.139,1.139419,1.142754,1.150949,1.161776,1.172417,1.177834,1.181768,1.189062,1.181594,1.181663,1.177004,1.179316,1.179912,1.186078,1.182462,1.172283,1.16508,1.153771,1.154338,1.149137,1.143187,1.139244,1.132065,1.140118,1.139879,1.141701,1.144505,1.149735,1.153916,1.159372,1.165993,1.16737,1.162391,1.151972,1.145771,1.144518,1.14529,1.148347,1.143649,1.138757,1.129759,1.127715,1.119908,1.104927,1.103215,1.102123,1.108383,1.117611,1.120047,1.123133,1.132887,1.131956,1.145038,1.14093,1.137643,1.142422,1.142751,1.153216,1.160066,1.170271,1.179862,1.187498,1.185345,1.189086,1.185139,1.178063,1.179329,1.165733,1.172972,1.181479,1.189179,1.193268,1.192115,1.193509,1.184724,1.182561,1.18189,1.183975,1.184559,1.1996,1.20906,1.21711,1.223913,1.226046,1.235017,1.236058,1.241354,1.249113,1.255745,1.262909,1.275848,1.270433,1.276686,1.288417,1.294381,1.297147,1.30482,1.306583,1.305802,1.299154,1.307433,1.308999,1.304484,1.299783,1.297966,1.284735,1.286268,1.280179,1.273081,1.265372,1.262394,1.252679,1.256204,1.266673,1.282739,1.281683,1.282628,1.283711,1.289675,1.297495,1.302394,1.302136,1.309446,1.309992,1.310918,1.319215,1.318215,1.319632,1.300108,1.282063,1.268705,1.26403,1.252662,1.2337,1.218295,1.210166,1.202764,1.198958,1.201887,1.203793,1.192211,1.203425,1.198863,1.192352,1.183947,1.170563,1.156302,1.161429,1.164763,1.158676,1.154538,1.140154,1.134995,1.116967,1.096129,1.086437,1.071593,1.053268,1.0464,1.042122,1.04633,1.041446,1.029308,1.011801,0.996887,0.983809,0.98675,0.979179,0.981493,0.97876,0.968251,0.951894,0.950893,0.937224,0.9252,0.914638,0.918761,0.922038,0.927834,0.936909,0.938841,0.935127,0.929601,0.921004,0.92661,0.923429,0.918141,0.915697,0.912166,0.90843,0.90349,0.901383,0.896293,0.887944,0.880617,0.874645,0.87316,0.87317,0.869691,0.852443,0.850176,0.840487,0.834622,0.830974,0.829722,0.827779,0.826417,0.823085,0.820398,0.817064,0.815739,0.813304,0.813111,0.811162,0.810334,0.806666,0.805578,0.807875,0.813492,0.814246,0.814494,0.812758,0.81378,0.814433,0.812868,0.810465,0.808908,0.807597,0.809146,0.808329,0.811953,0.81387,0.813411,0.80549,0.802578,0.804074,0.806092,0.817141,0.818311,0.820532,0.822815,0.822287,0.823486,0.822496,0.822407,0.820695,0.81999,0.81951,0.821317,0.824067,0.823913,0.825899,0.816115,0.817051,0.817786,0.817725,0.819444,0.818818,0.821883,0.823774,0.825861,0.828831,0.832014,0.83381,0.833855,0.834883,0.833676,0.836186,0.839923,0.844786,0.848554,0.855346,0.859972,0.861226,0.864136,0.866582,0.867869,0.870224,0.873602,0.88093,0.887357,0.894933,0.898233,0.898355,0.897537,0.899807,0.897049,0.899485,0.90255,0.907586,0.914364,0.91778,0.92286,0.927987,0.930587,0.933828,0.937509,0.942767,0.949871,0.957187,0.962854,0.970069,0.975629,0.983125,0.990131,0.999867,1.010012,1.01858,1.025639,1.035624,1.048023,1.059295,1.069423,1.082991,1.093394,1.11109,1.120421,1.122705,1.127606,1.12907,1.130316,1.14311,1.147828,1.1502,1.150242,1.144453,1.145092,1.146707,1.143998,1.14359,1.134622,1.130628,1.138359,1.139796,1.143989,1.143894,1.13894,1.134714,1.138027,1.144871,1.148974,1.147728,1.149136,1.146596,1.143596,1.148675,1.159506,1.164015,1.163224,1.161909,1.162442,1.156141,1.158232,1.151483,1.142865,1.139632,1.141651,1.138663,1.144355,1.148624,1.149802,1.144641,1.137396,1.14016,1.139,1.139419,1.142754,1.150949,1.161776,1.172417,1.177834,1.181768,1.189062,1.181594,1.181663,1.177004,1.179316,1.179912,1.186078,1.182462,1.172283,1.16508,1.153771,1.154338,1.149137,1.143187,1.139244,1.132065,1.140118,1.139879,1.141701,1.144505,1.149735,1.153916,1.159372,1.165993,1.16737,1.162391,1.151972,1.145771,1.144518,1.14529,1.148347,1.143649,1.138757,1.129759,1.127715,1.119908,1.104927,1.103215,1.102123,1.108383,1.117611,1.120047,1.123133,1.132887,1.131956,1.145038,1.14093,1.137643,1.142422,1.142751,1.153216,1.160066,1.170271,1.179862,1.187498,1.185345,1.189086,1.185139,1.178063,1.179329,1.165733,1.172972,1.181479,1.189179,1.193268,1.192115,1.193509,1.184724,1.182561,1.18189,1.183975,1.184559,1.1996,1.20906,1.21711,1.223913,1.226046,1.235017,1.236058,1.241354,1.249113,1.255745,1.262909,1.275848,1.270433,1.276686,1.288417,1.294381,1.297147,1.30482,1.306583,1.305802,1.299154,1.307433,1.308999,1.304484,1.299783,1.297966,1.284735,1.286268,1.280179,1.273081,1.265372,1.262394,1.252679,1.256204,1.266673,1.282739,1.281683,1.282628,1.283711,1.289675,1.297495,1.302394,1.302136,1.309446,1.309992,1.310918,1.319215,1.318215,1.319632,1.300108,1.282063,1.268705,1.26403,1.252662,1.2337,1.218295,1.210166,1.202764,1.198958,1.201887,1.203793,1.192211,1.203425,1.198863,1.192352,1.183947,1.170563,1.156302,1.161429,1.164763,1.158676,1.154538,1.140154,1.134995,1.116967,1.096129,1.086437,1.071593,1.053268,1.0464,1.042122,1.04633,1.041446,1.029308,1.011801,0.996887,0.983809,0.98675,0.979179,0.981493,0.97876,0.968251,0.951894,0.950893,0.937224,0.9252,0.914638,0.918761,0.922038,0.927834,0.936909,0.938841,0.935127,0.929601,0.921004,0.92661,0.923429,0.918141,0.915697,0.912166,0.90843,0.90349,0.901383,0.896293,0.887944,0.880617,0.874645,0.87316,0.87317,0.869691,0.852443,0.850176,0.840487,0.834622,0.830974,0.829722,0.827779,0.826417,0.823085,0.820398,0.817064,0.815739,0.813304,0.813111,0.811162,0.810334,0.806666,0.805578,0.807875,0.813492,0.814246,0.814494,0.812758,0.81378,0.814433,0.812868,0.810465,0.808908,0.807597,0.809146,0.808329,0.811953,0.81387,0.813411,0.80549,0.802578,0.804074,0.806092,0.817141,0.818311,0.820532,0.822815,0.822287,0.823486,0.822496,0.822407,0.820695,0.81999,0.81951,0.821317,0.824067,0.823913,0.825899,0.816115,0.817051,0.817786,0.817725,0.819444,0.818818,0.821883,0.823774,0.825861,0.828831,0.832014,0.83381,0.833855,0.834883,0.833676,0.836186,0.839923,0.844786,0.848554,0.855346,0.859972,0.861226,0.864136,0.866582,0.867869,0.870224,0.873602,0.88093,0.887357,0.894933,0.898233,0.898355,0.897537,0.899807,0.897049,0.899485,0.90255,0.907586,0.914364,0.91778,0.92286,0.927987,0.930587,0.933828,0.937509,0.942767,0.949871,0.957187,0.962854,0.970069,0.975629,0.983125,0.990131,0.999867,1.010012,1.01858,1.025639,1.035624,1.048023,1.059295,1.069423,1.082991,1.093394,1.11109,1.120421,1.122705,1.127606,1.12907,1.130316,1.14311,1.147828,1.1502,1.150242,1.144453,1.145092,1.146707,1.143998,1.14359,1.134622,1.130628,1.138359,1.139796,1.143989,1.143894,1.13894,1.134714,1.138027,1.144871,1.148974,1.147728,1.149136,1.146596,1.143596,1.148675,1.159506,1.164015,1.163224,1.161909
CRW,Togo,0.968041,0.00947004,0.941263,0.933902,0.933456,0.927341,0.936559,0.934273,0.923781,0.913751,0.90279,0.899837,0.901957,0.890667,0.882696,0.874129,0.863742,0.854068,0.844398,0.835411,0.824244,0.806163,0.796746,0.796994,0.798855,0.797544,0.788374,0.775539,0.771847,0.767871,0.768159,0.76736,0.764839,0.763759,0.762957,0.762829,0.76088,0.759675,0.751088,0.746803,0.745551,0.748674,0.748864,0.747928,0.748559,0.747533,0.74629,0.747848,0.747701,0.746956,0.747317,0.745899,0.746744,0.747093,0.74709,0.745718,0.742787,0.741633,0.740163,0.738234,0.735059,0.735114,0.733415,0.734615,0.732062,0.726969,0.725648,0.724385,0.721357,0.722744,0.72701,0.732457,0.738192,0.745708,0.753441,0.761639,0.764286,0.765375,0.766597,0.769752,0.774783,0.782505,0.782196,0.786163,0.787093,0.782892,0.778087,0.775142,0.768869,0.762498,0.757078,0.756452,0.760294,0.760686,0.765118,0.768149,0.766189,0.768723,0.77088,0.772402,0.78106,0.786578,0.788262,0.790397,0.793989,0.797849,0.801021,0.79997,0.80183,0.801965,0.803718,0.806002,0.807814,0.818049,0.828946,0.832144,0.8366,0.840792,0.849747,0.854092,0.852045,0.853617,0.856984,0.860577,0.862311,0.866208,0.870053,0.876719,0.875908,0.868965,0.867399,0.87011,0.875277,0.874483,0.881063,0.887367,0.888914,0.892614,0.897776,0.905163,0.903876,0.903225,0.903477,0.90003,0.905747,0.908092,0.904676,0.903109,0.90214,0.897993,0.900388,0.904685,0.91067,0.910708,0.919433,0.923886,0.928315,0.932368,0.938522,0.940003,0.940346,0.942868,0.935663,0.930877,0.925262,0.920383,0.918411,0.912524,0.905982,0.887736,0.881207,0.875615,0.867227,0.857404,0.854302,0.845086,0.840315,0.841599,0.842987,0.841706,0.837739,0.830656,0.824477,0.823916,0.824255,0.820121,0.819158,0.816741,0.818559,0.813642,0.816229,0.818093,0.814715,0.812778,0.814102,0.825296,0.823762,0.81929,0.816141,0.816816,0.810365,0.808575,0.804741,0.800999,0.797285,0.801178,0.803304,0.808278,0.801947,0.793205,0.797364,0.799533,0.8023,0.79976,0.798781,0.796652,0.794983,0.792346,0.792733,0.7937,0.792939,0.800411,0.814249,0.827082,0.830764,0.832765,0.836039,0.832583,0.843035,0.849015,0.858125,0.863892,0.867364,0.868864,0.872844,0.879096,0.881343,0.873306,0.867967,0.868905,0.866373,0.869053,0.877225,0.868544,0.863532,0.859703,0.868043,0.869822,0.89208,0.89592,0.891602,0.881058,0.879697,0.875879,0.876261,0.889265,0.888113,0.885363,0.88461,0.892169,0.89987,0.896711,0.901455,0.89879,0.896851,0.899655,0.909638,0.914512,0.920323,0.927625,0.937964,0.94228,0.947744,0.952931,0.951809,0.949506,0.953032,0.959199,0.952933,0.958811,0.966718,0.967574,0.973336,0.981166,0.983788,0.960914,0.964264,0.964444,0.965717,0.965606,0.971203,0.975663,0.971218,0.97188,0.976615,0.973351,0.973983,0.973713,0.976913,0.977723,0.984471,0.991614,0.994359,0.99754,1.005492,1.003597,0.999787,1.000848,1.000647,0.997547,1.002357,1.00508,1.008739,1.014528,1.018758,1.01965,1.01311,1.017163,1.024598,1.026661,1.044289,1.052436,1.061527,1.069444,1.077919,1.082679,1.083701,1.082985,1.078616,1.076446,1.077009,1.103019,1.106482,1.107209,1.106734,1.087735,1.079651,1.07586,1.072217,1.066888,1.061989,1.078482,1.076431,1.081231,1.079147,1.078176,1.052627,1.051421,1.047888,1.043769,1.046375,1.061338,1.05855,1.05653,1.048543,1.045406,1.021626,1.015843,1.010352,1.00305,0.998792,0.994737,0.983571,0.979246,0.976012,0.968041,0.947004,0.941263,0.933902,0.933456,0.927341,0.936559,0.934273,0.923781,0.913751,0.90279,0.899837,0.901957,0.890667,0.882696,0.874129,0.863742,0.854068,0.844398,0.835411,0.824244,0.806163,0.796746,0.796994,0.798855,0.797544,0.788374,0.775539,0.771847,0.767871,0.768159,0.76736,0.764839,0.763759,0.762957,0.762829,0.76088,0.759675,0.751088,0.746803,0.745551,0.748674,0.748864,0.747928,0.748559,0.747533,0.74629,0.747848,0.747701,0.746956,0.747317,0.745899,0.746744,0.747093,0.74709,0.745718,0.742787,0.741633,0.740163,0.738234,0.735059,0.735114,0.733415,0.734615,0.732062,0.726969,0.725648,0.724385,0.721357,0.722744,0.72701,0.732457,0.738192,0.745708,0.753441,0.761639,0.764286,0.765375,0.766597,0.769752,0.774783,0.782505,0.782196,0.786163,0.787093,0.782892,0.778087,0.775142,0.768869,0.762498,0.757078,0.756452,0.760294,0.760686,0.765118,0.768149,0.766189,0.768723,0.77088,0.772402,0.78106,0.786578,0.788262,0.790397,0.793989,0.797849,0.801021,0.79997,0.80183,0.801965,0.803718,0.806002,0.807814,0.818049,0.828946,0.832144,0.8366,0.840792,0.849747,0.854092,0.852045,0.853617,0.856984,0.860577,0.862311,0.866208,0.870053,0.876719,0.875908,0.868965,0.867399,0.87011,0.875277,0.874483,0.881063,0.887367,0.888914,0.892614,0.897776,0.905163,0.903876,0.903225,0.903477,0.90003,0.905747,0.908092,0.904676,0.903109,0.90214,0.897993,0.900388,0.904685,0.91067,0.910708,0.919433,0.923886,0.928315,0.932368,0.938522,0.940003,0.940346,0.942868,0.935663,0.930877,0.925262,0.920383,0.918411,0.912524,0.905982,0.887736,0.881207,0.875615,0.867227,0.857404,0.854302,0.845086,0.840315,0.841599,0.842987,0.841706,0.837739,0.830656,0.824477,0.823916,0.824255,0.820121,0.819158,0.816741,0.818559,0.813642,0.816229,0.818093,0.814715,0.812778,0.814102,0.825296,0.823762,0.81929,0.816141,0.816816,0.810365,0.808575,0.804741,0.800999,0.797285,0.801178,0.803304,0.808278,0.801947,0.793205,0.797364,0.799533,0.8023,0.79976,0.798781,0.796652,0.794983,0.792346,0.792733,0.7937,0.792939,0.800411,0.814249,0.827082,0.830764,0.832765,0.836039,0.832583,0.843035,0.849015,0.858125,0.863892,0.867364,0.868864,0.872844,0.879096,0.881343,0.873306,0.867967,0.868905,0.866373,0.869053,0.877225,0.868544,0.863532,0.859703,0.868043,0.869822,0.89208,0.89592,0.891602,0.881058,0.879697,0.875879,0.876261,0.889265,0.888113,0.885363,0.88461,0.892169,0.89987,0.896711,0.901455,0.89879,0.896851,0.899655,0.909638,0.914512,0.920323,0.927625,0.937964,0.94228,0.947744,0.952931,0.951809,0.949506,0.953032,0.959199,0.952933,0.958811,0.966718,0.967574,0.973336,0.981166,0.983788,0.960914,0.964264,0.964444,0.965717,0.965606,0.971203,0.975663,0.971218,0.97188,0.976615,0.973351,0.973983,0.973713,0.976913,0.977723,0.984471,0.991614,0.994359,0.99754,1.005492,1.003597,0.999787,1.000848,1.000647,0.997547,1.002357,1.00508,1.008739,1.014528,1.018758,1.01965,1.01311,1.017163,1.024598,1.026661,1.044289,1.052436,1.061527,1.069444,1.077919,1.082679,1.083701,1.082985,1.078616,1.076446,1.077009,1.103019,1.106482,1.107209,1.106734,1.087735,1.079651,1.07586,1.072217,1.066888,1.061989,1.078482,1.076431,1.081231,1.079147,1.078176,1.052627,1.051421,1.047888,1.043769,1.046375,1.061338,1.05855,1.05653,1.048543,1.045406,1.021626,1.015843,1.010352,1.00305,0.998792,0.994737,0.983571,0.979246,0.976012
CRW,Trinidad,0.869377,0.00870439,0.859859,0.846935,0.844026,0.839911,0.840139,0.838768,0.832826,0.828483,0.82603,0.820536,0.818169,0.806359,0.80935,0.818563,0.814586,0.816421,0.815281,0.812825,0.813057,0.810717,0.811092,0.812258,0.813579,0.814928,0.814855,0.813953,0.817601,0.819197,0.809888,0.810081,0.811934,0.812399,0.812933,0.813688,0.813517,0.808523,0.806728,0.807647,0.806677,0.804253,0.806678,0.802762,0.796755,0.799611,0.797009,0.790664,0.794031,0.796752,0.81956,0.82466,0.828927,0.828946,0.829744,0.835915,0.836999,0.837991,0.838612,0.837185,0.836573,0.837106,0.837512,0.836776,0.837111,0.817138,0.810574,0.809896,0.810156,0.810626,0.805221,0.806739,0.803301,0.806191,0.807118,0.806968,0.802492,0.806252,0.806742,0.807728,0.813106,0.816258,0.818226,0.820127,0.825435,0.8333,0.835814,0.836096,0.836244,0.839389,0.843256,0.845841,0.847289,0.848956,0.851931,0.852792,0.85691,0.859462,0.863893,0.862898,0.860679,0.863946,0.868984,0.873648,0.873675,0.880216,0.884976,0.886786,0.891875,0.889928,0.890042,0.888841,0.890076,0.886305,0.884061,0.889733,0.887719,0.88967,0.891272,0.892721,0.89002,0.891043,0.897154,0.89735,0.902346,0.927102,0.931891,0.937366,0.944927,0.951338,0.951271,0.958123,0.962879,0.965746,0.969084,0.974016,0.980816,0.985412,0.996842,1.003741,0.985728,0.991707,0.999653,1.004174,1.008161,1.022051,1.032734,1.033333,1.036613,1.033003,1.031789,1.034416,1.037087,1.037316,1.03662,1.03381,1.032299,1.028622,1.032135,1.028823,1.021563,1.01407,1.016038,1.015045,1.029963,1.030241,1.025536,1.030612,1.032418,1.028587,1.028258,1.027279,1.026151,1.017328,1.014488,1.012953,1.013301,1.006535,1.00158,0.987438,0.994626,0.989455,0.988526,0.977846,0.975558,0.972919,0.974034,0.974305,0.970986,0.970659,0.970465,0.967948,0.965599,0.964686,0.972619,0.970857,0.976322,0.968501,0.961996,0.955089,0.956427,0.948258,0.949927,0.947486,0.943065,0.941524,0.940518,0.936929,0.920902,0.910254,0.900751,0.896051,0.903189,0.896916,0.89492,0.890205,0.888686,0.883533,0.886564,0.88445,0.883029,0.881714,0.881845,0.883901,0.887901,0.885771,0.885477,0.881794,0.88845,0.888236,0.892346,0.891861,0.896501,0.89145,0.899242,0.90141,0.904954,0.908878,0.908625,0.912463,0.920534,0.925806,0.932177,0.931005,0.936093,0.934284,0.938346,0.935792,0.936841,0.942626,0.937026,0.932695,0.935408,0.93169,0.923454,0.921065,0.920886,0.914582,0.912993,0.911168,0.933415,0.928637,0.928529,0.930317,0.919771,0.923598,0.923697,0.917855,0.920828,0.916889,0.919639,0.914045,0.911756,0.910354,0.908068,0.882494,0.882939,0.885303,0.880357,0.886783,0.886519,0.895587,0.894896,0.892539,0.900228,0.902729,0.909195,0.910724,0.911958,0.914811,0.9199,0.921029,0.917103,0.917749,0.920355,0.919287,0.921729,0.925554,0.923817,0.924953,0.922383,0.918579,0.916895,0.914373,0.914677,0.911755,0.913569,0.910392,0.907095,0.899245,0.897667,0.885974,0.879472,0.877283,0.872718,0.868368,0.872766,0.880847,0.886994,0.882254,0.878288,0.875828,0.87957,0.885311,0.891146,0.890635,0.892727,0.89268,0.902395,0.938992,0.951072,0.955783,0.951204,0.948554,0.956597,0.97014,0.97577,0.97127,0.965027,0.955928,0.95237,0.951933,0.95148,0.94087,0.902774,0.898658,0.898652,0.894585,0.889807,0.884377,0.869509,0.862527,0.872605,0.881994,0.88325,0.884484,0.880351,0.880411,0.881773,0.879033,0.871671,0.867177,0.865724,0.871874,0.871205,0.869377,0.870439,0.859859,0.846935,0.844026,0.839911,0.840139,0.838768,0.832826,0.828483,0.82603,0.820536,0.818169,0.806359,0.80935,0.818563,0.814586,0.816421,0.815281,0.812825,0.813057,0.810717,0.811092,0.812258,0.813579,0.814928,0.814855,0.813953,0.817601,0.819197,0.809888,0.810081,0.811934,0.812399,0.812933,0.813688,0.813517,0.808523,0.806728,0.807647,0.806677,0.804253,0.806678,0.802762,0.796755,0.799611,0.797009,0.790664,0.794031,0.796752,0.81956,0.82466,0.828927,0.828946,0.829744,0.835915,0.836999,0.837991,0.838612,0.837185,0.836573,0.837106,0.837512,0.836776,0.837111,0.817138,0.810574,0.809896,0.810156,0.810626,0.805221,0.806739,0.803301,0.806191,0.807118,0.806968,0.802492,0.806252,0.806742,0.807728,0.813106,0.816258,0.818226,0.820127,0.825435,0.8333,0.835814,0.836096,0.836244,0.839389,0.843256,0.845841,0.847289,0.848956,0.851931,0.852792,0.85691,0.859462,0.863893,0.862898,0.860679,0.863946,0.868984,0.873648,0.873675,0.880216,0.884976,0.886786,0.891875,0.889928,0.890042,0.888841,0.890076,0.886305,0.884061,0.889733,0.887719,0.88967,0.891272,0.892721,0.89002,0.891043,0.897154,0.89735,0.902346,0.927102,0.931891,0.937366,0.944927,0.951338,0.951271,0.958123,0.962879,0.965746,0.969084,0.974016,0.980816,0.985412,0.996842,1.003741,0.985728,0.991707,0.999653,1.004174,1.008161,1.022051,1.032734,1.033333,1.036613,1.033003,1.031789,1.034416,1.037087,1.037316,1.03662,1.03381,1.032299,1.028622,1.032135,1.028823,1.021563,1.01407,1.016038,1.015045,1.029963,1.030241,1.025536,1.030612,1.032418,1.028587,1.028258,1.027279,1.026151,1.017328,1.014488,1.012953,1.013301,1.006535,1.00158,0.987438,0.994626,0.989455,0.988526,0.977846,0.975558,0.972919,0.974034,0.974305,0.970986,0.970659,0.970465,0.967948,0.965599,0.964686,0.972619,0.970857,0.976322,0.968501,0.961996,0.955089,0.956427,0.948258,0.949927,0.947486,0.943065,0.941524,0.940518,0.936929,0.920902,0.910254,0.900751,0.896051,0.903189,0.896916,0.89492,0.890205,0.888686,0.883533,0.886564,0.88445,0.883029,0.881714,0.881845,0.883901,0.887901,0.885771,0.885477,0.881794,0.88845,0.888236,0.892346,0.891861,0.896501,0.89145,0.899242,0.90141,0.904954,0.908878,0.908625,0.912463,0.920534,0.925806,0.932177,0.931005,0.936093,0.934284,0.938346,0.935792,0.936841,0.942626,0.937026,0.932695,0.935408,0.93169,0.923454,0.921065,0.920886,0.914582,0.912993,0.911168,0.933415,0.928637,0.928529,0.930317,0.919771,0.923598,0.923697,0.917855,0.920828,0.916889,0.919639,0.914045,0.911756,0.910354,0.908068,0.882494,0.882939,0.885303,0.880357,0.886783,0.886519,0.895587,0.894896,0.892539,0.900228,0.902729,0.909195,0.910724,0.911958,0.914811,0.9199,0.921029,0.917103,0.917749,0.920355,0.919287,0.921729,0.925554,0.923817,0.924953,0.922383,0.918579,0.916895,0.914373,0.914677,0.911755,0.913569,0.910392,0.907095,0.899245,0.897667,0.885974,0.879472,0.877283,0.872718,0.868368,0.872766,0.880847,0.886994,0.882254,0.878288,0.875828,0.87957,0.885311,0.891146,0.890635,0.892727,0.89268,0.902395,0.938992,0.951072,0.955783,0.951204,0.948554,0.956597,0.97014,0.97577,0.97127,0.965027,0.955928,0.95237,0.951933,0.95148,0.94087,0.902774,0.898658,0.898652,0.894585,0.889807,0.884377,0.869509,0.862527,0.872605,0.881994,0.88325,0.884484,0.880351,0.880411,0.881773,0.879033,0.871671,0.867177,0.865724,0.871874,0.871205
CRW,Tunisia,0.826583,0.00820217,0.816034,0.816589,0.819586,0.827754,0.835192,0.83743,0.839237,0.838479,0.841461,0.8438,0.846017,0.847917,0.850916,0.857948,0.860589,0.861459,0.863822,0.865854,0.864231,0.863421,0.865863,0.869403,0.87193,0.872581,0.877165,0.881016,0.884999,0.887712,0.88308,0.884105,0.885684,0.889875,0.891606,0.89023,0.885149,0.884923,0.884609,0.885268,0.886467,0.884036,0.882167,0.882603,0.882779,0.883312,0.885026,0.886192,0.884103,0.885988,0.890252,0.894121,0.897884,0.900181,0.901921,0.903101,0.90558,0.907699,0.908938,0.910893,0.910618,0.909591,0.910742,0.911416,0.911376,0.910331,0.909919,0.911196,0.915628,0.922267,0.933829,0.938614,0.942553,0.946722,0.949549,0.951877,0.953883,0.9563,0.957397,0.958315,0.959512,0.961661,0.961618,0.967114,0.962857,0.954856,0.952219,0.951533,0.949171,0.947693,0.946499,0.946118,0.943688,0.940411,0.936428,0.933338,0.928805,0.926042,0.913214,0.911295,0.909329,0.906,0.900919,0.89658,0.894108,0.890315,0.887165,0.886713,0.887819,0.890264,0.891688,0.893618,0.895348,0.893805,0.891374,0.889467,0.888059,0.887028,0.88637,0.884731,0.883774,0.882659,0.879124,0.876757,0.873442,0.871055,0.869176,0.863716,0.862367,0.861915,0.861124,0.861349,0.860729,0.861231,0.861617,0.860606,0.856413,0.856639,0.858069,0.858393,0.86581,0.865445,0.865446,0.864463,0.862881,0.860527,0.859573,0.861518,0.861022,0.859217,0.859531,0.86291,0.86017,0.855985,0.854056,0.853488,0.853238,0.853704,0.853328,0.854566,0.855186,0.854235,0.853028,0.851905,0.851822,0.850934,0.854493,0.855253,0.856918,0.857614,0.855042,0.853283,0.851107,0.851514,0.850348,0.852371,0.855804,0.856759,0.858116,0.859174,0.860434,0.854491,0.856152,0.853514,0.851939,0.850588,0.852655,0.855168,0.858987,0.863976,0.866584,0.866159,0.866082,0.866388,0.872526,0.869805,0.86668,0.867879,0.873573,0.876407,0.876677,0.876113,0.872393,0.869394,0.865135,0.863201,0.861428,0.861623,0.857311,0.858482,0.859709,0.859952,0.859143,0.858616,0.861849,0.869224,0.876159,0.875497,0.875264,0.87884,0.884169,0.887982,0.888468,0.888805,0.889287,0.889143,0.887107,0.889733,0.891651,0.889283,0.887227,0.862852,0.84387,0.844502,0.844831,0.820803,0.809976,0.801868,0.794762,0.794238,0.792464,0.792112,0.776975,0.76634,0.760019,0.74889,0.748406,0.758287,0.75397,0.749717,0.751349,0.739915,0.730346,0.723441,0.717192,0.716009,0.71548,0.719297,0.724942,0.728688,0.72998,0.724534,0.724721,0.720913,0.719974,0.711419,0.715279,0.717357,0.723333,0.724718,0.725007,0.729577,0.73267,0.739013,0.74721,0.757486,0.768266,0.762679,0.750468,0.743159,0.753031,0.750577,0.750566,0.741421,0.732283,0.72036,0.716036,0.711018,0.704307,0.693911,0.680377,0.676821,0.677792,0.688487,0.693773,0.692567,0.693251,0.693411,0.697703,0.703475,0.713133,0.713276,0.719116,0.722972,0.733277,0.749573,0.755675,0.758684,0.757382,0.757149,0.753423,0.752258,0.752841,0.755333,0.757413,0.759803,0.763847,0.762249,0.763102,0.76915,0.773171,0.773844,0.773681,0.776317,0.77802,0.784145,0.786981,0.789179,0.789879,0.788529,0.785856,0.781225,0.773804,0.76502,0.750159,0.741255,0.728527,0.725502,0.723102,0.720491,0.721342,0.722691,0.718303,0.712986,0.711162,0.709062,0.718884,0.733408,0.744944,0.754292,0.763658,0.799394,0.818133,0.819639,0.82093,0.821866,0.8224,0.823577,0.823975,0.828018,0.828522,0.827603,0.827528,0.827183,0.8275,0.826583,0.820217,0.816034,0.816589,0.819586,0.827754,0.835192,0.83743,0.839237,0.838479,0.841461,0.8438,0.846017,0.847917,0.850916,0.857948,0.860589,0.861459,0.863822,0.865854,0.864231,0.863421,0.865863,0.869403,0.87193,0.872581,0.877165,0.881016,0.884999,0.887712,0.88308,0.884105,0.885684,0.889875,0.891606,0.89023,0.885149,0.884923,0.884609,0.885268,0.886467,0.884036,0.882167,0.882603,0.882779,0.883312,0.885026,0.886192,0.884103,0.885988,0.890252,0.894121,0.897884,0.900181,0.901921,0.903101,0.90558,0.907699,0.908938,0.910893,0.910618,0.909591,0.910742,0.911416,0.911376,0.910331,0.909919,0.911196,0.915628,0.922267,0.933829,0.938614,0.942553,0.946722,0.949549,0.951877,0.953883,0.9563,0.957397,0.958315,0.959512,0.961661,0.961618,0.967114,0.962857,0.954856,0.952219,0.951533,0.949171,0.947693,0.946499,0.946118,0.943688,0.940411,0.936428,0.933338,0.928805,0.926042,0.913214,0.911295,0.909329,0.906,0.900919,0.89658,0.894108,0.890315,0.887165,0.886713,0.887819,0.890264,0.891688,0.893618,0.895348,0.893805,0.891374,0.889467,0.888059,0.887028,0.88637,0.884731,0.883774,0.882659,0.879124,0.876757,0.873442,0.871055,0.869176,0.863716,0.862367,0.861915,0.861124,0.861349,0.860729,0.861231,0.861617,0.860606,0.856413,0.856639,0.858069,0.858393,0.86581,0.865445,0.865446,0.864463,0.862881,0.860527,0.859573,0.861518,0.861022,0.859217,0.859531,0.86291,0.86017,0.855985,0.854056,0.853488,0.853238,0.853704,0.853328,0.854566,0.855186,0.854235,0.853028,0.851905,0.851822,0.850934,0.854493,0.855253,0.856918,0.857614,0.855042,0.853283,0.851107,0.851514,0.850348,0.852371,0.855804,0.856759,0.858116,0.859174,0.860434,0.854491,0.856152,0.853514,0.851939,0.850588,0.852655,0.855168,0.858987,0.863976,0.866584,0.866159,0.866082,0.866388,0.872526,0.869805,0.86668,0.867879,0.873573,0.876407,0.876677,0.876113,0.872393,0.869394,0.865135,0.863201,0.861428,0.861623,0.857311,0.858482,0.859709,0.859952,0.859143,0.858616,0.861849,0.869224,0.876159,0.875497,0.875264,0.87884,0.884169,0.887982,0.888468,0.888805,0.889287,0.889143,0.887107,0.889733,0.891651,0.889283,0.887227,0.862852,0.84387,0.844502,0.844831,0.820803,0.809976,0.801868,0.794762,0.794238,0.792464,0.792112,0.776975,0.76634,0.760019,0.74889,0.748406,0.758287,0.75397,0.749717,0.751349,0.739915,0.730346,0.723441,0.717192,0.716009,0.71548,0.719297,0.724942,0.728688,0.72998,0.724534,0.724721,0.720913,0.719974,0.711419,0.715279,0.717357,0.723333,0.724718,0.725007,0.729577,0.73267,0.739013,0.74721,0.757486,0.768266,0.762679,0.750468,0.743159,0.753031,0.750577,0.750566,0.741421,0.732283,0.72036,0.716036,0.711018,0.704307,0.693911,0.680377,0.676821,0.677792,0.688487,0.693773,0.692567,0.693251,0.693411,0.697703,0.703475,0.713133,0.713276,0.719116,0.722972,0.733277,0.749573,0.755675,0.758684,0.757382,0.757149,0.753423,0.752258,0.752841,0.755333,0.757413,0.759803,0.763847,0.762249,0.763102,0.76915,0.773171,0.773844,0.773681,0.776317,0.77802,0.784145,0.786981,0.789179,0.789879,0.788529,0.785856,0.781225,0.773804,0.76502,0.750159,0.741255,0.728527,0.725502,0.723102,0.720491,0.721342,0.722691,0.718303,0.712986,0.711162,0.709062,0.718884,0.733408,0.744944,0.754292,0.763658,0.799394,0.818133,0.819639,0.82093,0.821866,0.8224,0.823577,0.823975,0.828018,0.828522,0.827603,0.827528,0.827183,0.8275
CRW,Turkey,0.885249,0.00875286,0.875945,0.877908,0.879353,0.882155,0.885044,0.887963,0.891005,0.895669,0.904754,0.908231,0.90854,0.911732,0.914616,0.916632,0.918589,0.924268,0.932576,0.936428,0.941423,0.943904,0.947345,0.949854,0.951657,0.94486,0.944976,0.94732,0.949538,0.9518,0.954659,0.961469,0.965922,0.966821,0.976434,0.978764,0.97698,0.975274,0.982419,0.985455,0.990535,0.993417,0.992312,0.994818,0.998327,1.000582,1.0024,1.002733,1.002938,0.999869,1.002581,1.009156,1.012384,1.015054,1.015142,1.015375,1.018369,1.020846,1.018508,1.015301,1.013355,1.012833,1.017818,1.021507,1.021937,1.020816,1.020214,1.023422,1.02515,1.032108,1.034613,1.031587,1.031425,1.028269,1.023447,1.023788,1.03011,1.032923,1.033361,1.033019,1.031979,1.029269,1.024842,1.020893,1.013862,1.00916,1.009439,1.007307,1.004568,1.004802,1.006705,0.999502,0.986989,0.981205,0.981412,0.982746,0.981472,0.977662,0.982109,0.983415,0.994503,0.994978,0.991478,0.98776,0.983875,0.977068,0.973598,0.975395,0.973737,0.974908,0.975527,0.977667,0.977612,0.974399,0.972024,0.962594,0.959818,0.95972,0.960593,0.959748,0.957498,0.953478,0.948648,0.945333,0.937376,0.930453,0.925151,0.921597,0.918552,0.91434,0.919715,0.914875,0.910117,0.90541,0.900766,0.900738,0.898864,0.893008,0.887429,0.88406,0.885699,0.882536,0.880024,0.877853,0.875695,0.86836,0.872073,0.876596,0.880985,0.885453,0.885288,0.88438,0.883787,0.883794,0.883664,0.880502,0.881209,0.882059,0.88312,0.889152,0.886322,0.881491,0.876025,0.871235,0.867722,0.866648,0.865234,0.864802,0.863487,0.861804,0.861508,0.861098,0.861665,0.860748,0.855628,0.857071,0.856428,0.857444,0.857315,0.857856,0.858696,0.861835,0.86429,0.867298,0.870215,0.869993,0.869338,0.866909,0.865479,0.864312,0.861309,0.860226,0.857141,0.856156,0.854263,0.852098,0.849072,0.845233,0.846716,0.844565,0.845434,0.846794,0.847634,0.84923,0.851555,0.852299,0.85232,0.855902,0.856196,0.856403,0.85643,0.857639,0.855863,0.856014,0.860014,0.860611,0.860056,0.860787,0.860909,0.860464,0.861128,0.86283,0.859749,0.861792,0.863347,0.862729,0.861689,0.860309,0.858966,0.854408,0.854867,0.85669,0.856617,0.855661,0.856072,0.855488,0.8551,0.854237,0.853232,0.85161,0.852622,0.851922,0.852985,0.854481,0.854652,0.852826,0.852468,0.851139,0.845747,0.841158,0.841743,0.845268,0.84985,0.850723,0.847757,0.842566,0.840741,0.837645,0.835907,0.8353,0.845857,0.850263,0.870645,0.877513,0.882008,0.880838,0.880309,0.879154,0.880552,0.879349,0.879458,0.881388,0.883081,0.885119,0.887712,0.884206,0.884697,0.877303,0.879416,0.881517,0.88494,0.87764,0.871119,0.858953,0.852477,0.845943,0.84344,0.843187,0.841516,0.840603,0.835531,0.831924,0.829556,0.829635,0.829382,0.82857,0.826812,0.826338,0.830336,0.842575,0.84918,0.852314,0.853843,0.855149,0.855323,0.855617,0.854094,0.852134,0.848507,0.846119,0.847202,0.850755,0.853006,0.854021,0.84294,0.836655,0.831918,0.827727,0.824852,0.824776,0.826982,0.831626,0.837047,0.83695,0.836241,0.836252,0.838525,0.840045,0.84131,0.841201,0.842295,0.845372,0.846073,0.850151,0.852841,0.854805,0.856827,0.860739,0.863842,0.863784,0.863204,0.861588,0.861147,0.860804,0.864275,0.864534,0.8632,0.864158,0.871481,0.871931,0.871127,0.87827,0.878141,0.878588,0.880977,0.883549,0.88537,0.886366,0.88725,0.885349,0.885955,0.887454,0.889564,0.885891,0.884664,0.885249,0.875286,0.875945,0.877908,0.879353,0.882155,0.885044,0.887963,0.891005,0.895669,0.904754,0.908231,0.90854,0.911732,0.914616,0.916632,0.918589,0.924268,0.932576,0.936428,0.941423,0.943904,0.947345,0.949854,0.951657,0.94486,0.944976,0.94732,0.949538,0.9518,0.954659,0.961469,0.965922,0.966821,0.976434,0.978764,0.97698,0.975274,0.982419,0.985455,0.990535,0.993417,0.992312,0.994818,0.998327,1.000582,1.0024,1.002733,1.002938,0.999869,1.002581,1.009156,1.012384,1.015054,1.015142,1.015375,1.018369,1.020846,1.018508,1.015301,1.013355,1.012833,1.017818,1.021507,1.021937,1.020816,1.020214,1.023422,1.02515,1.032108,1.034613,1.031587,1.031425,1.028269,1.023447,1.023788,1.03011,1.032923,1.033361,1.033019,1.031979,1.029269,1.024842,1.020893,1.013862,1.00916,1.009439,1.007307,1.004568,1.004802,1.006705,0.999502,0.986989,0.981205,0.981412,0.982746,0.981472,0.977662,0.982109,0.983415,0.994503,0.994978,0.991478,0.98776,0.983875,0.977068,0.973598,0.975395,0.973737,0.974908,0.975527,0.977667,0.977612,0.974399,0.972024,0.962594,0.959818,0.95972,0.960593,0.959748,0.957498,0.953478,0.948648,0.945333,0.937376,0.930453,0.925151,0.921597,0.918552,0.91434,0.919715,0.914875,0.910117,0.90541,0.900766,0.900738,0.898864,0.893008,0.887429,0.88406,0.885699,0.882536,0.880024,0.877853,0.875695,0.86836,0.872073,0.876596,0.880985,0.885453,0.885288,0.88438,0.883787,0.883794,0.883664,0.880502,0.881209,0.882059,0.88312,0.889152,0.886322,0.881491,0.876025,0.871235,0.867722,0.866648,0.865234,0.864802,0.863487,0.861804,0.861508,0.861098,0.861665,0.860748,0.855628,0.857071,0.856428,0.857444,0.857315,0.857856,0.858696,0.861835,0.86429,0.867298,0.870215,0.869993,0.869338,0.866909,0.865479,0.864312,0.861309,0.860226,0.857141,0.856156,0.854263,0.852098,0.849072,0.845233,0.846716,0.844565,0.845434,0.846794,0.847634,0.84923,0.851555,0.852299,0.85232,0.855902,0.856196,0.856403,0.85643,0.857639,0.855863,0.856014,0.860014,0.860611,0.860056,0.860787,0.860909,0.860464,0.861128,0.86283,0.859749,0.861792,0.863347,0.862729,0.861689,0.860309,0.858966,0.854408,0.854867,0.85669,0.856617,0.855661,0.856072,0.855488,0.8551,0.854237,0.853232,0.85161,0.852622,0.851922,0.852985,0.854481,0.854652,0.852826,0.852468,0.851139,0.845747,0.841158,0.841743,0.845268,0.84985,0.850723,0.847757,0.842566,0.840741,0.837645,0.835907,0.8353,0.845857,0.850263,0.870645,0.877513,0.882008,0.880838,0.880309,0.879154,0.880552,0.879349,0.879458,0.881388,0.883081,0.885119,0.887712,0.884206,0.884697,0.877303,0.879416,0.881517,0.88494,0.87764,0.871119,0.858953,0.852477,0.845943,0.84344,0.843187,0.841516,0.840603,0.835531,0.831924,0.829556,0.829635,0.829382,0.82857,0.826812,0.826338,0.830336,0.842575,0.84918,0.852314,0.853843,0.855149,0.855323,0.855617,0.854094,0.852134,0.848507,0.846119,0.847202,0.850755,0.853006,0.854021,0.84294,0.836655,0.831918,0.827727,0.824852,0.824776,0.826982,0.831626,0.837047,0.83695,0.836241,0.836252,0.838525,0.840045,0.84131,0.841201,0.842295,0.845372,0.846073,0.850151,0.852841,0.854805,0.856827,0.860739,0.863842,0.863784,0.863204,0.861588,0.861147,0.860804,0.864275,0.864534,0.8632,0.864158,0.871481,0.871931,0.871127,0.87827,0.878141,0.878588,0.880977,0.883549,0.88537,0.886366,0.88725,0.885349,0.885955,0.887454,0.889564,0.885891,0.884664
CRW,UAE,0.688532,0.00691288,0.692706,0.694116,0.694558,0.695749,0.697107,0.696708,0.696618,0.697805,0.696799,0.701141,0.705168,0.706863,0.710969,0.710053,0.71146,0.715205,0.719975,0.728803,0.738186,0.747405,0.756337,0.76588,0.774912,0.78567,0.790126,0.793048,0.795078,0.818508,0.829692,0.840919,0.848579,0.849815,0.849552,0.849579,0.849776,0.849899,0.849318,0.84798,0.846768,0.846489,0.846956,0.847397,0.833822,0.832756,0.833867,0.832891,0.83209,0.832286,0.835595,0.834867,0.834436,0.833978,0.834154,0.835997,0.83597,0.835431,0.835728,0.837552,0.838689,0.838811,0.84091,0.842867,0.845213,0.843223,0.843131,0.844216,0.844872,0.844984,0.842751,0.84384,0.844322,0.847058,0.844257,0.843352,0.845605,0.846096,0.848261,0.848456,0.867881,0.883143,0.887164,0.889916,0.892912,0.899058,0.901854,0.904275,0.902522,0.902867,0.902008,0.899872,0.898675,0.895135,0.893808,0.887448,0.872082,0.86718,0.869035,0.865887,0.855934,0.852199,0.849161,0.850839,0.852735,0.853123,0.853314,0.853146,0.85273,0.851766,0.850854,0.845469,0.842165,0.840698,0.842355,0.843973,0.847498,0.848732,0.847036,0.844996,0.844258,0.843172,0.841849,0.841211,0.841198,0.841977,0.839931,0.839621,0.838608,0.838986,0.838346,0.83419,0.833229,0.833352,0.836234,0.839938,0.842667,0.845327,0.847913,0.846479,0.845665,0.847701,0.847719,0.851919,0.853473,0.85865,0.861518,0.862997,0.863564,0.863464,0.863567,0.873181,0.887621,0.891672,0.893837,0.891909,0.890479,0.894889,0.895642,0.899229,0.906229,0.910421,0.917926,0.924537,0.930678,0.92866,0.921784,0.904581,0.887623,0.877627,0.873062,0.875355,0.881917,0.878753,0.879934,0.881605,0.880181,0.888659,0.8894,0.884606,0.883412,0.883679,0.884621,0.886311,0.897913,0.907918,0.916984,0.919136,0.932385,0.939111,0.924839,0.920081,0.917742,0.91498,0.917875,0.920087,0.91563,0.910801,0.894689,0.881867,0.868819,0.854006,0.842209,0.835199,0.827901,0.815467,0.802347,0.791407,0.782663,0.781627,0.781367,0.782811,0.782804,0.781372,0.781075,0.777223,0.772984,0.768868,0.759603,0.751632,0.749368,0.746631,0.742281,0.739046,0.732643,0.725639,0.716356,0.705283,0.697621,0.687635,0.685589,0.680608,0.672056,0.664864,0.659931,0.661462,0.661797,0.658099,0.656041,0.656007,0.657865,0.662527,0.669711,0.669222,0.66955,0.662885,0.660489,0.665421,0.672588,0.673719,0.66837,0.666604,0.667299,0.667446,0.665185,0.661383,0.658016,0.654616,0.654241,0.656716,0.66016,0.66439,0.665682,0.669117,0.675222,0.679472,0.680483,0.686416,0.690105,0.690989,0.696751,0.696748,0.696547,0.696381,0.695111,0.697017,0.696358,0.694069,0.688872,0.687333,0.684571,0.683225,0.677793,0.674196,0.675669,0.671028,0.672092,0.671193,0.67418,0.677783,0.677622,0.677968,0.67654,0.677367,0.677393,0.67832,0.678338,0.676808,0.676805,0.673562,0.673579,0.671687,0.674601,0.675042,0.674677,0.670064,0.668011,0.665144,0.663094,0.660761,0.658998,0.657532,0.656471,0.655185,0.6568,0.65662,0.656019,0.652023,0.650241,0.646494,0.645142,0.646552,0.654638,0.656984,0.658494,0.659982,0.662095,0.668764,0.672319,0.672426,0.674143,0.676349,0.67787,0.680239,0.684656,0.689602,0.690293,0.687241,0.687565,0.686663,0.686319,0.683547,0.680639,0.679602,0.676685,0.675257,0.675661,0.675319,0.674577,0.671704,0.67142,0.670825,0.66999,0.667973,0.668526,0.667093,0.668097,0.668889,0.669201,0.67271,0.676398,0.676905,0.679547,0.681991,0.683404,0.688532,0.691288,0.692706,0.694116,0.694558,0.695749,0.697107,0.696708,0.696618,0.697805,0.696799,0.701141,0.705168,0.706863,0.710969,0.710053,0.71146,0.715205,0.719975,0.728803,0.738186,0.747405,0.756337,0.76588,0.774912,0.78567,0.790126,0.793048,0.795078,0.818508,0.829692,0.840919,0.848579,0.849815,0.849552,0.849579,0.849776,0.849899,0.849318,0.84798,0.846768,0.846489,0.846956,0.847397,0.833822,0.832756,0.833867,0.832891,0.83209,0.832286,0.835595,0.834867,0.834436,0.833978,0.834154,0.835997,0.83597,0.835431,0.835728,0.837552,0.838689,0.838811,0.84091,0.842867,0.845213,0.843223,0.843131,0.844216,0.844872,0.844984,0.842751,0.84384,0.844322,0.847058,0.844257,0.843352,0.845605,0.846096,0.848261,0.848456,0.867881,0.883143,0.887164,0.889916,0.892912,0.899058,0.901854,0.904275,0.902522,0.902867,0.902008,0.899872,0.898675,0.895135,0.893808,0.887448,0.872082,0.86718,0.869035,0.865887,0.855934,0.852199,0.849161,0.850839,0.852735,0.853123,0.853314,0.853146,0.85273,0.851766,0.850854,0.845469,0.842165,0.840698,0.842355,0.843973,0.847498,0.848732,0.847036,0.844996,0.844258,0.843172,0.841849,0.841211,0.841198,0.841977,0.839931,0.839621,0.838608,0.838986,0.838346,0.83419,0.833229,0.833352,0.836234,0.839938,0.842667,0.845327,0.847913,0.846479,0.845665,0.847701,0.847719,0.851919,0.853473,0.85865,0.861518,0.862997,0.863564,0.863464,0.863567,0.873181,0.887621,0.891672,0.893837,0.891909,0.890479,0.894889,0.895642,0.899229,0.906229,0.910421,0.917926,0.924537,0.930678,0.92866,0.921784,0.904581,0.887623,0.877627,0.873062,0.875355,0.881917,0.878753,0.879934,0.881605,0.880181,0.888659,0.8894,0.884606,0.883412,0.883679,0.884621,0.886311,0.897913,0.907918,0.916984,0.919136,0.932385,0.939111,0.924839,0.920081,0.917742,0.91498,0.917875,0.920087,0.91563,0.910801,0.894689,0.881867,0.868819,0.854006,0.842209,0.835199,0.827901,0.815467,0.802347,0.791407,0.782663,0.781627,0.781367,0.782811,0.782804,0.781372,0.781075,0.777223,0.772984,0.768868,0.759603,0.751632,0.749368,0.746631,0.742281,0.739046,0.732643,0.725639,0.716356,0.705283,0.697621,0.687635,0.685589,0.680608,0.672056,0.664864,0.659931,0.661462,0.661797,0.658099,0.656041,0.656007,0.657865,0.662527,0.669711,0.669222,0.66955,0.662885,0.660489,0.665421,0.672588,0.673719,0.66837,0.666604,0.667299,0.667446,0.665185,0.661383,0.658016,0.654616,0.654241,0.656716,0.66016,0.66439,0.665682,0.669117,0.675222,0.679472,0.680483,0.686416,0.690105,0.690989,0.696751,0.696748,0.696547,0.696381,0.695111,0.697017,0.696358,0.694069,0.688872,0.687333,0.684571,0.683225,0.677793,0.674196,0.675669,0.671028,0.672092,0.671193,0.67418,0.677783,0.677622,0.677968,0.67654,0.677367,0.677393,0.67832,0.678338,0.676808,0.676805,0.673562,0.673579,0.671687,0.674601,0.675042,0.674677,0.670064,0.668011,0.665144,0.663094,0.660761,0.658998,0.657532,0.656471,0.655185,0.6568,0.65662,0.656019,0.652023,0.650241,0.646494,0.645142,0.646552,0.654638,0.656984,0.658494,0.659982,0.662095,0.668764,0.672319,0.672426,0.674143,0.676349,0.67787,0.680239,0.684656,0.689602,0.690293,0.687241,0.687565,0.686663,0.686319,0.683547,0.680639,0.679602,0.676685,0.675257,0.675661,0.675319,0.674577,0.671704,0.67142,0.670825,0.66999,0.667973,0.668526,0.667093,0.668097,0.668889,0.669201,0.67271,0.676398,0.676905,0.679547,0.681991,0.683404
CRW,Uganda,1.188582,0.011833719999999999,1.184541,1.178766,1.17485,1.174472,1.169117,1.16297,1.165839,1.160967,1.159522,1.160693,1.163169,1.154745,1.14572,1.138085,1.131199,1.120795,1.121588,1.112893,1.107198,1.103254,1.105185,1.10066,1.098156,1.09311,1.085644,1.079775,1.078178,1.075845,1.076044,1.075571,1.073067,1.068028,1.068037,1.068594,1.074973,1.076808,1.077716,1.07779,1.080058,1.082663,1.083217,1.088682,1.090202,1.083585,1.079516,1.077692,1.073243,1.070335,1.065905,1.060772,1.054582,1.047377,1.044867,1.046746,1.044566,1.040338,1.034964,1.029692,1.031082,1.032286,1.030236,1.028254,1.026829,1.025001,1.027399,1.031816,1.035795,1.032684,1.028014,1.027723,1.031277,1.038339,1.043244,1.047834,1.048276,1.052691,1.059569,1.067364,1.068943,1.069661,1.06904,1.072885,1.083341,1.085161,1.081752,1.087176,1.088168,1.092821,1.098708,1.103219,1.102316,1.092224,1.08706,1.08534,1.090633,1.118278,1.128844,1.128236,1.142401,1.157939,1.172791,1.18085,1.187583,1.192635,1.205004,1.215972,1.22228,1.229286,1.235825,1.241585,1.244121,1.238569,1.238116,1.229412,1.22823,1.217403,1.213366,1.215,1.2075,1.195884,1.181773,1.173048,1.164167,1.161023,1.167163,1.172049,1.17565,1.186018,1.20423,1.212264,1.213823,1.221639,1.225617,1.245253,1.242167,1.240646,1.245407,1.254769,1.263752,1.266233,1.263563,1.264944,1.27377,1.276775,1.284449,1.289445,1.300244,1.30687,1.300301,1.305175,1.30947,1.309158,1.31083,1.311998,1.314513,1.310422,1.30603,1.300118,1.29777,1.285075,1.280836,1.260023,1.244068,1.233686,1.214694,1.203518,1.190168,1.182669,1.172587,1.162517,1.155933,1.145738,1.136159,1.123336,1.116994,1.11076,1.117333,1.114839,1.110165,1.107616,1.103221,1.110504,1.103546,1.098997,1.094613,1.095027,1.100036,1.094254,1.088127,1.082515,1.073943,1.062295,1.056848,1.054228,1.053899,1.053351,1.037516,1.034348,1.028955,1.027602,1.019555,1.01751,1.014004,1.009509,1.003906,0.996217,0.991804,0.987648,0.982641,0.976898,0.978188,0.972728,0.96771,0.963472,0.954411,0.951073,0.94675,0.947524,0.947232,0.948327,0.947523,0.947396,0.946235,0.947158,0.947404,0.946422,0.946527,0.946699,0.946077,0.945989,0.944161,0.943706,0.942822,0.940475,0.940927,0.945793,0.946719,0.947017,0.944677,0.942748,0.940831,0.941609,0.940203,0.937779,0.93723,0.935726,0.933433,0.929705,0.929121,0.926591,0.922336,0.920364,0.918637,0.914353,0.913926,0.912094,0.909058,0.907736,0.907424,0.907459,0.90782,0.91091,0.910943,0.910931,0.910802,0.913085,0.914162,0.913666,0.918718,0.921277,0.924199,0.92757,0.931606,0.932367,0.934865,0.937274,0.93673,0.939999,0.944683,0.953811,0.959214,0.962765,0.968572,0.975804,0.979847,0.98316,0.985703,0.987457,0.992117,0.996413,1.010043,1.015629,1.02131,1.025726,1.024569,1.027023,1.029968,1.033295,1.036715,1.04282,1.045912,1.049839,1.056265,1.061431,1.063881,1.061308,1.065576,1.07221,1.077375,1.08371,1.087635,1.095799,1.104787,1.108802,1.124851,1.133096,1.140703,1.141294,1.15017,1.15695,1.164619,1.17229,1.17898,1.180388,1.18712,1.193363,1.198899,1.197506,1.199786,1.194572,1.199156,1.204564,1.21535,1.207577,1.209498,1.207384,1.209774,1.212021,1.217902,1.22852,1.22708,1.230644,1.23356,1.232933,1.228292,1.225701,1.221528,1.219492,1.230296,1.231822,1.227745,1.228375,1.230936,1.230045,1.216585,1.215766,1.209275,1.209919,1.20653,1.202303,1.194473,1.192483,1.193818,1.188582,1.183372,1.184541,1.178766,1.17485,1.174472,1.169117,1.16297,1.165839,1.160967,1.159522,1.160693,1.163169,1.154745,1.14572,1.138085,1.131199,1.120795,1.121588,1.112893,1.107198,1.103254,1.105185,1.10066,1.098156,1.09311,1.085644,1.079775,1.078178,1.075845,1.076044,1.075571,1.073067,1.068028,1.068037,1.068594,1.074973,1.076808,1.077716,1.07779,1.080058,1.082663,1.083217,1.088682,1.090202,1.083585,1.079516,1.077692,1.073243,1.070335,1.065905,1.060772,1.054582,1.047377,1.044867,1.046746,1.044566,1.040338,1.034964,1.029692,1.031082,1.032286,1.030236,1.028254,1.026829,1.025001,1.027399,1.031816,1.035795,1.032684,1.028014,1.027723,1.031277,1.038339,1.043244,1.047834,1.048276,1.052691,1.059569,1.067364,1.068943,1.069661,1.06904,1.072885,1.083341,1.085161,1.081752,1.087176,1.088168,1.092821,1.098708,1.103219,1.102316,1.092224,1.08706,1.08534,1.090633,1.118278,1.128844,1.128236,1.142401,1.157939,1.172791,1.18085,1.187583,1.192635,1.205004,1.215972,1.22228,1.229286,1.235825,1.241585,1.244121,1.238569,1.238116,1.229412,1.22823,1.217403,1.213366,1.215,1.2075,1.195884,1.181773,1.173048,1.164167,1.161023,1.167163,1.172049,1.17565,1.186018,1.20423,1.212264,1.213823,1.221639,1.225617,1.245253,1.242167,1.240646,1.245407,1.254769,1.263752,1.266233,1.263563,1.264944,1.27377,1.276775,1.284449,1.289445,1.300244,1.30687,1.300301,1.305175,1.30947,1.309158,1.31083,1.311998,1.314513,1.310422,1.30603,1.300118,1.29777,1.285075,1.280836,1.260023,1.244068,1.233686,1.214694,1.203518,1.190168,1.182669,1.172587,1.162517,1.155933,1.145738,1.136159,1.123336,1.116994,1.11076,1.117333,1.114839,1.110165,1.107616,1.103221,1.110504,1.103546,1.098997,1.094613,1.095027,1.100036,1.094254,1.088127,1.082515,1.073943,1.062295,1.056848,1.054228,1.053899,1.053351,1.037516,1.034348,1.028955,1.027602,1.019555,1.01751,1.014004,1.009509,1.003906,0.996217,0.991804,0.987648,0.982641,0.976898,0.978188,0.972728,0.96771,0.963472,0.954411,0.951073,0.94675,0.947524,0.947232,0.948327,0.947523,0.947396,0.946235,0.947158,0.947404,0.946422,0.946527,0.946699,0.946077,0.945989,0.944161,0.943706,0.942822,0.940475,0.940927,0.945793,0.946719,0.947017,0.944677,0.942748,0.940831,0.941609,0.940203,0.937779,0.93723,0.935726,0.933433,0.929705,0.929121,0.926591,0.922336,0.920364,0.918637,0.914353,0.913926,0.912094,0.909058,0.907736,0.907424,0.907459,0.90782,0.91091,0.910943,0.910931,0.910802,0.913085,0.914162,0.913666,0.918718,0.921277,0.924199,0.92757,0.931606,0.932367,0.934865,0.937274,0.93673,0.939999,0.944683,0.953811,0.959214,0.962765,0.968572,0.975804,0.979847,0.98316,0.985703,0.987457,0.992117,0.996413,1.010043,1.015629,1.02131,1.025726,1.024569,1.027023,1.029968,1.033295,1.036715,1.04282,1.045912,1.049839,1.056265,1.061431,1.063881,1.061308,1.065576,1.07221,1.077375,1.08371,1.087635,1.095799,1.104787,1.108802,1.124851,1.133096,1.140703,1.141294,1.15017,1.15695,1.164619,1.17229,1.17898,1.180388,1.18712,1.193363,1.198899,1.197506,1.199786,1.194572,1.199156,1.204564,1.21535,1.207577,1.209498,1.207384,1.209774,1.212021,1.217902,1.22852,1.22708,1.230644,1.23356,1.232933,1.228292,1.225701,1.221528,1.219492,1.230296,1.231822,1.227745,1.228375,1.230936,1.230045,1.216585,1.215766,1.209275,1.209919,1.20653,1.202303,1.194473,1.192483,1.193818
CRW,UK,0.940674,0.00942603,0.944131,0.947362,0.954824,0.958811,0.962735,0.966155,0.971642,0.975247,0.979025,0.976294,0.975208,0.972601,0.972722,0.973735,0.981213,0.98533,0.987892,0.986976,0.988905,0.989555,0.987235,0.988702,0.989711,0.989976,0.994159,1.001465,1.007973,1.011371,1.013267,1.00863,1.007125,1.00281,0.999864,0.995813,0.990178,0.990955,0.988152,0.98953,0.993878,0.997181,0.997688,0.998112,1.002025,1.005486,1.007208,1.01338,1.020061,1.027782,1.032381,1.039989,1.040324,1.041051,1.039925,1.03641,1.033211,1.03299,1.034097,1.029685,1.025523,1.021009,1.018543,1.016744,1.01323,1.013648,1.013626,1.017163,1.017536,1.016895,1.019558,1.021101,1.020502,1.017614,1.015095,1.016732,1.020568,1.022171,1.020675,1.02459,1.020945,1.022589,1.02367,1.024766,1.025263,1.025288,1.026752,1.027616,1.027138,1.028167,1.03025,1.030473,1.030081,1.029674,1.024852,1.022444,1.0201,1.016518,1.012426,1.009182,1.000825,0.994088,0.989756,0.989407,0.987119,0.985741,0.984152,0.983743,0.983326,0.986454,0.998176,0.999141,1.000623,1.001867,1.001799,1.002617,1.005112,1.010244,1.011055,1.012081,1.011478,1.011472,1.010666,1.00956,1.009282,1.005291,1.00201,0.999161,0.99624,0.995167,0.993855,0.990772,0.983799,0.981282,0.977153,0.972258,0.96801,0.964106,0.962204,0.959649,0.95539,0.952736,0.953026,0.952461,0.950395,0.948267,0.948531,0.948401,0.946784,0.945756,0.945664,0.946425,0.947599,0.946226,0.942554,0.938869,0.938054,0.93366,0.933736,0.935351,0.935028,0.934596,0.932154,0.93251,0.930813,0.93145,0.927247,0.920003,0.915181,0.911771,0.913581,0.912746,0.911624,0.909029,0.904724,0.900639,0.89895,0.897065,0.893834,0.892533,0.889012,0.888614,0.887728,0.886181,0.882117,0.874807,0.872518,0.869994,0.872992,0.871439,0.868757,0.865243,0.863273,0.864309,0.863379,0.864933,0.865065,0.867793,0.875217,0.87658,0.877554,0.87875,0.876348,0.876058,0.877153,0.877495,0.878369,0.875468,0.872144,0.865747,0.861955,0.859035,0.857576,0.851704,0.847836,0.845163,0.843049,0.841006,0.837835,0.836153,0.83531,0.833721,0.832933,0.834689,0.835056,0.837772,0.837106,0.835751,0.838152,0.841423,0.842613,0.849181,0.851597,0.851939,0.852683,0.852977,0.853409,0.854441,0.855109,0.853606,0.851303,0.851291,0.851718,0.85139,0.848918,0.847465,0.844456,0.842297,0.843447,0.840943,0.8401,0.839547,0.839473,0.839599,0.84135,0.843691,0.844031,0.841589,0.840403,0.838846,0.839991,0.833017,0.832412,0.83019,0.828941,0.828718,0.828808,0.829049,0.82856,0.827603,0.830509,0.835535,0.837767,0.838623,0.838462,0.837953,0.83803,0.837283,0.839976,0.842796,0.842897,0.843482,0.842829,0.843258,0.844115,0.843201,0.841936,0.841391,0.840435,0.839753,0.838919,0.840405,0.842154,0.841785,0.84117,0.841981,0.842971,0.842259,0.844164,0.844395,0.844151,0.844622,0.846827,0.849727,0.851971,0.85358,0.853119,0.854659,0.855089,0.854903,0.855592,0.853838,0.855449,0.853367,0.853283,0.855092,0.854565,0.856922,0.857785,0.859687,0.862039,0.863152,0.866119,0.865651,0.865158,0.865314,0.867147,0.869714,0.869321,0.869465,0.870007,0.873023,0.871859,0.871591,0.870394,0.872684,0.873437,0.879952,0.881544,0.882684,0.884972,0.885747,0.888656,0.891956,0.897899,0.900447,0.901586,0.901406,0.901239,0.906676,0.910453,0.912536,0.913907,0.91874,0.92189,0.925175,0.927658,0.929694,0.931474,0.930509,0.931363,0.934161,0.93606,0.941262,0.93745,0.940674,0.942603,0.944131,0.947362,0.954824,0.958811,0.962735,0.966155,0.971642,0.975247,0.979025,0.976294,0.975208,0.972601,0.972722,0.973735,0.981213,0.98533,0.987892,0.986976,0.988905,0.989555,0.987235,0.988702,0.989711,0.989976,0.994159,1.001465,1.007973,1.011371,1.013267,1.00863,1.007125,1.00281,0.999864,0.995813,0.990178,0.990955,0.988152,0.98953,0.993878,0.997181,0.997688,0.998112,1.002025,1.005486,1.007208,1.01338,1.020061,1.027782,1.032381,1.039989,1.040324,1.041051,1.039925,1.03641,1.033211,1.03299,1.034097,1.029685,1.025523,1.021009,1.018543,1.016744,1.01323,1.013648,1.013626,1.017163,1.017536,1.016895,1.019558,1.021101,1.020502,1.017614,1.015095,1.016732,1.020568,1.022171,1.020675,1.02459,1.020945,1.022589,1.02367,1.024766,1.025263,1.025288,1.026752,1.027616,1.027138,1.028167,1.03025,1.030473,1.030081,1.029674,1.024852,1.022444,1.0201,1.016518,1.012426,1.009182,1.000825,0.994088,0.989756,0.989407,0.987119,0.985741,0.984152,0.983743,0.983326,0.986454,0.998176,0.999141,1.000623,1.001867,1.001799,1.002617,1.005112,1.010244,1.011055,1.012081,1.011478,1.011472,1.010666,1.00956,1.009282,1.005291,1.00201,0.999161,0.99624,0.995167,0.993855,0.990772,0.983799,0.981282,0.977153,0.972258,0.96801,0.964106,0.962204,0.959649,0.95539,0.952736,0.953026,0.952461,0.950395,0.948267,0.948531,0.948401,0.946784,0.945756,0.945664,0.946425,0.947599,0.946226,0.942554,0.938869,0.938054,0.93366,0.933736,0.935351,0.935028,0.934596,0.932154,0.93251,0.930813,0.93145,0.927247,0.920003,0.915181,0.911771,0.913581,0.912746,0.911624,0.909029,0.904724,0.900639,0.89895,0.897065,0.893834,0.892533,0.889012,0.888614,0.887728,0.886181,0.882117,0.874807,0.872518,0.869994,0.872992,0.871439,0.868757,0.865243,0.863273,0.864309,0.863379,0.864933,0.865065,0.867793,0.875217,0.87658,0.877554,0.87875,0.876348,0.876058,0.877153,0.877495,0.878369,0.875468,0.872144,0.865747,0.861955,0.859035,0.857576,0.851704,0.847836,0.845163,0.843049,0.841006,0.837835,0.836153,0.83531,0.833721,0.832933,0.834689,0.835056,0.837772,0.837106,0.835751,0.838152,0.841423,0.842613,0.849181,0.851597,0.851939,0.852683,0.852977,0.853409,0.854441,0.855109,0.853606,0.851303,0.851291,0.851718,0.85139,0.848918,0.847465,0.844456,0.842297,0.843447,0.840943,0.8401,0.839547,0.839473,0.839599,0.84135,0.843691,0.844031,0.841589,0.840403,0.838846,0.839991,0.833017,0.832412,0.83019,0.828941,0.828718,0.828808,0.829049,0.82856,0.827603,0.830509,0.835535,0.837767,0.838623,0.838462,0.837953,0.83803,0.837283,0.839976,0.842796,0.842897,0.843482,0.842829,0.843258,0.844115,0.843201,0.841936,0.841391,0.840435,0.839753,0.838919,0.840405,0.842154,0.841785,0.84117,0.841981,0.842971,0.842259,0.844164,0.844395,0.844151,0.844622,0.846827,0.849727,0.851971,0.85358,0.853119,0.854659,0.855089,0.854903,0.855592,0.853838,0.855449,0.853367,0.853283,0.855092,0.854565,0.856922,0.857785,0.859687,0.862039,0.863152,0.866119,0.865651,0.865158,0.865314,0.867147,0.869714,0.869321,0.869465,0.870007,0.873023,0.871859,0.871591,0.870394,0.872684,0.873437,0.879952,0.881544,0.882684,0.884972,0.885747,0.888656,0.891956,0.897899,0.900447,0.901586,0.901406,0.901239,0.906676,0.910453,0.912536,0.913907,0.91874,0.92189,0.925175,0.927658,0.929694,0.931474,0.930509,0.931363,0.934161,0.93606,0.941262,0.93745
CRW,Ukraine,0.947928,0.00945773,0.945388,0.946736,0.942287,0.942589,0.94351,0.946059,0.951287,0.955954,0.961898,0.969909,0.975702,0.9805,0.985662,0.988305,0.987446,0.990121,0.99288,0.995121,0.997171,1.000376,1.003067,1.004516,1.005473,1.004786,1.002952,1.003484,1.004663,1.004471,1.013231,1.025816,1.035809,1.044464,1.051637,1.056585,1.058555,1.060213,1.070108,1.073529,1.075624,1.07914,1.08575,1.088386,1.091031,1.088259,1.082346,1.075448,1.069244,1.065898,1.063737,1.06407,1.065696,1.061656,1.061224,1.060614,1.05726,1.04768,1.043891,1.043042,1.040103,1.038235,1.038035,1.037154,1.037829,1.037426,1.037532,1.03594,1.038342,1.041698,1.045204,1.047892,1.050403,1.050068,1.046576,1.04543,1.047552,1.049839,1.053385,1.052554,1.051917,1.050978,1.049754,1.045556,1.039963,1.035374,1.031605,1.030333,1.032007,1.033123,1.035679,1.037125,1.038034,1.038558,1.03826,1.035926,1.031655,1.027257,1.025783,1.029924,1.029237,1.029258,1.025084,1.020567,1.019555,1.016782,1.019145,1.020359,1.019461,1.020004,1.021523,1.024651,1.026713,1.027191,1.025573,1.024911,1.023476,1.024607,1.026007,1.024269,1.019856,1.00971,1.002723,0.998481,0.994751,0.99579,0.989449,0.982073,0.974284,0.975143,0.97198,0.969363,0.968164,0.963885,0.960844,0.957587,0.954085,0.949285,0.944903,0.941131,0.929936,0.927441,0.926842,0.926274,0.923958,0.926768,0.929528,0.928841,0.929938,0.928924,0.92821,0.928473,0.936437,0.940484,0.945155,0.952147,0.955688,0.957399,0.957441,0.950013,0.943435,0.939621,0.934652,0.932609,0.931861,0.932737,0.931613,0.919048,0.912701,0.904669,0.896171,0.88863,0.885073,0.884512,0.885074,0.886469,0.892569,0.891862,0.890618,0.889637,0.889061,0.888738,0.88809,0.889423,0.891249,0.8939,0.895571,0.895395,0.893945,0.892618,0.892267,0.883147,0.884349,0.880049,0.878231,0.874899,0.87204,0.868643,0.862488,0.859639,0.856905,0.85649,0.856504,0.856505,0.853027,0.852728,0.851583,0.85327,0.852031,0.851532,0.851365,0.852339,0.852659,0.8524,0.851564,0.852924,0.852601,0.851542,0.850725,0.850958,0.850082,0.846969,0.844756,0.84413,0.843842,0.844791,0.845986,0.845942,0.847033,0.847447,0.846411,0.845267,0.845363,0.845081,0.844404,0.845114,0.845845,0.845771,0.845198,0.844428,0.840239,0.835437,0.833724,0.826885,0.825365,0.827921,0.834189,0.838372,0.841181,0.841471,0.840531,0.840358,0.840697,0.845446,0.846655,0.848369,0.84921,0.84943,0.850396,0.854087,0.853917,0.853346,0.852608,0.850995,0.851513,0.852767,0.853039,0.854548,0.85209,0.851765,0.851361,0.85154,0.852522,0.85228,0.848549,0.848664,0.847877,0.848314,0.848145,0.847014,0.84519,0.844827,0.842396,0.842605,0.842488,0.843437,0.850584,0.849892,0.850443,0.85046,0.851671,0.851758,0.852225,0.853913,0.855185,0.857206,0.858224,0.85963,0.860324,0.861316,0.860613,0.84853,0.848867,0.849376,0.850237,0.849232,0.849435,0.850368,0.8511,0.851933,0.851698,0.852968,0.85514,0.856612,0.853119,0.853279,0.855881,0.856528,0.857621,0.857607,0.857883,0.858725,0.860094,0.861379,0.864749,0.867915,0.868278,0.869006,0.869963,0.873079,0.874984,0.877601,0.880624,0.882631,0.887341,0.890516,0.894408,0.897282,0.900696,0.907275,0.907443,0.90889,0.913594,0.914014,0.914436,0.915912,0.918069,0.919139,0.926709,0.926069,0.928964,0.932257,0.933086,0.931779,0.932541,0.935948,0.938719,0.941274,0.945729,0.950105,0.953218,0.955061,0.957856,0.950304,0.951357,0.947928,0.945773,0.945388,0.946736,0.942287,0.942589,0.94351,0.946059,0.951287,0.955954,0.961898,0.969909,0.975702,0.9805,0.985662,0.988305,0.987446,0.990121,0.99288,0.995121,0.997171,1.000376,1.003067,1.004516,1.005473,1.004786,1.002952,1.003484,1.004663,1.004471,1.013231,1.025816,1.035809,1.044464,1.051637,1.056585,1.058555,1.060213,1.070108,1.073529,1.075624,1.07914,1.08575,1.088386,1.091031,1.088259,1.082346,1.075448,1.069244,1.065898,1.063737,1.06407,1.065696,1.061656,1.061224,1.060614,1.05726,1.04768,1.043891,1.043042,1.040103,1.038235,1.038035,1.037154,1.037829,1.037426,1.037532,1.03594,1.038342,1.041698,1.045204,1.047892,1.050403,1.050068,1.046576,1.04543,1.047552,1.049839,1.053385,1.052554,1.051917,1.050978,1.049754,1.045556,1.039963,1.035374,1.031605,1.030333,1.032007,1.033123,1.035679,1.037125,1.038034,1.038558,1.03826,1.035926,1.031655,1.027257,1.025783,1.029924,1.029237,1.029258,1.025084,1.020567,1.019555,1.016782,1.019145,1.020359,1.019461,1.020004,1.021523,1.024651,1.026713,1.027191,1.025573,1.024911,1.023476,1.024607,1.026007,1.024269,1.019856,1.00971,1.002723,0.998481,0.994751,0.99579,0.989449,0.982073,0.974284,0.975143,0.97198,0.969363,0.968164,0.963885,0.960844,0.957587,0.954085,0.949285,0.944903,0.941131,0.929936,0.927441,0.926842,0.926274,0.923958,0.926768,0.929528,0.928841,0.929938,0.928924,0.92821,0.928473,0.936437,0.940484,0.945155,0.952147,0.955688,0.957399,0.957441,0.950013,0.943435,0.939621,0.934652,0.932609,0.931861,0.932737,0.931613,0.919048,0.912701,0.904669,0.896171,0.88863,0.885073,0.884512,0.885074,0.886469,0.892569,0.891862,0.890618,0.889637,0.889061,0.888738,0.88809,0.889423,0.891249,0.8939,0.895571,0.895395,0.893945,0.892618,0.892267,0.883147,0.884349,0.880049,0.878231,0.874899,0.87204,0.868643,0.862488,0.859639,0.856905,0.85649,0.856504,0.856505,0.853027,0.852728,0.851583,0.85327,0.852031,0.851532,0.851365,0.852339,0.852659,0.8524,0.851564,0.852924,0.852601,0.851542,0.850725,0.850958,0.850082,0.846969,0.844756,0.84413,0.843842,0.844791,0.845986,0.845942,0.847033,0.847447,0.846411,0.845267,0.845363,0.845081,0.844404,0.845114,0.845845,0.845771,0.845198,0.844428,0.840239,0.835437,0.833724,0.826885,0.825365,0.827921,0.834189,0.838372,0.841181,0.841471,0.840531,0.840358,0.840697,0.845446,0.846655,0.848369,0.84921,0.84943,0.850396,0.854087,0.853917,0.853346,0.852608,0.850995,0.851513,0.852767,0.853039,0.854548,0.85209,0.851765,0.851361,0.85154,0.852522,0.85228,0.848549,0.848664,0.847877,0.848314,0.848145,0.847014,0.84519,0.844827,0.842396,0.842605,0.842488,0.843437,0.850584,0.849892,0.850443,0.85046,0.851671,0.851758,0.852225,0.853913,0.855185,0.857206,0.858224,0.85963,0.860324,0.861316,0.860613,0.84853,0.848867,0.849376,0.850237,0.849232,0.849435,0.850368,0.8511,0.851933,0.851698,0.852968,0.85514,0.856612,0.853119,0.853279,0.855881,0.856528,0.857621,0.857607,0.857883,0.858725,0.860094,0.861379,0.864749,0.867915,0.868278,0.869006,0.869963,0.873079,0.874984,0.877601,0.880624,0.882631,0.887341,0.890516,0.894408,0.897282,0.900696,0.907275,0.907443,0.90889,0.913594,0.914014,0.914436,0.915912,0.918069,0.919139,0.926709,0.926069,0.928964,0.932257,0.933086,0.931779,0.932541,0.935948,0.938719,0.941274,0.945729,0.950105,0.953218,0.955061,0.957856,0.950304,0.951357
CRW,Uruguay,0.918721,0.00919825,0.918356,0.911562,0.909938,0.885743,0.890121,0.888259,0.887263,0.889607,0.888364,0.913655,0.913058,0.926918,0.928527,0.929972,0.933783,0.938668,0.938599,0.939956,0.946279,0.948174,0.958845,0.965535,0.966851,0.969163,0.95448,0.96056,0.939227,0.944777,0.952866,0.968056,0.976225,0.989326,1.008329,1.016035,1.015991,1.009408,1.00961,1.011513,1.010883,1.015247,1.00982,1.008184,1.003805,0.997394,0.983338,0.978479,0.977513,0.96425,0.962415,0.971591,0.977352,0.980921,1.009207,1.003424,1.005668,1.008408,1.015244,1.026029,1.028158,1.028926,1.031477,1.031524,1.034561,1.022096,1.042903,1.061275,1.087268,1.091866,1.110109,1.11512,1.121558,1.125723,1.128589,1.141589,1.149831,1.149561,1.151007,1.152857,1.151517,1.137579,1.120626,1.080175,1.062226,1.079523,1.076101,1.071183,1.07086,1.070464,1.0675,1.065645,1.067664,1.072023,1.06032,1.051949,1.049761,1.046007,1.033634,1.026426,0.986619,0.982676,0.979765,0.977238,0.975709,0.973224,0.977905,0.979364,0.967878,0.979635,0.991771,0.989854,0.988682,0.984938,0.980922,0.973298,0.964584,0.947509,0.939361,0.943672,0.949622,0.937377,0.924338,0.915368,0.909639,0.901394,0.892668,0.885742,0.881937,0.875258,0.872633,0.871835,0.869931,0.86308,0.857668,0.857005,0.854276,0.847886,0.844448,0.840103,0.839346,0.852584,0.850776,0.850083,0.850964,0.849341,0.846638,0.845164,0.848172,0.846024,0.840303,0.837606,0.836634,0.836098,0.835361,0.832232,0.823694,0.824069,0.819823,0.817804,0.814681,0.813527,0.810529,0.801732,0.798936,0.804799,0.80592,0.804625,0.803802,0.804439,0.805213,0.805818,0.80728,0.808008,0.807973,0.80913,0.81053,0.812426,0.813543,0.812314,0.804781,0.802361,0.802034,0.801984,0.802732,0.804902,0.808005,0.826573,0.832672,0.831391,0.831874,0.83403,0.836273,0.838351,0.839874,0.842591,0.859414,0.862135,0.864497,0.866122,0.870596,0.867046,0.869201,0.873981,0.879674,0.880914,0.881974,0.883104,0.885764,0.888951,0.881224,0.887168,0.889155,0.890966,0.891358,0.884971,0.885392,0.884136,0.883936,0.883431,0.884366,0.885101,0.886606,0.886921,0.879997,0.879586,0.865284,0.864066,0.874711,0.878431,0.881444,0.882868,0.890675,0.899593,0.905493,0.903615,0.90867,0.916397,0.916739,0.916835,0.916453,0.91505,0.91611,0.913467,0.908497,0.904422,0.911096,0.911213,0.91236,0.911508,0.910594,0.906745,0.90087,0.902025,0.90311,0.906939,0.913949,0.917034,0.919903,0.922766,0.935762,0.94969,0.957623,0.970055,0.967376,0.970798,0.973779,0.971687,0.970828,0.965387,0.95676,0.94321,0.942047,0.950693,0.952019,0.95642,0.960468,0.967108,0.961937,0.964338,0.962195,0.957001,0.950958,0.946095,0.94797,0.946913,0.948274,0.947356,0.936091,0.932666,0.931779,0.94131,0.927197,0.925065,0.923082,0.925135,0.928263,0.929228,0.934045,0.941634,0.941389,0.940106,0.940848,0.9435,0.946174,0.945731,0.930925,0.928274,0.925938,0.934365,0.927541,0.923096,0.920916,0.922963,0.900606,0.898721,0.897497,0.896677,0.896314,0.895476,0.891523,0.887866,0.925739,0.926765,0.915392,0.91478,0.915825,0.914894,0.911907,0.911738,0.909344,0.90533,0.900608,0.898282,0.89791,0.899373,0.901006,0.862428,0.86346,0.867094,0.863297,0.861971,0.860293,0.858004,0.89692,0.896668,0.899736,0.903947,0.904122,0.905539,0.903955,0.90245,0.904891,0.911332,0.910481,0.917705,0.918988,0.923842,0.928945,0.916677,0.918421,0.91672,0.915745,0.917864,0.916424,0.918721,0.919825,0.918356,0.911562,0.909938,0.885743,0.890121,0.888259,0.887263,0.889607,0.888364,0.913655,0.913058,0.926918,0.928527,0.929972,0.933783,0.938668,0.938599,0.939956,0.946279,0.948174,0.958845,0.965535,0.966851,0.969163,0.95448,0.96056,0.939227,0.944777,0.952866,0.968056,0.976225,0.989326,1.008329,1.016035,1.015991,1.009408,1.00961,1.011513,1.010883,1.015247,1.00982,1.008184,1.003805,0.997394,0.983338,0.978479,0.977513,0.96425,0.962415,0.971591,0.977352,0.980921,1.009207,1.003424,1.005668,1.008408,1.015244,1.026029,1.028158,1.028926,1.031477,1.031524,1.034561,1.022096,1.042903,1.061275,1.087268,1.091866,1.110109,1.11512,1.121558,1.125723,1.128589,1.141589,1.149831,1.149561,1.151007,1.152857,1.151517,1.137579,1.120626,1.080175,1.062226,1.079523,1.076101,1.071183,1.07086,1.070464,1.0675,1.065645,1.067664,1.072023,1.06032,1.051949,1.049761,1.046007,1.033634,1.026426,0.986619,0.982676,0.979765,0.977238,0.975709,0.973224,0.977905,0.979364,0.967878,0.979635,0.991771,0.989854,0.988682,0.984938,0.980922,0.973298,0.964584,0.947509,0.939361,0.943672,0.949622,0.937377,0.924338,0.915368,0.909639,0.901394,0.892668,0.885742,0.881937,0.875258,0.872633,0.871835,0.869931,0.86308,0.857668,0.857005,0.854276,0.847886,0.844448,0.840103,0.839346,0.852584,0.850776,0.850083,0.850964,0.849341,0.846638,0.845164,0.848172,0.846024,0.840303,0.837606,0.836634,0.836098,0.835361,0.832232,0.823694,0.824069,0.819823,0.817804,0.814681,0.813527,0.810529,0.801732,0.798936,0.804799,0.80592,0.804625,0.803802,0.804439,0.805213,0.805818,0.80728,0.808008,0.807973,0.80913,0.81053,0.812426,0.813543,0.812314,0.804781,0.802361,0.802034,0.801984,0.802732,0.804902,0.808005,0.826573,0.832672,0.831391,0.831874,0.83403,0.836273,0.838351,0.839874,0.842591,0.859414,0.862135,0.864497,0.866122,0.870596,0.867046,0.869201,0.873981,0.879674,0.880914,0.881974,0.883104,0.885764,0.888951,0.881224,0.887168,0.889155,0.890966,0.891358,0.884971,0.885392,0.884136,0.883936,0.883431,0.884366,0.885101,0.886606,0.886921,0.879997,0.879586,0.865284,0.864066,0.874711,0.878431,0.881444,0.882868,0.890675,0.899593,0.905493,0.903615,0.90867,0.916397,0.916739,0.916835,0.916453,0.91505,0.91611,0.913467,0.908497,0.904422,0.911096,0.911213,0.91236,0.911508,0.910594,0.906745,0.90087,0.902025,0.90311,0.906939,0.913949,0.917034,0.919903,0.922766,0.935762,0.94969,0.957623,0.970055,0.967376,0.970798,0.973779,0.971687,0.970828,0.965387,0.95676,0.94321,0.942047,0.950693,0.952019,0.95642,0.960468,0.967108,0.961937,0.964338,0.962195,0.957001,0.950958,0.946095,0.94797,0.946913,0.948274,0.947356,0.936091,0.932666,0.931779,0.94131,0.927197,0.925065,0.923082,0.925135,0.928263,0.929228,0.934045,0.941634,0.941389,0.940106,0.940848,0.9435,0.946174,0.945731,0.930925,0.928274,0.925938,0.934365,0.927541,0.923096,0.920916,0.922963,0.900606,0.898721,0.897497,0.896677,0.896314,0.895476,0.891523,0.887866,0.925739,0.926765,0.915392,0.91478,0.915825,0.914894,0.911907,0.911738,0.909344,0.90533,0.900608,0.898282,0.89791,0.899373,0.901006,0.862428,0.86346,0.867094,0.863297,0.861971,0.860293,0.858004,0.89692,0.896668,0.899736,0.903947,0.904122,0.905539,0.903955,0.90245,0.904891,0.911332,0.910481,0.917705,0.918988,0.923842,0.928945,0.916677,0.918421,0.91672,0.915745,0.917864,0.916424
CRW,USA,0.867855,0.008693610000000001,0.871209,0.872644,0.872477,0.87482,0.875731,0.877474,0.880145,0.882813,0.885674,0.888168,0.890492,0.89272,0.894419,0.897426,0.901274,0.905207,0.907511,0.909591,0.911915,0.919998,0.926485,0.929125,0.928284,0.929332,0.931979,0.932266,0.932666,0.935505,0.937594,0.937175,0.937161,0.939189,0.939328,0.939172,0.936359,0.936614,0.936577,0.936735,0.939735,0.942239,0.945273,0.948072,0.94928,0.950559,0.952217,0.953038,0.954454,0.959596,0.964069,0.967723,0.968296,0.967519,0.966675,0.966279,0.968496,0.972358,0.976746,0.980912,0.982538,0.984243,0.984971,0.98245,0.97909,0.976166,0.972662,0.972789,0.97463,0.977127,0.976402,0.97252,0.967824,0.96232,0.958831,0.958038,0.956797,0.957044,0.960258,0.96355,0.963872,0.967662,0.968665,0.966517,0.963019,0.959874,0.962524,0.967349,0.971818,0.973734,0.975085,0.976933,0.977171,0.97475,0.972132,0.972592,0.967236,0.963623,0.962681,0.962657,0.963118,0.959396,0.953701,0.947914,0.943482,0.939811,0.936697,0.933764,0.93207,0.930296,0.929591,0.930283,0.930046,0.928894,0.92879,0.930627,0.931911,0.930735,0.929738,0.929664,0.929645,0.930314,0.931216,0.930827,0.928884,0.924671,0.921552,0.920816,0.921893,0.919781,0.916432,0.912713,0.911391,0.909431,0.907594,0.905461,0.902356,0.900322,0.898075,0.898274,0.898791,0.897703,0.895135,0.892813,0.892168,0.891263,0.891545,0.890573,0.890936,0.892124,0.891666,0.891507,0.890996,0.891549,0.890004,0.889004,0.888453,0.887567,0.886255,0.884845,0.883648,0.881407,0.884082,0.885228,0.884667,0.884809,0.883527,0.880346,0.877846,0.877336,0.877292,0.878445,0.880402,0.880053,0.880999,0.88283,0.885609,0.884999,0.884255,0.883707,0.884024,0.884633,0.884769,0.885203,0.885449,0.885233,0.884469,0.883926,0.884425,0.884569,0.885506,0.884878,0.88404,0.883287,0.881775,0.878476,0.877938,0.877726,0.878342,0.879949,0.882247,0.882597,0.882718,0.881701,0.879734,0.878932,0.87878,0.87943,0.880837,0.883604,0.883981,0.886526,0.887689,0.887763,0.887281,0.885024,0.883679,0.880312,0.878596,0.877361,0.875789,0.872543,0.869942,0.867529,0.864278,0.862901,0.862131,0.860622,0.859532,0.859458,0.860255,0.860623,0.860545,0.860467,0.860282,0.861144,0.863611,0.863971,0.863662,0.862806,0.861187,0.857936,0.856722,0.855255,0.854217,0.852538,0.849547,0.84834,0.846788,0.844826,0.842937,0.840756,0.84034,0.840316,0.839701,0.839005,0.839238,0.838098,0.837486,0.836394,0.835072,0.833776,0.834105,0.833735,0.833906,0.833035,0.832029,0.831058,0.830162,0.829926,0.828579,0.826533,0.824966,0.825027,0.827152,0.828316,0.830205,0.831354,0.833323,0.833665,0.83481,0.835089,0.835797,0.835479,0.835467,0.835927,0.836434,0.836199,0.833808,0.828549,0.825127,0.82116,0.818788,0.816885,0.814949,0.812177,0.809788,0.807336,0.80556,0.804254,0.802264,0.80024,0.798327,0.797264,0.796237,0.797845,0.800629,0.802792,0.805115,0.806322,0.807568,0.809471,0.810099,0.811324,0.811595,0.812335,0.812132,0.812273,0.811937,0.811227,0.8092,0.807972,0.806501,0.805903,0.806057,0.805567,0.80568,0.804854,0.804808,0.805743,0.804709,0.806805,0.808502,0.810315,0.812068,0.814273,0.816382,0.817104,0.816187,0.815647,0.815493,0.816334,0.81734,0.818007,0.817483,0.817862,0.817497,0.817131,0.81788,0.81893,0.822528,0.825572,0.829373,0.833209,0.839713,0.843682,0.845736,0.847182,0.849393,0.855495,0.859689,0.862459,0.864739,0.865888,0.867505,0.867855,0.869361,0.871209,0.872644,0.872477,0.87482,0.875731,0.877474,0.880145,0.882813,0.885674,0.888168,0.890492,0.89272,0.894419,0.897426,0.901274,0.905207,0.907511,0.909591,0.911915,0.919998,0.926485,0.929125,0.928284,0.929332,0.931979,0.932266,0.932666,0.935505,0.937594,0.937175,0.937161,0.939189,0.939328,0.939172,0.936359,0.936614,0.936577,0.936735,0.939735,0.942239,0.945273,0.948072,0.94928,0.950559,0.952217,0.953038,0.954454,0.959596,0.964069,0.967723,0.968296,0.967519,0.966675,0.966279,0.968496,0.972358,0.976746,0.980912,0.982538,0.984243,0.984971,0.98245,0.97909,0.976166,0.972662,0.972789,0.97463,0.977127,0.976402,0.97252,0.967824,0.96232,0.958831,0.958038,0.956797,0.957044,0.960258,0.96355,0.963872,0.967662,0.968665,0.966517,0.963019,0.959874,0.962524,0.967349,0.971818,0.973734,0.975085,0.976933,0.977171,0.97475,0.972132,0.972592,0.967236,0.963623,0.962681,0.962657,0.963118,0.959396,0.953701,0.947914,0.943482,0.939811,0.936697,0.933764,0.93207,0.930296,0.929591,0.930283,0.930046,0.928894,0.92879,0.930627,0.931911,0.930735,0.929738,0.929664,0.929645,0.930314,0.931216,0.930827,0.928884,0.924671,0.921552,0.920816,0.921893,0.919781,0.916432,0.912713,0.911391,0.909431,0.907594,0.905461,0.902356,0.900322,0.898075,0.898274,0.898791,0.897703,0.895135,0.892813,0.892168,0.891263,0.891545,0.890573,0.890936,0.892124,0.891666,0.891507,0.890996,0.891549,0.890004,0.889004,0.888453,0.887567,0.886255,0.884845,0.883648,0.881407,0.884082,0.885228,0.884667,0.884809,0.883527,0.880346,0.877846,0.877336,0.877292,0.878445,0.880402,0.880053,0.880999,0.88283,0.885609,0.884999,0.884255,0.883707,0.884024,0.884633,0.884769,0.885203,0.885449,0.885233,0.884469,0.883926,0.884425,0.884569,0.885506,0.884878,0.88404,0.883287,0.881775,0.878476,0.877938,0.877726,0.878342,0.879949,0.882247,0.882597,0.882718,0.881701,0.879734,0.878932,0.87878,0.87943,0.880837,0.883604,0.883981,0.886526,0.887689,0.887763,0.887281,0.885024,0.883679,0.880312,0.878596,0.877361,0.875789,0.872543,0.869942,0.867529,0.864278,0.862901,0.862131,0.860622,0.859532,0.859458,0.860255,0.860623,0.860545,0.860467,0.860282,0.861144,0.863611,0.863971,0.863662,0.862806,0.861187,0.857936,0.856722,0.855255,0.854217,0.852538,0.849547,0.84834,0.846788,0.844826,0.842937,0.840756,0.84034,0.840316,0.839701,0.839005,0.839238,0.838098,0.837486,0.836394,0.835072,0.833776,0.834105,0.833735,0.833906,0.833035,0.832029,0.831058,0.830162,0.829926,0.828579,0.826533,0.824966,0.825027,0.827152,0.828316,0.830205,0.831354,0.833323,0.833665,0.83481,0.835089,0.835797,0.835479,0.835467,0.835927,0.836434,0.836199,0.833808,0.828549,0.825127,0.82116,0.818788,0.816885,0.814949,0.812177,0.809788,0.807336,0.80556,0.804254,0.802264,0.80024,0.798327,0.797264,0.796237,0.797845,0.800629,0.802792,0.805115,0.806322,0.807568,0.809471,0.810099,0.811324,0.811595,0.812335,0.812132,0.812273,0.811937,0.811227,0.8092,0.807972,0.806501,0.805903,0.806057,0.805567,0.80568,0.804854,0.804808,0.805743,0.804709,0.806805,0.808502,0.810315,0.812068,0.814273,0.816382,0.817104,0.816187,0.815647,0.815493,0.816334,0.81734,0.818007,0.817483,0.817862,0.817497,0.817131,0.81788,0.81893,0.822528,0.825572,0.829373,0.833209,0.839713,0.843682,0.845736,0.847182,0.849393,0.855495,0.859689,0.862459,0.864739,0.865888,0.867505
CRW,Uzbekistan,0.857876,0.00860302,0.864222,0.868553,0.872448,0.875592,0.878892,0.880169,0.884925,0.891072,0.892529,0.892576,0.896249,0.90815,0.912937,0.916857,0.920749,0.922811,0.924795,0.928138,0.931287,0.933657,0.936391,0.93741,0.9365,0.939957,0.945061,0.947484,0.936404,0.935803,0.94218,0.950712,0.952271,0.963347,0.966294,0.970893,0.976031,0.981789,0.988055,0.994937,0.996642,0.998282,0.998608,0.999735,1.001274,1.004679,1.001489,1.003057,0.995171,0.993431,0.98875,0.98694,0.98579,0.983523,0.982382,0.987368,0.990583,0.997382,0.997521,0.998491,0.997369,1.000026,1.000361,1.003249,1.007057,1.012311,1.012334,1.01048,1.00872,1.007587,1.003735,0.999275,0.990057,0.99164,0.990281,0.985048,0.986101,0.985754,0.987487,0.984731,0.981226,0.980816,0.982478,0.982863,0.983816,0.984274,0.988511,0.993372,0.995625,0.995427,0.994125,0.990746,0.994099,0.99216,0.993548,0.995343,0.997715,0.998227,0.995868,0.995583,0.994341,0.990559,0.985429,0.981336,0.983436,0.982788,0.981246,0.975213,0.972171,0.965907,0.963887,0.967717,0.962221,0.964074,0.961668,0.959132,0.961593,0.963975,0.964812,0.967575,0.970552,0.969528,0.967065,0.964856,0.964779,0.962878,0.957571,0.955865,0.956654,0.9527,0.947924,0.938053,0.929666,0.921657,0.912336,0.909269,0.907358,0.909152,0.907867,0.905433,0.900628,0.898308,0.897014,0.883614,0.882871,0.883542,0.884075,0.8856,0.886907,0.883909,0.872476,0.873992,0.869613,0.865204,0.862136,0.861541,0.860306,0.86118,0.858222,0.8565,0.853965,0.855878,0.85625,0.855773,0.857787,0.86052,0.863091,0.862678,0.863087,0.861229,0.861228,0.860641,0.859272,0.860068,0.859929,0.859314,0.857375,0.859036,0.857345,0.856547,0.857708,0.853937,0.858768,0.859353,0.860476,0.870199,0.873801,0.876206,0.877356,0.877148,0.878268,0.880322,0.879846,0.881373,0.882939,0.884201,0.88744,0.885081,0.887075,0.868233,0.856709,0.854317,0.853833,0.854683,0.854745,0.854109,0.854766,0.859825,0.871849,0.869859,0.868571,0.870116,0.870048,0.868753,0.869884,0.87012,0.871003,0.871569,0.872801,0.873402,0.874305,0.875121,0.875354,0.865002,0.864989,0.862975,0.861036,0.865297,0.865521,0.864917,0.865509,0.865155,0.863415,0.862637,0.861428,0.860437,0.858456,0.856433,0.85686,0.856325,0.856474,0.855418,0.847005,0.848291,0.840604,0.829707,0.812891,0.794167,0.781991,0.775526,0.77654,0.76906,0.758613,0.749359,0.755894,0.75271,0.750931,0.747098,0.738577,0.731975,0.73009,0.725371,0.720294,0.713848,0.70929,0.700999,0.699131,0.698852,0.694441,0.678635,0.669332,0.665668,0.662758,0.66216,0.665117,0.667827,0.672438,0.68156,0.692633,0.696361,0.694832,0.695232,0.696818,0.697315,0.694727,0.696984,0.697816,0.699648,0.700204,0.696368,0.694525,0.698425,0.701746,0.696515,0.700754,0.711601,0.722861,0.735534,0.749359,0.765983,0.780981,0.791041,0.803495,0.813524,0.823913,0.832319,0.833578,0.826842,0.831173,0.832563,0.830842,0.824225,0.819476,0.822725,0.827061,0.830581,0.832612,0.835031,0.842319,0.842364,0.841988,0.841499,0.848159,0.848536,0.848313,0.847637,0.847998,0.84909,0.84835,0.847956,0.847843,0.848109,0.848016,0.847425,0.846885,0.845452,0.84516,0.837766,0.835996,0.834325,0.833818,0.827306,0.825237,0.832604,0.837986,0.836666,0.836527,0.83878,0.842643,0.843359,0.844494,0.845047,0.846032,0.846292,0.848718,0.850439,0.852085,0.853733,0.85312,0.851121,0.85309,0.855674,0.85479,0.852836,0.854695,0.857876,0.860302,0.864222,0.868553,0.872448,0.875592,0.878892,0.880169,0.884925,0.891072,0.892529,0.892576,0.896249,0.90815,0.912937,0.916857,0.920749,0.922811,0.924795,0.928138,0.931287,0.933657,0.936391,0.93741,0.9365,0.939957,0.945061,0.947484,0.936404,0.935803,0.94218,0.950712,0.952271,0.963347,0.966294,0.970893,0.976031,0.981789,0.988055,0.994937,0.996642,0.998282,0.998608,0.999735,1.001274,1.004679,1.001489,1.003057,0.995171,0.993431,0.98875,0.98694,0.98579,0.983523,0.982382,0.987368,0.990583,0.997382,0.997521,0.998491,0.997369,1.000026,1.000361,1.003249,1.007057,1.012311,1.012334,1.01048,1.00872,1.007587,1.003735,0.999275,0.990057,0.99164,0.990281,0.985048,0.986101,0.985754,0.987487,0.984731,0.981226,0.980816,0.982478,0.982863,0.983816,0.984274,0.988511,0.993372,0.995625,0.995427,0.994125,0.990746,0.994099,0.99216,0.993548,0.995343,0.997715,0.998227,0.995868,0.995583,0.994341,0.990559,0.985429,0.981336,0.983436,0.982788,0.981246,0.975213,0.972171,0.965907,0.963887,0.967717,0.962221,0.964074,0.961668,0.959132,0.961593,0.963975,0.964812,0.967575,0.970552,0.969528,0.967065,0.964856,0.964779,0.962878,0.957571,0.955865,0.956654,0.9527,0.947924,0.938053,0.929666,0.921657,0.912336,0.909269,0.907358,0.909152,0.907867,0.905433,0.900628,0.898308,0.897014,0.883614,0.882871,0.883542,0.884075,0.8856,0.886907,0.883909,0.872476,0.873992,0.869613,0.865204,0.862136,0.861541,0.860306,0.86118,0.858222,0.8565,0.853965,0.855878,0.85625,0.855773,0.857787,0.86052,0.863091,0.862678,0.863087,0.861229,0.861228,0.860641,0.859272,0.860068,0.859929,0.859314,0.857375,0.859036,0.857345,0.856547,0.857708,0.853937,0.858768,0.859353,0.860476,0.870199,0.873801,0.876206,0.877356,0.877148,0.878268,0.880322,0.879846,0.881373,0.882939,0.884201,0.88744,0.885081,0.887075,0.868233,0.856709,0.854317,0.853833,0.854683,0.854745,0.854109,0.854766,0.859825,0.871849,0.869859,0.868571,0.870116,0.870048,0.868753,0.869884,0.87012,0.871003,0.871569,0.872801,0.873402,0.874305,0.875121,0.875354,0.865002,0.864989,0.862975,0.861036,0.865297,0.865521,0.864917,0.865509,0.865155,0.863415,0.862637,0.861428,0.860437,0.858456,0.856433,0.85686,0.856325,0.856474,0.855418,0.847005,0.848291,0.840604,0.829707,0.812891,0.794167,0.781991,0.775526,0.77654,0.76906,0.758613,0.749359,0.755894,0.75271,0.750931,0.747098,0.738577,0.731975,0.73009,0.725371,0.720294,0.713848,0.70929,0.700999,0.699131,0.698852,0.694441,0.678635,0.669332,0.665668,0.662758,0.66216,0.665117,0.667827,0.672438,0.68156,0.692633,0.696361,0.694832,0.695232,0.696818,0.697315,0.694727,0.696984,0.697816,0.699648,0.700204,0.696368,0.694525,0.698425,0.701746,0.696515,0.700754,0.711601,0.722861,0.735534,0.749359,0.765983,0.780981,0.791041,0.803495,0.813524,0.823913,0.832319,0.833578,0.826842,0.831173,0.832563,0.830842,0.824225,0.819476,0.822725,0.827061,0.830581,0.832612,0.835031,0.842319,0.842364,0.841988,0.841499,0.848159,0.848536,0.848313,0.847637,0.847998,0.84909,0.84835,0.847956,0.847843,0.848109,0.848016,0.847425,0.846885,0.845452,0.84516,0.837766,0.835996,0.834325,0.833818,0.827306,0.825237,0.832604,0.837986,0.836666,0.836527,0.83878,0.842643,0.843359,0.844494,0.845047,0.846032,0.846292,0.848718,0.850439,0.852085,0.853733,0.85312,0.851121,0.85309,0.855674,0.85479,0.852836,0.854695
CRW,Venezuela,1.012591,0.01008054,1.001857,0.992739,0.985576,0.982583,0.980506,0.978311,0.973616,0.968561,0.963491,0.958344,0.953997,0.954219,0.95078,0.946529,0.943882,0.940088,0.938276,0.938248,0.936639,0.935393,0.932076,0.93128,0.928429,0.924884,0.923027,0.91926,0.914829,0.911314,0.910664,0.9075,0.905936,0.904656,0.902585,0.900404,0.898329,0.895126,0.89106,0.891237,0.891895,0.889457,0.887394,0.884471,0.882531,0.880024,0.876108,0.871512,0.872949,0.870862,0.868192,0.866582,0.869641,0.868818,0.866102,0.865697,0.865972,0.864565,0.866301,0.867701,0.866588,0.865658,0.863634,0.862183,0.861759,0.859576,0.854808,0.851167,0.84984,0.850451,0.84519,0.842568,0.846616,0.848492,0.845767,0.848609,0.851864,0.853821,0.854064,0.855252,0.85722,0.855774,0.853794,0.854851,0.850838,0.845783,0.852314,0.854896,0.857449,0.859629,0.863454,0.866778,0.870094,0.873078,0.877623,0.879816,0.884023,0.890075,0.896373,0.901888,0.906088,0.906949,0.908468,0.907584,0.912978,0.920608,0.92712,0.928159,0.931237,0.930872,0.936542,0.937528,0.935681,0.9346,0.935417,0.938074,0.938396,0.944284,0.948277,0.952432,0.954443,0.957639,0.961323,0.964697,0.96548,0.970703,0.975578,0.980528,0.986711,0.990892,0.993254,0.99975,1.002581,1.008339,1.010808,1.016924,1.020729,1.026116,1.034962,1.049897,1.054734,1.060338,1.066979,1.07017,1.075555,1.078436,1.086898,1.094201,1.095768,1.096265,1.092192,1.091821,1.097868,1.104113,1.099447,1.104176,1.107084,1.106005,1.108603,1.112407,1.11446,1.107793,1.119039,1.124255,1.129419,1.139221,1.149309,1.154511,1.156654,1.165788,1.166148,1.166944,1.163491,1.159068,1.162166,1.161716,1.166107,1.160956,1.158856,1.158217,1.15066,1.146684,1.142385,1.138961,1.138912,1.14647,1.153607,1.160418,1.161902,1.159441,1.155577,1.151871,1.144988,1.139322,1.137993,1.136975,1.131145,1.123987,1.110465,1.099704,1.08911,1.086517,1.081978,1.077164,1.070656,1.064751,1.060026,1.056531,1.041671,1.030404,1.018898,1.015496,1.013823,1.010824,1.008365,1.008394,1.002982,1.000929,1.000765,1.008228,1.016078,1.019973,1.022175,1.032757,1.038681,1.043009,1.046058,1.049752,1.051172,1.050197,1.04025,1.041361,1.046629,1.048232,1.043768,1.036137,1.030188,1.025861,1.021258,1.022993,1.027644,1.024077,1.023451,1.02735,1.026488,1.034442,1.032953,1.025773,1.02098,1.019415,1.017655,1.017828,1.020149,1.015632,1.011539,1.008838,1.009674,1.007531,1.003458,1.005291,1.007077,1.011879,1.013933,1.017382,1.020567,1.021143,1.020925,1.021115,1.023867,1.026255,1.025107,1.020291,1.017437,1.016401,1.010324,1.010555,1.007143,1.009887,1.010193,1.010278,1.013722,1.020145,1.025016,1.026541,1.025193,1.026289,1.036365,1.043275,1.044881,1.049433,1.052173,1.058212,1.059805,1.06338,1.065343,1.06751,1.066047,1.065445,1.066738,1.069362,1.070696,1.070065,1.067426,1.069158,1.067769,1.06884,1.069203,1.071146,1.067483,1.068095,1.069477,1.07037,1.060812,1.055207,1.050951,1.048131,1.045828,1.050421,1.055075,1.057095,1.057497,1.056201,1.056292,1.056898,1.056915,1.056186,1.062906,1.062828,1.070182,1.106629,1.111565,1.120103,1.126144,1.126234,1.13568,1.13922,1.135252,1.135513,1.137617,1.133926,1.135102,1.131947,1.13106,1.125376,1.112112,1.109506,1.102296,1.094462,1.088936,1.081618,1.070134,1.065698,1.061466,1.069662,1.068689,1.059418,1.049666,1.045471,1.043573,1.036655,1.032937,1.027866,1.025921,1.019777,1.014405,1.012591,1.008054,1.001857,0.992739,0.985576,0.982583,0.980506,0.978311,0.973616,0.968561,0.963491,0.958344,0.953997,0.954219,0.95078,0.946529,0.943882,0.940088,0.938276,0.938248,0.936639,0.935393,0.932076,0.93128,0.928429,0.924884,0.923027,0.91926,0.914829,0.911314,0.910664,0.9075,0.905936,0.904656,0.902585,0.900404,0.898329,0.895126,0.89106,0.891237,0.891895,0.889457,0.887394,0.884471,0.882531,0.880024,0.876108,0.871512,0.872949,0.870862,0.868192,0.866582,0.869641,0.868818,0.866102,0.865697,0.865972,0.864565,0.866301,0.867701,0.866588,0.865658,0.863634,0.862183,0.861759,0.859576,0.854808,0.851167,0.84984,0.850451,0.84519,0.842568,0.846616,0.848492,0.845767,0.848609,0.851864,0.853821,0.854064,0.855252,0.85722,0.855774,0.853794,0.854851,0.850838,0.845783,0.852314,0.854896,0.857449,0.859629,0.863454,0.866778,0.870094,0.873078,0.877623,0.879816,0.884023,0.890075,0.896373,0.901888,0.906088,0.906949,0.908468,0.907584,0.912978,0.920608,0.92712,0.928159,0.931237,0.930872,0.936542,0.937528,0.935681,0.9346,0.935417,0.938074,0.938396,0.944284,0.948277,0.952432,0.954443,0.957639,0.961323,0.964697,0.96548,0.970703,0.975578,0.980528,0.986711,0.990892,0.993254,0.99975,1.002581,1.008339,1.010808,1.016924,1.020729,1.026116,1.034962,1.049897,1.054734,1.060338,1.066979,1.07017,1.075555,1.078436,1.086898,1.094201,1.095768,1.096265,1.092192,1.091821,1.097868,1.104113,1.099447,1.104176,1.107084,1.106005,1.108603,1.112407,1.11446,1.107793,1.119039,1.124255,1.129419,1.139221,1.149309,1.154511,1.156654,1.165788,1.166148,1.166944,1.163491,1.159068,1.162166,1.161716,1.166107,1.160956,1.158856,1.158217,1.15066,1.146684,1.142385,1.138961,1.138912,1.14647,1.153607,1.160418,1.161902,1.159441,1.155577,1.151871,1.144988,1.139322,1.137993,1.136975,1.131145,1.123987,1.110465,1.099704,1.08911,1.086517,1.081978,1.077164,1.070656,1.064751,1.060026,1.056531,1.041671,1.030404,1.018898,1.015496,1.013823,1.010824,1.008365,1.008394,1.002982,1.000929,1.000765,1.008228,1.016078,1.019973,1.022175,1.032757,1.038681,1.043009,1.046058,1.049752,1.051172,1.050197,1.04025,1.041361,1.046629,1.048232,1.043768,1.036137,1.030188,1.025861,1.021258,1.022993,1.027644,1.024077,1.023451,1.02735,1.026488,1.034442,1.032953,1.025773,1.02098,1.019415,1.017655,1.017828,1.020149,1.015632,1.011539,1.008838,1.009674,1.007531,1.003458,1.005291,1.007077,1.011879,1.013933,1.017382,1.020567,1.021143,1.020925,1.021115,1.023867,1.026255,1.025107,1.020291,1.017437,1.016401,1.010324,1.010555,1.007143,1.009887,1.010193,1.010278,1.013722,1.020145,1.025016,1.026541,1.025193,1.026289,1.036365,1.043275,1.044881,1.049433,1.052173,1.058212,1.059805,1.06338,1.065343,1.06751,1.066047,1.065445,1.066738,1.069362,1.070696,1.070065,1.067426,1.069158,1.067769,1.06884,1.069203,1.071146,1.067483,1.068095,1.069477,1.07037,1.060812,1.055207,1.050951,1.048131,1.045828,1.050421,1.055075,1.057095,1.057497,1.056201,1.056292,1.056898,1.056915,1.056186,1.062906,1.062828,1.070182,1.106629,1.111565,1.120103,1.126144,1.126234,1.13568,1.13922,1.135252,1.135513,1.137617,1.133926,1.135102,1.131947,1.13106,1.125376,1.112112,1.109506,1.102296,1.094462,1.088936,1.081618,1.070134,1.065698,1.061466,1.069662,1.068689,1.059418,1.049666,1.045471,1.043573,1.036655,1.032937,1.027866,1.025921,1.019777,1.014405
CRW,Vietnam,0.848707,0.008417059999999999,0.842445,0.844149,0.842956,0.841157,0.839499,0.842116,0.844774,0.850902,0.857671,0.860828,0.860386,0.862291,0.86386,0.863957,0.864906,0.863827,0.865396,0.873521,0.881794,0.879399,0.87529,0.874915,0.870651,0.863317,0.854649,0.853206,0.855331,0.858207,0.86229,0.863048,0.861774,0.859477,0.854526,0.847036,0.846814,0.847328,0.845602,0.843387,0.848682,0.85842,0.86851,0.870678,0.872433,0.87072,0.87258,0.874333,0.87555,0.875752,0.876972,0.875606,0.873338,0.870487,0.867775,0.864825,0.860321,0.85337,0.850322,0.844733,0.840976,0.837232,0.833454,0.822682,0.813695,0.810149,0.816834,0.821546,0.823144,0.827214,0.833876,0.840159,0.844071,0.845081,0.843418,0.840936,0.838271,0.833478,0.83255,0.830914,0.826358,0.817788,0.813482,0.811112,0.808863,0.802191,0.801585,0.80527,0.812058,0.821825,0.828011,0.830473,0.833927,0.837711,0.842824,0.851371,0.854499,0.857389,0.861104,0.866633,0.871155,0.874204,0.876487,0.878727,0.880224,0.882777,0.885377,0.887212,0.890512,0.894055,0.8934,0.897332,0.899261,0.899631,0.898337,0.896432,0.896134,0.898936,0.903548,0.908456,0.910108,0.91125,0.913723,0.915394,0.909504,0.896712,0.891956,0.890142,0.892468,0.895412,0.898032,0.899625,0.893659,0.886771,0.897395,0.901366,0.904755,0.905131,0.900854,0.899279,0.904445,0.907296,0.909507,0.908905,0.917535,0.926706,0.931873,0.932007,0.93859,0.924749,0.919266,0.916342,0.914288,0.919262,0.921458,0.915612,0.909817,0.907224,0.911214,0.905582,0.903584,0.905185,0.919579,0.917316,0.918702,0.930208,0.93501,0.940495,0.941347,0.944573,0.946314,0.947865,0.947441,0.946543,0.945834,0.941105,0.942892,0.935179,0.935335,0.926235,0.907937,0.894336,0.885206,0.877018,0.869707,0.862183,0.855583,0.853473,0.846752,0.844158,0.838278,0.830403,0.824893,0.821619,0.824078,0.837589,0.843012,0.843774,0.849393,0.857658,0.860819,0.861766,0.863711,0.864611,0.868521,0.867965,0.865839,0.855902,0.847673,0.832528,0.826829,0.825883,0.825,0.822866,0.815356,0.8097,0.803762,0.799113,0.798533,0.794482,0.791561,0.793112,0.803649,0.806364,0.806238,0.803728,0.801141,0.797231,0.79545,0.795408,0.797361,0.798457,0.80336,0.800082,0.805187,0.8117,0.814916,0.809134,0.816628,0.823166,0.828537,0.828901,0.826339,0.82209,0.820993,0.822184,0.82354,0.819286,0.820453,0.812622,0.804028,0.800877,0.802786,0.801112,0.806988,0.811542,0.815787,0.822155,0.827673,0.827517,0.82924,0.838723,0.847651,0.852685,0.860783,0.871301,0.872904,0.873467,0.874789,0.870931,0.872056,0.872575,0.87264,0.871815,0.877197,0.880785,0.883866,0.884519,0.887843,0.888501,0.887916,0.888454,0.89246,0.898155,0.903456,0.923939,0.930548,0.937813,0.950502,0.961652,0.96826,0.967718,0.970655,0.970969,0.971853,0.970039,0.969307,0.96571,0.961271,0.959727,0.939826,0.933931,0.931311,0.926423,0.918221,0.912156,0.909272,0.910087,0.912144,0.917293,0.923536,0.931833,0.939374,0.941923,0.944465,0.95041,0.960765,0.963796,0.964927,0.965832,0.967139,0.971614,0.973553,0.975689,0.973577,0.96935,0.970044,0.973498,0.978711,0.989155,1.025322,1.023651,1.026254,1.028017,1.032391,1.037401,1.038163,1.034781,1.031969,1.028499,1.030685,1.024233,1.016993,1.006759,0.990156,0.948836,0.940306,0.929866,0.924217,0.916647,0.907093,0.903905,0.899452,0.892522,0.887852,0.881302,0.878071,0.874617,0.870778,0.86779,0.86038,0.858379,0.859259,0.854543,0.851099,0.848707,0.841706,0.842445,0.844149,0.842956,0.841157,0.839499,0.842116,0.844774,0.850902,0.857671,0.860828,0.860386,0.862291,0.86386,0.863957,0.864906,0.863827,0.865396,0.873521,0.881794,0.879399,0.87529,0.874915,0.870651,0.863317,0.854649,0.853206,0.855331,0.858207,0.86229,0.863048,0.861774,0.859477,0.854526,0.847036,0.846814,0.847328,0.845602,0.843387,0.848682,0.85842,0.86851,0.870678,0.872433,0.87072,0.87258,0.874333,0.87555,0.875752,0.876972,0.875606,0.873338,0.870487,0.867775,0.864825,0.860321,0.85337,0.850322,0.844733,0.840976,0.837232,0.833454,0.822682,0.813695,0.810149,0.816834,0.821546,0.823144,0.827214,0.833876,0.840159,0.844071,0.845081,0.843418,0.840936,0.838271,0.833478,0.83255,0.830914,0.826358,0.817788,0.813482,0.811112,0.808863,0.802191,0.801585,0.80527,0.812058,0.821825,0.828011,0.830473,0.833927,0.837711,0.842824,0.851371,0.854499,0.857389,0.861104,0.866633,0.871155,0.874204,0.876487,0.878727,0.880224,0.882777,0.885377,0.887212,0.890512,0.894055,0.8934,0.897332,0.899261,0.899631,0.898337,0.896432,0.896134,0.898936,0.903548,0.908456,0.910108,0.91125,0.913723,0.915394,0.909504,0.896712,0.891956,0.890142,0.892468,0.895412,0.898032,0.899625,0.893659,0.886771,0.897395,0.901366,0.904755,0.905131,0.900854,0.899279,0.904445,0.907296,0.909507,0.908905,0.917535,0.926706,0.931873,0.932007,0.93859,0.924749,0.919266,0.916342,0.914288,0.919262,0.921458,0.915612,0.909817,0.907224,0.911214,0.905582,0.903584,0.905185,0.919579,0.917316,0.918702,0.930208,0.93501,0.940495,0.941347,0.944573,0.946314,0.947865,0.947441,0.946543,0.945834,0.941105,0.942892,0.935179,0.935335,0.926235,0.907937,0.894336,0.885206,0.877018,0.869707,0.862183,0.855583,0.853473,0.846752,0.844158,0.838278,0.830403,0.824893,0.821619,0.824078,0.837589,0.843012,0.843774,0.849393,0.857658,0.860819,0.861766,0.863711,0.864611,0.868521,0.867965,0.865839,0.855902,0.847673,0.832528,0.826829,0.825883,0.825,0.822866,0.815356,0.8097,0.803762,0.799113,0.798533,0.794482,0.791561,0.793112,0.803649,0.806364,0.806238,0.803728,0.801141,0.797231,0.79545,0.795408,0.797361,0.798457,0.80336,0.800082,0.805187,0.8117,0.814916,0.809134,0.816628,0.823166,0.828537,0.828901,0.826339,0.82209,0.820993,0.822184,0.82354,0.819286,0.820453,0.812622,0.804028,0.800877,0.802786,0.801112,0.806988,0.811542,0.815787,0.822155,0.827673,0.827517,0.82924,0.838723,0.847651,0.852685,0.860783,0.871301,0.872904,0.873467,0.874789,0.870931,0.872056,0.872575,0.87264,0.871815,0.877197,0.880785,0.883866,0.884519,0.887843,0.888501,0.887916,0.888454,0.89246,0.898155,0.903456,0.923939,0.930548,0.937813,0.950502,0.961652,0.96826,0.967718,0.970655,0.970969,0.971853,0.970039,0.969307,0.96571,0.961271,0.959727,0.939826,0.933931,0.931311,0.926423,0.918221,0.912156,0.909272,0.910087,0.912144,0.917293,0.923536,0.931833,0.939374,0.941923,0.944465,0.95041,0.960765,0.963796,0.964927,0.965832,0.967139,0.971614,0.973553,0.975689,0.973577,0.96935,0.970044,0.973498,0.978711,0.989155,1.025322,1.023651,1.026254,1.028017,1.032391,1.037401,1.038163,1.034781,1.031969,1.028499,1.030685,1.024233,1.016993,1.006759,0.990156,0.948836,0.940306,0.929866,0.924217,0.916647,0.907093,0.903905,0.899452,0.892522,0.887852,0.881302,0.878071,0.874617,0.870778,0.86779,0.86038,0.858379,0.859259,0.854543,0.851099
CRW,Yemen,0.981415,0.00977928,0.977832,0.976121,0.97017,0.965363,0.963099,0.959511,0.95631,0.951286,0.949775,0.94409,0.941897,0.93942,0.936888,0.934013,0.930937,0.927092,0.924032,0.921766,0.917488,0.915278,0.913415,0.912214,0.908906,0.905478,0.901386,0.897472,0.893665,0.891664,0.891019,0.887912,0.886044,0.885401,0.885695,0.88515,0.884277,0.88329,0.882081,0.881997,0.882597,0.88269,0.883008,0.884711,0.885441,0.884523,0.884418,0.884246,0.884115,0.882576,0.880842,0.878699,0.875894,0.873922,0.871627,0.869539,0.868461,0.867523,0.866745,0.866093,0.86633,0.866323,0.865236,0.863614,0.862605,0.863291,0.864092,0.865046,0.866308,0.86789,0.868984,0.86772,0.867343,0.86691,0.865232,0.861981,0.861443,0.862661,0.86241,0.862108,0.862692,0.861812,0.861635,0.85957,0.857575,0.856126,0.859102,0.861252,0.861821,0.863048,0.866361,0.868568,0.869533,0.872596,0.87571,0.877439,0.880683,0.885126,0.889442,0.894721,0.898944,0.901527,0.904886,0.907868,0.912945,0.917917,0.921926,0.925771,0.928318,0.930711,0.931995,0.934908,0.935634,0.942726,0.947266,0.951793,0.955781,0.959024,0.961618,0.964897,0.966654,0.968273,0.969353,0.967347,0.970069,0.977111,0.980867,0.983206,0.980988,0.98507,0.988822,0.993708,0.996449,1.003149,1.009741,1.013742,1.016929,1.022128,1.027862,1.030104,1.033038,1.037744,1.044171,1.052589,1.054979,1.058029,1.064139,1.075148,1.080486,1.087255,1.096075,1.109769,1.125032,1.1366,1.145488,1.152381,1.161372,1.162053,1.164892,1.160681,1.15973,1.15724,1.161739,1.179009,1.183809,1.194453,1.198357,1.202654,1.212122,1.22297,1.234122,1.236469,1.252197,1.260224,1.278341,1.297343,1.318801,1.321064,1.305361,1.29933,1.293402,1.29263,1.290512,1.287826,1.289414,1.287312,1.287698,1.282455,1.276846,1.266215,1.257609,1.250972,1.254113,1.262234,1.263445,1.265744,1.255161,1.24792,1.227778,1.216444,1.216131,1.214096,1.213285,1.210656,1.204643,1.191824,1.173973,1.165908,1.174077,1.170321,1.175378,1.179243,1.183681,1.184791,1.179807,1.173206,1.171083,1.165989,1.162823,1.164806,1.165519,1.162909,1.158016,1.153219,1.147581,1.142156,1.124179,1.105485,1.096576,1.089678,1.083043,1.069499,1.058234,1.04817,1.039533,1.036982,1.035622,1.034276,1.025612,1.025702,1.023332,1.02696,1.029165,1.027914,1.026058,1.020643,1.016424,1.014057,1.017015,1.016972,1.01281,1.011105,1.007953,1.010799,1.013727,1.023702,1.025936,1.026188,1.026066,1.031057,1.043837,1.053413,1.065215,1.079652,1.100107,1.111561,1.120539,1.137195,1.147554,1.153454,1.157407,1.164512,1.169293,1.173277,1.174067,1.173181,1.177599,1.181156,1.182939,1.180904,1.185687,1.186213,1.183418,1.179433,1.180597,1.182862,1.183339,1.188063,1.198308,1.208761,1.213297,1.217003,1.215147,1.219669,1.215538,1.215079,1.224282,1.225086,1.233072,1.239236,1.240198,1.242006,1.237958,1.233011,1.23042,1.230055,1.228004,1.224618,1.221168,1.219641,1.217339,1.208868,1.210719,1.218579,1.224027,1.229846,1.224546,1.228395,1.226843,1.226296,1.227895,1.227068,1.24034,1.24237,1.248482,1.247996,1.252743,1.254172,1.245097,1.237073,1.229535,1.237296,1.243102,1.243748,1.23996,1.235065,1.225475,1.220616,1.208992,1.206861,1.207677,1.207303,1.195923,1.192745,1.186411,1.182485,1.168551,1.15444,1.147131,1.134955,1.126696,1.120737,1.104504,1.09462,1.080504,1.070222,1.054898,1.047937,1.033299,1.02302,1.008703,1.006059,0.999143,0.99158,0.986783,0.981415,0.977928,0.977832,0.976121,0.97017,0.965363,0.963099,0.959511,0.95631,0.951286,0.949775,0.94409,0.941897,0.93942,0.936888,0.934013,0.930937,0.927092,0.924032,0.921766,0.917488,0.915278,0.913415,0.912214,0.908906,0.905478,0.901386,0.897472,0.893665,0.891664,0.891019,0.887912,0.886044,0.885401,0.885695,0.88515,0.884277,0.88329,0.882081,0.881997,0.882597,0.88269,0.883008,0.884711,0.885441,0.884523,0.884418,0.884246,0.884115,0.882576,0.880842,0.878699,0.875894,0.873922,0.871627,0.869539,0.868461,0.867523,0.866745,0.866093,0.86633,0.866323,0.865236,0.863614,0.862605,0.863291,0.864092,0.865046,0.866308,0.86789,0.868984,0.86772,0.867343,0.86691,0.865232,0.861981,0.861443,0.862661,0.86241,0.862108,0.862692,0.861812,0.861635,0.85957,0.857575,0.856126,0.859102,0.861252,0.861821,0.863048,0.866361,0.868568,0.869533,0.872596,0.87571,0.877439,0.880683,0.885126,0.889442,0.894721,0.898944,0.901527,0.904886,0.907868,0.912945,0.917917,0.921926,0.925771,0.928318,0.930711,0.931995,0.934908,0.935634,0.942726,0.947266,0.951793,0.955781,0.959024,0.961618,0.964897,0.966654,0.968273,0.969353,0.967347,0.970069,0.977111,0.980867,0.983206,0.980988,0.98507,0.988822,0.993708,0.996449,1.003149,1.009741,1.013742,1.016929,1.022128,1.027862,1.030104,1.033038,1.037744,1.044171,1.052589,1.054979,1.058029,1.064139,1.075148,1.080486,1.087255,1.096075,1.109769,1.125032,1.1366,1.145488,1.152381,1.161372,1.162053,1.164892,1.160681,1.15973,1.15724,1.161739,1.179009,1.183809,1.194453,1.198357,1.202654,1.212122,1.22297,1.234122,1.236469,1.252197,1.260224,1.278341,1.297343,1.318801,1.321064,1.305361,1.29933,1.293402,1.29263,1.290512,1.287826,1.289414,1.287312,1.287698,1.282455,1.276846,1.266215,1.257609,1.250972,1.254113,1.262234,1.263445,1.265744,1.255161,1.24792,1.227778,1.216444,1.216131,1.214096,1.213285,1.210656,1.204643,1.191824,1.173973,1.165908,1.174077,1.170321,1.175378,1.179243,1.183681,1.184791,1.179807,1.173206,1.171083,1.165989,1.162823,1.164806,1.165519,1.162909,1.158016,1.153219,1.147581,1.142156,1.124179,1.105485,1.096576,1.089678,1.083043,1.069499,1.058234,1.04817,1.039533,1.036982,1.035622,1.034276,1.025612,1.025702,1.023332,1.02696,1.029165,1.027914,1.026058,1.020643,1.016424,1.014057,1.017015,1.016972,1.01281,1.011105,1.007953,1.010799,1.013727,1.023702,1.025936,1.026188,1.026066,1.031057,1.043837,1.053413,1.065215,1.079652,1.100107,1.111561,1.120539,1.137195,1.147554,1.153454,1.157407,1.164512,1.169293,1.173277,1.174067,1.173181,1.177599,1.181156,1.182939,1.180904,1.185687,1.186213,1.183418,1.179433,1.180597,1.182862,1.183339,1.188063,1.198308,1.208761,1.213297,1.217003,1.215147,1.219669,1.215538,1.215079,1.224282,1.225086,1.233072,1.239236,1.240198,1.242006,1.237958,1.233011,1.23042,1.230055,1.228004,1.224618,1.221168,1.219641,1.217339,1.208868,1.210719,1.218579,1.224027,1.229846,1.224546,1.228395,1.226843,1.226296,1.227895,1.227068,1.24034,1.24237,1.248482,1.247996,1.252743,1.254172,1.245097,1.237073,1.229535,1.237296,1.243102,1.243748,1.23996,1.235065,1.225475,1.220616,1.208992,1.206861,1.207677,1.207303,1.195923,1.192745,1.186411,1.182485,1.168551,1.15444,1.147131,1.134955,1.126696,1.120737,1.104504,1.09462,1.080504,1.070222,1.054898,1.047937,1.033299,1.02302,1.008703,1.006059,0.999143,0.99158,0.986783
CRW,Zambia,1.078829,0.010792790000000002,1.082932,1.085925,1.08454,1.076957,1.065959,1.061639,1.055855,1.046813,1.034836,1.030056,1.02727,1.02742,1.037195,1.046139,1.048775,1.055975,1.056324,1.059251,1.064537,1.081499,1.106809,1.122495,1.12651,1.154838,1.149671,1.155443,1.160314,1.162154,1.163928,1.177739,1.186686,1.204503,1.219981,1.222362,1.215132,1.21073,1.213315,1.212205,1.204977,1.20622,1.2077,1.208163,1.212541,1.210266,1.20328,1.20076,1.203807,1.200123,1.205777,1.221035,1.228939,1.232772,1.237681,1.244161,1.255776,1.258736,1.266163,1.267843,1.272391,1.274523,1.274434,1.271945,1.274225,1.281972,1.280712,1.278916,1.282858,1.282314,1.284212,1.275626,1.272845,1.268164,1.26377,1.270194,1.274048,1.282438,1.284669,1.283233,1.267955,1.262593,1.264939,1.259263,1.263035,1.272925,1.28186,1.293971,1.308258,1.311973,1.313076,1.32518,1.332648,1.335391,1.340866,1.346824,1.355255,1.358477,1.365554,1.369158,1.373665,1.382942,1.388194,1.378933,1.385594,1.388634,1.384365,1.379525,1.391457,1.386978,1.403274,1.412686,1.422936,1.426171,1.420935,1.422805,1.420821,1.413972,1.404082,1.401597,1.402775,1.399984,1.391203,1.378771,1.378925,1.364421,1.353195,1.3402,1.328351,1.320503,1.301854,1.285346,1.273634,1.277518,1.284043,1.275857,1.271451,1.26692,1.260394,1.25313,1.24329,1.232565,1.220543,1.21319,1.20804,1.203001,1.196093,1.195224,1.18109,1.161802,1.160931,1.156745,1.153277,1.149381,1.142668,1.133089,1.127642,1.121741,1.116397,1.106647,1.099013,1.088086,1.078665,1.078908,1.070528,1.055365,1.041802,1.034719,1.026382,1.022211,1.01698,1.008899,1.000136,0.998342,0.990189,0.979414,0.977955,0.974687,0.968033,0.961105,0.952994,0.947194,0.938315,0.932511,0.92541,0.922068,0.919921,0.919272,0.910131,0.90725,0.905418,0.899965,0.889458,0.876315,0.86704,0.864589,0.862775,0.860739,0.860304,0.859349,0.856099,0.852121,0.852207,0.850738,0.849502,0.848771,0.84712,0.845774,0.843021,0.840172,0.838068,0.837572,0.836351,0.83587,0.835123,0.83489,0.834571,0.832458,0.831387,0.830324,0.828931,0.828507,0.829144,0.831127,0.832492,0.833493,0.834017,0.8338,0.832768,0.832954,0.833379,0.834787,0.836497,0.837932,0.838936,0.840458,0.842518,0.841798,0.841212,0.84049,0.84096,0.841844,0.843076,0.84226,0.841194,0.840309,0.8388,0.837933,0.837686,0.837826,0.837283,0.836359,0.837717,0.837561,0.837109,0.836159,0.836216,0.835845,0.837621,0.840178,0.843951,0.848834,0.851735,0.855133,0.859253,0.861088,0.86195,0.862345,0.86383,0.865565,0.868123,0.869565,0.872475,0.874732,0.8755,0.876087,0.877197,0.881953,0.884509,0.885818,0.888485,0.891375,0.894412,0.897156,0.897799,0.898024,0.898892,0.896759,0.894944,0.895962,0.896365,0.89733,0.894645,0.89232,0.89168,0.892059,0.893676,0.894825,0.89541,0.897727,0.901865,0.905,0.9104,0.914828,0.916877,0.919893,0.923444,0.928241,0.932092,0.934136,0.936278,0.939552,0.943748,0.950113,0.955541,0.960554,0.968279,0.974804,0.981036,0.988316,0.993841,0.998473,1.005496,1.013931,1.021097,1.029582,1.037298,1.042564,1.048111,1.055581,1.058785,1.05889,1.064198,1.069385,1.072581,1.076333,1.07679,1.073773,1.068519,1.081124,1.091637,1.097212,1.100131,1.101845,1.106848,1.112953,1.114607,1.114766,1.11462,1.112605,1.113223,1.117143,1.116216,1.115213,1.110866,1.089026,1.078243,1.078916,1.080778,1.086106,1.09381,1.097038,1.093129,1.089309,1.085428,1.078829,1.079279,1.082932,1.085925,1.08454,1.076957,1.065959,1.061639,1.055855,1.046813,1.034836,1.030056,1.02727,1.02742,1.037195,1.046139,1.048775,1.055975,1.056324,1.059251,1.064537,1.081499,1.106809,1.122495,1.12651,1.154838,1.149671,1.155443,1.160314,1.162154,1.163928,1.177739,1.186686,1.204503,1.219981,1.222362,1.215132,1.21073,1.213315,1.212205,1.204977,1.20622,1.2077,1.208163,1.212541,1.210266,1.20328,1.20076,1.203807,1.200123,1.205777,1.221035,1.228939,1.232772,1.237681,1.244161,1.255776,1.258736,1.266163,1.267843,1.272391,1.274523,1.274434,1.271945,1.274225,1.281972,1.280712,1.278916,1.282858,1.282314,1.284212,1.275626,1.272845,1.268164,1.26377,1.270194,1.274048,1.282438,1.284669,1.283233,1.267955,1.262593,1.264939,1.259263,1.263035,1.272925,1.28186,1.293971,1.308258,1.311973,1.313076,1.32518,1.332648,1.335391,1.340866,1.346824,1.355255,1.358477,1.365554,1.369158,1.373665,1.382942,1.388194,1.378933,1.385594,1.388634,1.384365,1.379525,1.391457,1.386978,1.403274,1.412686,1.422936,1.426171,1.420935,1.422805,1.420821,1.413972,1.404082,1.401597,1.402775,1.399984,1.391203,1.378771,1.378925,1.364421,1.353195,1.3402,1.328351,1.320503,1.301854,1.285346,1.273634,1.277518,1.284043,1.275857,1.271451,1.26692,1.260394,1.25313,1.24329,1.232565,1.220543,1.21319,1.20804,1.203001,1.196093,1.195224,1.18109,1.161802,1.160931,1.156745,1.153277,1.149381,1.142668,1.133089,1.127642,1.121741,1.116397,1.106647,1.099013,1.088086,1.078665,1.078908,1.070528,1.055365,1.041802,1.034719,1.026382,1.022211,1.01698,1.008899,1.000136,0.998342,0.990189,0.979414,0.977955,0.974687,0.968033,0.961105,0.952994,0.947194,0.938315,0.932511,0.92541,0.922068,0.919921,0.919272,0.910131,0.90725,0.905418,0.899965,0.889458,0.876315,0.86704,0.864589,0.862775,0.860739,0.860304,0.859349,0.856099,0.852121,0.852207,0.850738,0.849502,0.848771,0.84712,0.845774,0.843021,0.840172,0.838068,0.837572,0.836351,0.83587,0.835123,0.83489,0.834571,0.832458,0.831387,0.830324,0.828931,0.828507,0.829144,0.831127,0.832492,0.833493,0.834017,0.8338,0.832768,0.832954,0.833379,0.834787,0.836497,0.837932,0.838936,0.840458,0.842518,0.841798,0.841212,0.84049,0.84096,0.841844,0.843076,0.84226,0.841194,0.840309,0.8388,0.837933,0.837686,0.837826,0.837283,0.836359,0.837717,0.837561,0.837109,0.836159,0.836216,0.835845,0.837621,0.840178,0.843951,0.848834,0.851735,0.855133,0.859253,0.861088,0.86195,0.862345,0.86383,0.865565,0.868123,0.869565,0.872475,0.874732,0.8755,0.876087,0.877197,0.881953,0.884509,0.885818,0.888485,0.891375,0.894412,0.897156,0.897799,0.898024,0.898892,0.896759,0.894944,0.895962,0.896365,0.89733,0.894645,0.89232,0.89168,0.892059,0.893676,0.894825,0.89541,0.897727,0.901865,0.905,0.9104,0.914828,0.916877,0.919893,0.923444,0.928241,0.932092,0.934136,0.936278,0.939552,0.943748,0.950113,0.955541,0.960554,0.968279,0.974804,0.981036,0.988316,0.993841,0.998473,1.005496,1.013931,1.021097,1.029582,1.037298,1.042564,1.048111,1.055581,1.058785,1.05889,1.064198,1.069385,1.072581,1.076333,1.07679,1.073773,1.068519,1.081124,1.091637,1.097212,1.100131,1.101845,1.106848,1.112953,1.114607,1.114766,1.11462,1.112605,1.113223,1.117143,1.116216,1.115213,1.110866,1.089026,1.078243,1.078916,1.080778,1.086106,1.09381,1.097038,1.093129,1.089309,1.085428
CRW,Zimbabwe,1.092653,0.010955700000000002,1.102697,1.110877,1.114789,1.11587,1.110415,1.099656,1.094137,1.087236,1.090216,1.090704,1.096757,1.09826,1.1057,1.109438,1.113177,1.115203,1.12388,1.132783,1.136465,1.150733,1.154406,1.15645,1.15822,1.149124,1.145126,1.138798,1.154095,1.156966,1.160423,1.161591,1.1595,1.16414,1.172174,1.175536,1.16987,1.171665,1.172018,1.176442,1.188043,1.195591,1.20698,1.193388,1.192745,1.186442,1.183495,1.185015,1.18971,1.211024,1.228429,1.237163,1.243249,1.251323,1.25306,1.254732,1.263852,1.265398,1.270378,1.276807,1.281044,1.28769,1.300682,1.300076,1.279976,1.261065,1.280536,1.279873,1.290452,1.29514,1.295011,1.290911,1.294099,1.289726,1.283938,1.300755,1.300727,1.308401,1.309002,1.318844,1.315293,1.304363,1.323182,1.316127,1.32226,1.338274,1.352928,1.359417,1.382071,1.399422,1.409411,1.418449,1.411523,1.409672,1.408947,1.412406,1.404135,1.393889,1.397353,1.409178,1.404759,1.406796,1.412138,1.395104,1.369423,1.369441,1.363959,1.3765,1.399588,1.402059,1.408061,1.429239,1.44518,1.466871,1.461135,1.45504,1.439854,1.418968,1.400944,1.396326,1.38591,1.380296,1.361934,1.334507,1.329082,1.331457,1.316355,1.294556,1.268341,1.25035,1.239047,1.235613,1.223412,1.226339,1.226864,1.230749,1.232863,1.237649,1.236227,1.211481,1.193902,1.183123,1.178619,1.166771,1.156576,1.152452,1.133418,1.124799,1.108587,1.097288,1.084585,1.077915,1.067003,1.059415,1.062934,1.054316,1.049839,1.04293,1.037794,1.039307,1.029277,1.026281,1.015743,1.01163,1.006345,1.00225,0.991775,0.984106,0.980339,0.976547,0.968786,0.983202,0.978159,0.970839,0.962268,0.954801,0.949456,0.947428,0.944168,0.940834,0.935824,0.930054,0.924689,0.921141,0.915721,0.914877,0.905614,0.901836,0.901386,0.89911,0.898436,0.894957,0.889878,0.881667,0.870569,0.85645,0.857047,0.856339,0.853946,0.851446,0.850372,0.850739,0.850325,0.850445,0.84953,0.849012,0.847978,0.84721,0.845204,0.84315,0.841397,0.841127,0.840062,0.839045,0.839195,0.839581,0.838851,0.838347,0.836918,0.835995,0.836794,0.838057,0.8388,0.841221,0.842931,0.8436,0.843499,0.843314,0.843049,0.843753,0.843954,0.844932,0.845288,0.845745,0.846416,0.847251,0.846885,0.847726,0.847698,0.84787,0.849246,0.851153,0.851062,0.851074,0.849724,0.848602,0.84722,0.846553,0.846275,0.846133,0.844978,0.844914,0.84375,0.843688,0.844196,0.843592,0.841835,0.84192,0.842936,0.846016,0.850074,0.852544,0.856168,0.860193,0.862666,0.864156,0.865283,0.867824,0.869157,0.870159,0.870843,0.871294,0.872718,0.873762,0.874358,0.874204,0.87791,0.88175,0.882039,0.881976,0.884154,0.886771,0.888093,0.888789,0.887134,0.885592,0.885168,0.883364,0.8823,0.882135,0.883282,0.882495,0.880056,0.879505,0.880753,0.881102,0.881491,0.881809,0.883282,0.886913,0.891732,0.894778,0.89949,0.901784,0.903669,0.904902,0.906523,0.908488,0.909573,0.911362,0.913266,0.915277,0.918096,0.92207,0.925176,0.929054,0.933109,0.939404,0.946324,0.95281,0.957693,0.963803,0.972239,0.980397,0.986342,0.991739,0.997269,1.001173,1.005172,1.010177,1.012266,1.015701,1.01779,1.019019,1.020087,1.022368,1.022904,1.019774,1.021232,1.022261,1.025381,1.03132,1.037516,1.040211,1.044225,1.058034,1.063655,1.067242,1.071034,1.076983,1.08263,1.084032,1.084655,1.081962,1.084239,1.086147,1.080669,1.083357,1.088552,1.089485,1.083487,1.086618,1.087456,1.090519,1.090902,1.092653,1.09557,1.102697,1.110877,1.114789,1.11587,1.110415,1.099656,1.094137,1.087236,1.090216,1.090704,1.096757,1.09826,1.1057,1.109438,1.113177,1.115203,1.12388,1.132783,1.136465,1.150733,1.154406,1.15645,1.15822,1.149124,1.145126,1.138798,1.154095,1.156966,1.160423,1.161591,1.1595,1.16414,1.172174,1.175536,1.16987,1.171665,1.172018,1.176442,1.188043,1.195591,1.20698,1.193388,1.192745,1.186442,1.183495,1.185015,1.18971,1.211024,1.228429,1.237163,1.243249,1.251323,1.25306,1.254732,1.263852,1.265398,1.270378,1.276807,1.281044,1.28769,1.300682,1.300076,1.279976,1.261065,1.280536,1.279873,1.290452,1.29514,1.295011,1.290911,1.294099,1.289726,1.283938,1.300755,1.300727,1.308401,1.309002,1.318844,1.315293,1.304363,1.323182,1.316127,1.32226,1.338274,1.352928,1.359417,1.382071,1.399422,1.409411,1.418449,1.411523,1.409672,1.408947,1.412406,1.404135,1.393889,1.397353,1.409178,1.404759,1.406796,1.412138,1.395104,1.369423,1.369441,1.363959,1.3765,1.399588,1.402059,1.408061,1.429239,1.44518,1.466871,1.461135,1.45504,1.439854,1.418968,1.400944,1.396326,1.38591,1.380296,1.361934,1.334507,1.329082,1.331457,1.316355,1.294556,1.268341,1.25035,1.239047,1.235613,1.223412,1.226339,1.226864,1.230749,1.232863,1.237649,1.236227,1.211481,1.193902,1.183123,1.178619,1.166771,1.156576,1.152452,1.133418,1.124799,1.108587,1.097288,1.084585,1.077915,1.067003,1.059415,1.062934,1.054316,1.049839,1.04293,1.037794,1.039307,1.029277,1.026281,1.015743,1.01163,1.006345,1.00225,0.991775,0.984106,0.980339,0.976547,0.968786,0.983202,0.978159,0.970839,0.962268,0.954801,0.949456,0.947428,0.944168,0.940834,0.935824,0.930054,0.924689,0.921141,0.915721,0.914877,0.905614,0.901836,0.901386,0.89911,0.898436,0.894957,0.889878,0.881667,0.870569,0.85645,0.857047,0.856339,0.853946,0.851446,0.850372,0.850739,0.850325,0.850445,0.84953,0.849012,0.847978,0.84721,0.845204,0.84315,0.841397,0.841127,0.840062,0.839045,0.839195,0.839581,0.838851,0.838347,0.836918,0.835995,0.836794,0.838057,0.8388,0.841221,0.842931,0.8436,0.843499,0.843314,0.843049,0.843753,0.843954,0.844932,0.845288,0.845745,0.846416,0.847251,0.846885,0.847726,0.847698,0.84787,0.849246,0.851153,0.851062,0.851074,0.849724,0.848602,0.84722,0.846553,0.846275,0.846133,0.844978,0.844914,0.84375,0.843688,0.844196,0.843592,0.841835,0.84192,0.842936,0.846016,0.850074,0.852544,0.856168,0.860193,0.862666,0.864156,0.865283,0.867824,0.869157,0.870159,0.870843,0.871294,0.872718,0.873762,0.874358,0.874204,0.87791,0.88175,0.882039,0.881976,0.884154,0.886771,0.888093,0.888789,0.887134,0.885592,0.885168,0.883364,0.8823,0.882135,0.883282,0.882495,0.880056,0.879505,0.880753,0.881102,0.881491,0.881809,0.883282,0.886913,0.891732,0.894778,0.89949,0.901784,0.903669,0.904902,0.906523,0.908488,0.909573,0.911362,0.913266,0.915277,0.918096,0.92207,0.925176,0.929054,0.933109,0.939404,0.946324,0.95281,0.957693,0.963803,0.972239,0.980397,0.986342,0.991739,0.997269,1.001173,1.005172,1.010177,1.012266,1.015701,1.01779,1.019019,1.020087,1.022368,1.022904,1.019774,1.021232,1.022261,1.025381,1.03132,1.037516,1.040211,1.044225,1.058034,1.063655,1.067242,1.071034,1.076983,1.08263,1.084032,1.084655,1.081962,1.084239,1.086147,1.080669,1.083357,1.088552,1.089485,1.083487,1.086618,1.087456,1.090519,1.090902
MeanObesity,,19.68315217,,,,,,,,,,,,,,,,,,,,,,,,,,,,,,,,,,,,,,,,,,,,,,,,,,,,,,,,,,,,,,,,,,,,,,,,,,,,,,,,,,,,,,,,,,,,,,,,,,,,,,,,,,,,,,,,,,,,,,,,,,,,,,,,,,,,,,,,,,,,,,,,,,,,,,,,,,,,,,,,,,,,,,,,,,,,,,,,,,,,,,,,,,,,,,,,,,,,,,,,,,,,,,,,,,,,,,,,,,,,,,,,,,,,,,,,,,,,,,,,,,,,,,,,,,,,,,,,,,,,,,,,,,,,,,,,,,,,,,,,,,,,,,,,,,,,,,,,,,,,,,,,,,,,,,,,,,,,,,,,,,,,,,,,,,,,,,,,,,,,,,,,,,,,,,,,,,,,,,,,,,,,,,,,,,,,,,,,,,,,,,,,,,,,,,,,,,,,,,,,,,,,,,,,,,,,,,,,,,,,,,,,,,,,,,,,,,,,,,,,,,,,,,,,,,,,,,,,,,,,,,,,,,,,,,,,,,,,,,,,,,,,,,,,,,,,,,,,,,,,,,,,,,,,,,,,,,,,,,,,,,,,,,,,,,,,,,,,,,,,,,,,,,,,,,,,,,,,,,,,,,,,,,,,,,,,,,,,,,,,,,,,,,,,,,,,,,,,,,,,,,,,,,,,,,,,,,,,,,,,,,,,,,,,,,,,,,,,,,,,,,,,,,,,,,,,,,,,,,,,,,,,,,,,,,,,,,,,,,,,,,,,,,,,,,,,,,,,,,,,,,,,,,,,,,,,,,,,,,,,,,,,,,,,,
MeanChronic,,18.79,,,,,,,,,,,,,,,,,,,,,,,,,,,,,,,,,,,,,,,,,,,,,,,,,,,,,,,,,,,,,,,,,,,,,,,,,,,,,,,,,,,,,,,,,,,,,,,,,,,,,,,,,,,,,,,,,,,,,,,,,,,,,,,,,,,,,,,,,,,,,,,,,,,,,,,,,,,,,,,,,,,,,,,,,,,,,,,,,,,,,,,,,,,,,,,,,,,,,,,,,,,,,,,,,,,,,,,,,,,,,,,,,,,,,,,,,,,,,,,,,,,,,,,,,,,,,,,,,,,,,,,,,,,,,,,,,,,,,,,,,,,,,,,,,,,,,,,,,,,,,,,,,,,,,,,,,,,,,,,,,,,,,,,,,,,,,,,,,,,,,,,,,,,,,,,,,,,,,,,,,,,,,,,,,,,,,,,,,,,,,,,,,,,,,,,,,,,,,,,,,,,,,,,,,,,,,,,,,,,,,,,,,,,,,,,,,,,,,,,,,,,,,,,,,,,,,,,,,,,,,,,,,,,,,,,,,,,,,,,,,,,,,,,,,,,,,,,,,,,,,,,,,,,,,,,,,,,,,,,,,,,,,,,,,,,,,,,,,,,,,,,,,,,,,,,,,,,,,,,,,,,,,,,,,,,,,,,,,,,,,,,,,,,,,,,,,,,,,,,,,,,,,,,,,,,,,,,,,,,,,,,,,,,,,,,,,,,,,,,,,,,,,,,,,,,,,,,,,,,,,,,,,,,,,,,,,,,,,,,,,,,,,,,,,,,,,,,,,,,,,,,,,,,,,,,,,,,,,,,,,,,,,,,,,
MeanLiver,,27.14694444,,,,,,,,,,,,,,,,,,,,,,,,,,,,,,,,,,,,,,,,,,,,,,,,,,,,,,,,,,,,,,,,,,,,,,,,,,,,,,,,,,,,,,,,,,,,,,,,,,,,,,,,,,,,,,,,,,,,,,,,,,,,,,,,,,,,,,,,,,,,,,,,,,,,,,,,,,,,,,,,,,,,,,,,,,,,,,,,,,,,,,,,,,,,,,,,,,,,,,,,,,,,,,,,,,,,,,,,,,,,,,,,,,,,,,,,,,,,,,,,,,,,,,,,,,,,,,,,,,,,,,,,,,,,,,,,,,,,,,,,,,,,,,,,,,,,,,,,,,,,,,,,,,,,,,,,,,,,,,,,,,,,,,,,,,,,,,,,,,,,,,,,,,,,,,,,,,,,,,,,,,,,,,,,,,,,,,,,,,,,,,,,,,,,,,,,,,,,,,,,,,,,,,,,,,,,,,,,,,,,,,,,,,,,,,,,,,,,,,,,,,,,,,,,,,,,,,,,,,,,,,,,,,,,,,,,,,,,,,,,,,,,,,,,,,,,,,,,,,,,,,,,,,,,,,,,,,,,,,,,,,,,,,,,,,,,,,,,,,,,,,,,,,,,,,,,,,,,,,,,,,,,,,,,,,,,,,,,,,,,,,,,,,,,,,,,,,,,,,,,,,,,,,,,,,,,,,,,,,,,,,,,,,,,,,,,,,,,,,,,,,,,,,,,,,,,,,,,,,,,,,,,,,,,,,,,,,,,,,,,,,,,,,,,,,,,,,,,,,,,,,,,,,,,,,,,,,,,,,,,,,,,,,,,,
